Reading,DateTime,Temp,Intensity,Site
146,2021-04-16T00:01:07Z,5.654999999999999,0,Metinic
147,2021-04-16T00:06:07Z,5.654999999999999,0,Metinic
148,2021-04-16T00:11:07Z,5.654999999999999,0,Metinic
149,2021-04-16T00:16:07Z,5.654999999999999,0,Metinic
150,2021-04-16T00:21:07Z,5.654999999999999,0,Metinic
151,2021-04-16T00:26:07Z,5.654999999999999,0,Metinic
152,2021-04-16T00:31:07Z,5.654999999999999,0,Metinic
153,2021-04-16T00:36:07Z,5.552,0,Metinic
154,2021-04-16T00:41:07Z,5.654999999999999,0,Metinic
155,2021-04-16T00:46:07Z,5.552,0,Metinic
156,2021-04-16T00:51:07Z,5.552,0,Metinic
157,2021-04-16T00:56:07Z,5.552,0,Metinic
158,2021-04-16T01:01:07Z,5.552,0,Metinic
159,2021-04-16T01:06:07Z,5.552,0,Metinic
160,2021-04-16T01:11:07Z,5.552,0,Metinic
161,2021-04-16T01:16:07Z,5.552,0,Metinic
162,2021-04-16T01:21:07Z,5.552,0,Metinic
163,2021-04-16T01:26:07Z,5.552,0,Metinic
164,2021-04-16T01:31:07Z,5.552,0,Metinic
165,2021-04-16T01:36:07Z,5.552,0,Metinic
166,2021-04-16T01:41:07Z,5.552,0,Metinic
167,2021-04-16T01:46:07Z,5.552,0,Metinic
168,2021-04-16T01:51:07Z,5.552,0,Metinic
169,2021-04-16T01:56:07Z,5.552,0,Metinic
170,2021-04-16T02:01:07Z,5.552,0,Metinic
171,2021-04-16T02:06:07Z,5.552,0,Metinic
172,2021-04-16T02:11:07Z,5.552,0,Metinic
173,2021-04-16T02:16:07Z,5.552,0,Metinic
174,2021-04-16T02:21:07Z,5.552,0,Metinic
175,2021-04-16T02:26:07Z,5.552,0,Metinic
176,2021-04-16T02:31:07Z,5.552,0,Metinic
177,2021-04-16T02:36:07Z,5.552,0,Metinic
178,2021-04-16T02:41:07Z,5.552,0,Metinic
179,2021-04-16T02:46:07Z,5.552,0,Metinic
180,2021-04-16T02:51:07Z,5.552,0,Metinic
181,2021-04-16T02:56:07Z,5.552,0,Metinic
182,2021-04-16T03:01:07Z,5.552,0,Metinic
183,2021-04-16T03:06:07Z,5.552,0,Metinic
184,2021-04-16T03:11:07Z,5.552,0,Metinic
185,2021-04-16T03:16:07Z,5.552,0,Metinic
186,2021-04-16T03:21:07Z,5.552,0,Metinic
187,2021-04-16T03:26:07Z,5.654999999999999,0,Metinic
188,2021-04-16T03:31:07Z,5.552,0,Metinic
189,2021-04-16T03:36:07Z,5.552,0,Metinic
190,2021-04-16T03:41:07Z,5.552,0,Metinic
191,2021-04-16T03:46:07Z,5.552,0,Metinic
192,2021-04-16T03:51:07Z,5.552,0,Metinic
193,2021-04-16T03:56:07Z,5.552,0,Metinic
194,2021-04-16T04:01:07Z,5.552,0,Metinic
195,2021-04-16T04:06:07Z,5.552,0,Metinic
196,2021-04-16T04:11:07Z,5.552,0,Metinic
197,2021-04-16T04:16:07Z,5.552,0,Metinic
198,2021-04-16T04:21:07Z,5.552,0,Metinic
199,2021-04-16T04:26:07Z,5.552,0,Metinic
200,2021-04-16T04:31:07Z,5.552,0,Metinic
201,2021-04-16T04:36:07Z,5.552,0,Metinic
202,2021-04-16T04:41:07Z,5.552,0,Metinic
203,2021-04-16T04:46:07Z,5.552,0,Metinic
204,2021-04-16T04:51:07Z,5.552,0,Metinic
205,2021-04-16T04:56:07Z,5.552,0,Metinic
206,2021-04-16T05:01:07Z,5.552,0,Metinic
207,2021-04-16T05:06:07Z,5.552,0,Metinic
208,2021-04-16T05:11:07Z,5.552,0,Metinic
209,2021-04-16T05:16:07Z,5.552,0,Metinic
210,2021-04-16T05:21:07Z,5.552,0,Metinic
211,2021-04-16T05:26:07Z,5.654999999999999,0,Metinic
212,2021-04-16T05:31:07Z,5.654999999999999,0,Metinic
213,2021-04-16T05:36:07Z,5.654999999999999,0,Metinic
214,2021-04-16T05:41:07Z,5.654999999999999,0,Metinic
215,2021-04-16T05:46:07Z,5.654999999999999,0,Metinic
216,2021-04-16T05:51:07Z,5.654999999999999,0,Metinic
217,2021-04-16T05:56:07Z,5.654999999999999,0,Metinic
218,2021-04-16T06:01:07Z,5.654999999999999,0,Metinic
219,2021-04-16T06:06:07Z,5.552,0,Metinic
220,2021-04-16T06:11:07Z,5.552,0,Metinic
221,2021-04-16T06:16:07Z,5.654999999999999,0,Metinic
222,2021-04-16T06:21:07Z,5.757,0,Metinic
223,2021-04-16T06:26:07Z,5.757,0,Metinic
224,2021-04-16T06:31:07Z,5.757,0,Metinic
225,2021-04-16T06:36:07Z,5.757,0,Metinic
226,2021-04-16T06:41:07Z,5.757,0,Metinic
227,2021-04-16T06:46:07Z,5.757,0,Metinic
228,2021-04-16T06:51:07Z,5.757,0,Metinic
229,2021-04-16T06:56:07Z,5.757,0,Metinic
230,2021-04-16T07:01:07Z,5.757,0,Metinic
231,2021-04-16T07:06:07Z,5.757,0,Metinic
232,2021-04-16T07:11:07Z,5.757,0,Metinic
233,2021-04-16T07:16:07Z,5.757,0,Metinic
234,2021-04-16T07:21:07Z,5.757,0,Metinic
235,2021-04-16T07:26:07Z,5.757,0,Metinic
236,2021-04-16T07:31:07Z,5.757,0,Metinic
237,2021-04-16T07:36:07Z,5.757,0,Metinic
238,2021-04-16T07:41:07Z,5.757,0,Metinic
239,2021-04-16T07:46:07Z,5.757,0,Metinic
240,2021-04-16T07:51:07Z,5.757,0,Metinic
241,2021-04-16T07:56:07Z,5.757,0,Metinic
242,2021-04-16T08:01:07Z,5.859999999999999,0,Metinic
243,2021-04-16T08:06:07Z,5.859999999999999,0,Metinic
244,2021-04-16T08:11:07Z,5.757,0,Metinic
245,2021-04-16T08:16:07Z,5.757,0,Metinic
246,2021-04-16T08:21:07Z,5.757,0,Metinic
247,2021-04-16T08:26:07Z,5.757,0,Metinic
248,2021-04-16T08:31:07Z,5.757,0,Metinic
249,2021-04-16T08:36:07Z,5.757,0,Metinic
250,2021-04-16T08:41:07Z,5.654999999999999,0,Metinic
251,2021-04-16T08:46:07Z,5.654999999999999,0,Metinic
252,2021-04-16T08:51:07Z,5.654999999999999,0,Metinic
253,2021-04-16T08:56:07Z,5.654999999999999,0,Metinic
254,2021-04-16T09:01:07Z,5.757,0,Metinic
255,2021-04-16T09:06:07Z,5.654999999999999,0,Metinic
256,2021-04-16T09:11:07Z,5.757,0,Metinic
257,2021-04-16T09:16:07Z,5.757,0,Metinic
258,2021-04-16T09:21:07Z,5.757,0,Metinic
259,2021-04-16T09:26:07Z,5.757,0,Metinic
260,2021-04-16T09:31:07Z,5.757,0,Metinic
261,2021-04-16T09:36:07Z,5.962,0,Metinic
262,2021-04-16T09:41:07Z,6.063999999999999,0,Metinic
263,2021-04-16T09:46:07Z,5.859999999999999,0,Metinic
264,2021-04-16T09:51:07Z,6.063999999999999,0,Metinic
265,2021-04-16T09:56:07Z,6.1659999999999995,0,Metinic
266,2021-04-16T10:01:07Z,6.1659999999999995,0,Metinic
267,2021-04-16T10:06:07Z,6.268,0,Metinic
268,2021-04-16T10:11:07Z,6.268,1,Metinic
269,2021-04-16T10:16:07Z,6.268,0,Metinic
270,2021-04-16T10:21:07Z,6.1659999999999995,0,Metinic
271,2021-04-16T10:26:07Z,6.1659999999999995,2,Metinic
272,2021-04-16T10:31:07Z,6.268,1,Metinic
273,2021-04-16T10:36:07Z,6.268,3,Metinic
274,2021-04-16T10:41:07Z,6.268,0,Metinic
275,2021-04-16T10:46:07Z,6.268,3,Metinic
276,2021-04-16T10:51:07Z,6.268,0,Metinic
277,2021-04-16T10:56:07Z,6.1659999999999995,0,Metinic
278,2021-04-16T11:01:07Z,6.268,2,Metinic
279,2021-04-16T11:06:07Z,6.268,3,Metinic
280,2021-04-16T11:11:07Z,6.1659999999999995,0,Metinic
281,2021-04-16T11:16:07Z,6.1659999999999995,0,Metinic
282,2021-04-16T11:21:07Z,6.1659999999999995,0,Metinic
283,2021-04-16T11:26:07Z,6.063999999999999,4,Metinic
284,2021-04-16T11:31:07Z,6.1659999999999995,0,Metinic
285,2021-04-16T11:36:07Z,6.1659999999999995,7,Metinic
286,2021-04-16T11:41:07Z,6.1659999999999995,5,Metinic
287,2021-04-16T11:46:07Z,6.1659999999999995,1,Metinic
288,2021-04-16T11:51:07Z,6.1659999999999995,0,Metinic
289,2021-04-16T11:56:07Z,6.1659999999999995,1,Metinic
290,2021-04-16T12:01:07Z,6.1659999999999995,0,Metinic
291,2021-04-16T12:06:07Z,6.1659999999999995,1,Metinic
292,2021-04-16T12:11:07Z,6.1659999999999995,1,Metinic
293,2021-04-16T12:16:07Z,6.1659999999999995,10,Metinic
294,2021-04-16T12:21:07Z,6.063999999999999,8,Metinic
295,2021-04-16T12:26:07Z,6.063999999999999,1,Metinic
296,2021-04-16T12:31:07Z,6.063999999999999,0,Metinic
297,2021-04-16T12:36:07Z,5.962,0,Metinic
298,2021-04-16T12:41:07Z,5.962,7,Metinic
299,2021-04-16T12:46:07Z,5.962,0,Metinic
300,2021-04-16T12:51:07Z,5.962,7,Metinic
301,2021-04-16T12:56:07Z,6.063999999999999,7,Metinic
302,2021-04-16T13:01:07Z,6.063999999999999,4,Metinic
303,2021-04-16T13:06:07Z,6.063999999999999,2,Metinic
304,2021-04-16T13:11:07Z,6.063999999999999,11,Metinic
305,2021-04-16T13:16:07Z,6.063999999999999,1,Metinic
306,2021-04-16T13:21:07Z,6.063999999999999,0,Metinic
307,2021-04-16T13:26:07Z,6.063999999999999,0,Metinic
308,2021-04-16T13:31:07Z,6.063999999999999,0,Metinic
309,2021-04-16T13:36:07Z,6.063999999999999,0,Metinic
310,2021-04-16T13:41:07Z,6.063999999999999,0,Metinic
311,2021-04-16T13:46:07Z,6.063999999999999,3,Metinic
312,2021-04-16T13:51:07Z,6.063999999999999,1,Metinic
313,2021-04-16T13:56:07Z,6.063999999999999,3,Metinic
314,2021-04-16T14:01:07Z,6.063999999999999,2,Metinic
315,2021-04-16T14:06:07Z,6.063999999999999,4,Metinic
316,2021-04-16T14:11:07Z,6.063999999999999,0,Metinic
317,2021-04-16T14:16:07Z,5.962,2,Metinic
318,2021-04-16T14:21:07Z,6.063999999999999,7,Metinic
319,2021-04-16T14:26:07Z,5.962,0,Metinic
320,2021-04-16T14:31:07Z,5.962,6,Metinic
321,2021-04-16T14:36:07Z,5.962,0,Metinic
322,2021-04-16T14:41:07Z,5.962,1,Metinic
323,2021-04-16T14:46:07Z,5.962,8,Metinic
324,2021-04-16T14:51:07Z,5.962,0,Metinic
325,2021-04-16T14:56:07Z,5.962,2,Metinic
326,2021-04-16T15:01:07Z,5.962,14,Metinic
327,2021-04-16T15:06:07Z,5.962,0,Metinic
328,2021-04-16T15:11:07Z,5.962,0,Metinic
329,2021-04-16T15:16:07Z,5.962,0,Metinic
330,2021-04-16T15:21:07Z,5.962,6,Metinic
331,2021-04-16T15:26:07Z,5.962,2,Metinic
332,2021-04-16T15:31:07Z,5.962,2,Metinic
333,2021-04-16T15:36:07Z,5.859999999999999,6,Metinic
334,2021-04-16T15:41:07Z,5.859999999999999,11,Metinic
335,2021-04-16T15:46:07Z,5.859999999999999,0,Metinic
336,2021-04-16T15:51:07Z,5.859999999999999,3,Metinic
337,2021-04-16T15:56:07Z,5.859999999999999,0,Metinic
338,2021-04-16T16:01:07Z,5.859999999999999,0,Metinic
339,2021-04-16T16:06:07Z,5.859999999999999,1,Metinic
340,2021-04-16T16:11:07Z,5.859999999999999,0,Metinic
341,2021-04-16T16:16:07Z,5.859999999999999,0,Metinic
342,2021-04-16T16:21:07Z,5.859999999999999,0,Metinic
343,2021-04-16T16:26:07Z,5.859999999999999,0,Metinic
344,2021-04-16T16:31:07Z,5.859999999999999,0,Metinic
345,2021-04-16T16:36:07Z,5.859999999999999,0,Metinic
346,2021-04-16T16:41:07Z,5.859999999999999,0,Metinic
347,2021-04-16T16:46:07Z,5.859999999999999,0,Metinic
348,2021-04-16T16:51:07Z,5.859999999999999,0,Metinic
349,2021-04-16T16:56:07Z,5.757,0,Metinic
350,2021-04-16T17:01:07Z,5.757,0,Metinic
351,2021-04-16T17:06:07Z,5.757,0,Metinic
352,2021-04-16T17:11:07Z,5.757,0,Metinic
353,2021-04-16T17:16:07Z,5.757,0,Metinic
354,2021-04-16T17:21:07Z,5.757,0,Metinic
355,2021-04-16T17:26:07Z,5.757,0,Metinic
356,2021-04-16T17:31:07Z,5.757,0,Metinic
357,2021-04-16T17:36:07Z,5.757,0,Metinic
358,2021-04-16T17:41:07Z,5.757,0,Metinic
359,2021-04-16T17:46:07Z,5.757,0,Metinic
360,2021-04-16T17:51:07Z,5.757,1,Metinic
361,2021-04-16T17:56:07Z,5.757,1,Metinic
362,2021-04-16T18:01:07Z,5.757,0,Metinic
363,2021-04-16T18:06:07Z,5.757,0,Metinic
364,2021-04-16T18:11:07Z,5.757,0,Metinic
365,2021-04-16T18:16:07Z,5.757,0,Metinic
366,2021-04-16T18:21:07Z,5.757,0,Metinic
367,2021-04-16T18:26:07Z,5.757,0,Metinic
368,2021-04-16T18:31:07Z,5.757,0,Metinic
369,2021-04-16T18:36:07Z,5.757,1,Metinic
370,2021-04-16T18:41:07Z,5.757,1,Metinic
371,2021-04-16T18:46:07Z,5.757,0,Metinic
372,2021-04-16T18:51:07Z,5.757,0,Metinic
373,2021-04-16T18:56:07Z,5.757,0,Metinic
374,2021-04-16T19:01:07Z,5.757,0,Metinic
375,2021-04-16T19:06:07Z,5.757,0,Metinic
376,2021-04-16T19:11:07Z,5.757,0,Metinic
377,2021-04-16T19:16:07Z,5.757,0,Metinic
378,2021-04-16T19:21:07Z,5.757,0,Metinic
379,2021-04-16T19:26:07Z,5.757,0,Metinic
380,2021-04-16T19:31:07Z,5.757,0,Metinic
381,2021-04-16T19:36:07Z,5.757,0,Metinic
382,2021-04-16T19:41:07Z,5.654999999999999,0,Metinic
383,2021-04-16T19:46:07Z,5.757,0,Metinic
384,2021-04-16T19:51:07Z,5.757,0,Metinic
385,2021-04-16T19:56:07Z,5.757,0,Metinic
386,2021-04-16T20:01:07Z,5.757,0,Metinic
387,2021-04-16T20:06:07Z,5.757,0,Metinic
388,2021-04-16T20:11:07Z,5.757,0,Metinic
389,2021-04-16T20:16:07Z,5.654999999999999,0,Metinic
390,2021-04-16T20:21:07Z,5.757,0,Metinic
391,2021-04-16T20:26:07Z,5.757,0,Metinic
392,2021-04-16T20:31:07Z,5.654999999999999,0,Metinic
393,2021-04-16T20:36:07Z,5.757,0,Metinic
394,2021-04-16T20:41:07Z,5.757,0,Metinic
395,2021-04-16T20:46:07Z,5.757,0,Metinic
396,2021-04-16T20:51:07Z,5.757,0,Metinic
397,2021-04-16T20:56:07Z,5.757,0,Metinic
398,2021-04-16T21:01:07Z,5.757,0,Metinic
399,2021-04-16T21:06:07Z,5.757,0,Metinic
400,2021-04-16T21:11:07Z,5.757,0,Metinic
401,2021-04-16T21:16:07Z,5.757,0,Metinic
402,2021-04-16T21:21:07Z,5.654999999999999,0,Metinic
403,2021-04-16T21:26:07Z,5.757,0,Metinic
404,2021-04-16T21:31:07Z,5.654999999999999,0,Metinic
405,2021-04-16T21:36:07Z,5.654999999999999,0,Metinic
406,2021-04-16T21:41:07Z,5.654999999999999,0,Metinic
407,2021-04-16T21:46:07Z,5.654999999999999,0,Metinic
408,2021-04-16T21:51:07Z,5.654999999999999,0,Metinic
409,2021-04-16T21:56:07Z,5.654999999999999,0,Metinic
410,2021-04-16T22:01:07Z,5.654999999999999,0,Metinic
411,2021-04-16T22:06:07Z,5.654999999999999,0,Metinic
412,2021-04-16T22:11:07Z,5.654999999999999,0,Metinic
413,2021-04-16T22:16:07Z,5.654999999999999,0,Metinic
414,2021-04-16T22:21:07Z,5.654999999999999,0,Metinic
415,2021-04-16T22:26:07Z,5.654999999999999,0,Metinic
416,2021-04-16T22:31:07Z,5.654999999999999,0,Metinic
417,2021-04-16T22:36:07Z,5.654999999999999,0,Metinic
418,2021-04-16T22:41:07Z,5.654999999999999,0,Metinic
419,2021-04-16T22:46:07Z,5.654999999999999,0,Metinic
420,2021-04-16T22:51:07Z,5.654999999999999,0,Metinic
421,2021-04-16T22:56:07Z,5.654999999999999,0,Metinic
422,2021-04-16T23:01:07Z,5.654999999999999,0,Metinic
423,2021-04-16T23:06:07Z,5.654999999999999,0,Metinic
424,2021-04-16T23:11:07Z,5.654999999999999,0,Metinic
425,2021-04-16T23:16:07Z,5.654999999999999,0,Metinic
426,2021-04-16T23:21:07Z,5.654999999999999,0,Metinic
427,2021-04-16T23:26:07Z,5.654999999999999,0,Metinic
428,2021-04-16T23:31:07Z,5.654999999999999,0,Metinic
429,2021-04-16T23:36:07Z,5.654999999999999,0,Metinic
430,2021-04-16T23:41:07Z,5.654999999999999,0,Metinic
431,2021-04-16T23:46:07Z,5.654999999999999,0,Metinic
432,2021-04-16T23:51:07Z,5.654999999999999,0,Metinic
433,2021-04-16T23:56:07Z,5.654999999999999,0,Metinic
434,2021-04-17T00:01:07Z,5.654999999999999,0,Metinic
435,2021-04-17T00:06:07Z,5.654999999999999,0,Metinic
436,2021-04-17T00:11:07Z,5.654999999999999,0,Metinic
437,2021-04-17T00:16:07Z,5.654999999999999,0,Metinic
438,2021-04-17T00:21:07Z,5.757,0,Metinic
439,2021-04-17T00:26:07Z,5.859999999999999,0,Metinic
440,2021-04-17T00:31:07Z,5.962,0,Metinic
441,2021-04-17T00:36:07Z,5.962,0,Metinic
442,2021-04-17T00:41:07Z,5.962,0,Metinic
443,2021-04-17T00:46:07Z,5.962,0,Metinic
444,2021-04-17T00:51:07Z,5.962,0,Metinic
445,2021-04-17T00:56:07Z,5.962,0,Metinic
446,2021-04-17T01:01:07Z,6.063999999999999,0,Metinic
447,2021-04-17T01:06:07Z,6.063999999999999,0,Metinic
448,2021-04-17T01:11:07Z,6.063999999999999,0,Metinic
449,2021-04-17T01:16:07Z,6.063999999999999,0,Metinic
450,2021-04-17T01:21:07Z,6.063999999999999,0,Metinic
451,2021-04-17T01:26:07Z,6.063999999999999,0,Metinic
452,2021-04-17T01:31:07Z,6.1659999999999995,0,Metinic
453,2021-04-17T01:36:07Z,6.1659999999999995,0,Metinic
454,2021-04-17T01:41:07Z,6.1659999999999995,0,Metinic
455,2021-04-17T01:46:07Z,6.1659999999999995,0,Metinic
456,2021-04-17T01:51:07Z,6.1659999999999995,0,Metinic
457,2021-04-17T01:56:07Z,6.1659999999999995,0,Metinic
458,2021-04-17T02:01:07Z,6.1659999999999995,0,Metinic
459,2021-04-17T02:06:07Z,6.1659999999999995,0,Metinic
460,2021-04-17T02:11:07Z,6.1659999999999995,0,Metinic
461,2021-04-17T02:16:07Z,6.1659999999999995,0,Metinic
462,2021-04-17T02:21:07Z,6.1659999999999995,0,Metinic
463,2021-04-17T02:26:07Z,6.1659999999999995,0,Metinic
464,2021-04-17T02:31:07Z,6.1659999999999995,0,Metinic
465,2021-04-17T02:36:07Z,6.1659999999999995,0,Metinic
466,2021-04-17T02:41:07Z,6.1659999999999995,0,Metinic
467,2021-04-17T02:46:07Z,6.1659999999999995,0,Metinic
468,2021-04-17T02:51:07Z,6.1659999999999995,0,Metinic
469,2021-04-17T02:56:07Z,6.063999999999999,0,Metinic
470,2021-04-17T03:01:07Z,6.1659999999999995,0,Metinic
471,2021-04-17T03:06:07Z,6.063999999999999,0,Metinic
472,2021-04-17T03:11:07Z,6.1659999999999995,0,Metinic
473,2021-04-17T03:16:07Z,6.1659999999999995,0,Metinic
474,2021-04-17T03:21:07Z,6.1659999999999995,0,Metinic
475,2021-04-17T03:26:07Z,6.063999999999999,0,Metinic
476,2021-04-17T03:31:07Z,6.1659999999999995,0,Metinic
477,2021-04-17T03:36:07Z,6.1659999999999995,0,Metinic
478,2021-04-17T03:41:07Z,6.063999999999999,0,Metinic
479,2021-04-17T03:46:07Z,6.063999999999999,0,Metinic
480,2021-04-17T03:51:07Z,6.063999999999999,0,Metinic
481,2021-04-17T03:56:07Z,6.063999999999999,0,Metinic
482,2021-04-17T04:01:07Z,6.063999999999999,0,Metinic
483,2021-04-17T04:06:07Z,6.063999999999999,0,Metinic
484,2021-04-17T04:11:07Z,6.063999999999999,0,Metinic
485,2021-04-17T04:16:07Z,6.063999999999999,0,Metinic
486,2021-04-17T04:21:07Z,6.063999999999999,0,Metinic
487,2021-04-17T04:26:07Z,6.063999999999999,0,Metinic
488,2021-04-17T04:31:07Z,6.063999999999999,0,Metinic
489,2021-04-17T04:36:07Z,6.063999999999999,0,Metinic
490,2021-04-17T04:41:07Z,6.063999999999999,0,Metinic
491,2021-04-17T04:46:07Z,6.063999999999999,0,Metinic
492,2021-04-17T04:51:07Z,6.063999999999999,0,Metinic
493,2021-04-17T04:56:07Z,6.063999999999999,0,Metinic
494,2021-04-17T05:01:07Z,6.063999999999999,0,Metinic
495,2021-04-17T05:06:07Z,6.063999999999999,0,Metinic
496,2021-04-17T05:11:07Z,6.063999999999999,0,Metinic
497,2021-04-17T05:16:07Z,6.063999999999999,0,Metinic
498,2021-04-17T05:21:07Z,6.063999999999999,0,Metinic
499,2021-04-17T05:26:07Z,6.063999999999999,0,Metinic
500,2021-04-17T05:31:07Z,6.063999999999999,0,Metinic
501,2021-04-17T05:36:07Z,6.063999999999999,0,Metinic
502,2021-04-17T05:41:07Z,6.063999999999999,0,Metinic
503,2021-04-17T05:46:07Z,5.962,0,Metinic
504,2021-04-17T05:51:07Z,5.962,0,Metinic
505,2021-04-17T05:56:07Z,5.962,0,Metinic
506,2021-04-17T06:01:07Z,6.063999999999999,0,Metinic
507,2021-04-17T06:06:07Z,5.962,0,Metinic
508,2021-04-17T06:11:07Z,5.962,0,Metinic
509,2021-04-17T06:16:07Z,5.962,0,Metinic
510,2021-04-17T06:21:07Z,5.962,0,Metinic
511,2021-04-17T06:26:07Z,5.962,0,Metinic
512,2021-04-17T06:31:07Z,5.962,0,Metinic
513,2021-04-17T06:36:07Z,5.962,0,Metinic
514,2021-04-17T06:41:07Z,5.962,0,Metinic
515,2021-04-17T06:46:07Z,5.962,0,Metinic
516,2021-04-17T06:51:07Z,5.962,0,Metinic
517,2021-04-17T06:56:07Z,5.962,0,Metinic
518,2021-04-17T07:01:07Z,5.962,0,Metinic
519,2021-04-17T07:06:07Z,5.962,0,Metinic
520,2021-04-17T07:11:07Z,5.962,0,Metinic
521,2021-04-17T07:16:07Z,5.962,0,Metinic
522,2021-04-17T07:21:07Z,5.962,0,Metinic
523,2021-04-17T07:26:07Z,5.859999999999999,0,Metinic
524,2021-04-17T07:31:07Z,5.859999999999999,0,Metinic
525,2021-04-17T07:36:07Z,5.859999999999999,0,Metinic
526,2021-04-17T07:41:07Z,5.859999999999999,0,Metinic
527,2021-04-17T07:46:07Z,5.859999999999999,0,Metinic
528,2021-04-17T07:51:07Z,5.859999999999999,0,Metinic
529,2021-04-17T07:56:07Z,5.859999999999999,0,Metinic
530,2021-04-17T08:01:07Z,5.859999999999999,0,Metinic
531,2021-04-17T08:06:07Z,5.962,0,Metinic
532,2021-04-17T08:11:07Z,5.962,0,Metinic
533,2021-04-17T08:16:07Z,5.962,0,Metinic
534,2021-04-17T08:21:07Z,5.859999999999999,0,Metinic
535,2021-04-17T08:26:07Z,5.859999999999999,0,Metinic
536,2021-04-17T08:31:07Z,5.859999999999999,0,Metinic
537,2021-04-17T08:36:07Z,5.859999999999999,0,Metinic
538,2021-04-17T08:41:07Z,5.859999999999999,0,Metinic
539,2021-04-17T08:46:07Z,5.859999999999999,0,Metinic
540,2021-04-17T08:51:07Z,5.859999999999999,0,Metinic
541,2021-04-17T08:56:07Z,5.859999999999999,0,Metinic
542,2021-04-17T09:01:07Z,5.859999999999999,0,Metinic
543,2021-04-17T09:06:07Z,5.859999999999999,0,Metinic
544,2021-04-17T09:11:07Z,5.962,0,Metinic
545,2021-04-17T09:16:07Z,5.962,0,Metinic
546,2021-04-17T09:21:07Z,5.859999999999999,0,Metinic
547,2021-04-17T09:26:07Z,5.859999999999999,0,Metinic
548,2021-04-17T09:31:07Z,5.859999999999999,0,Metinic
549,2021-04-17T09:36:07Z,5.859999999999999,0,Metinic
550,2021-04-17T09:41:07Z,5.859999999999999,0,Metinic
551,2021-04-17T09:46:07Z,5.859999999999999,0,Metinic
552,2021-04-17T09:51:07Z,5.859999999999999,0,Metinic
553,2021-04-17T09:56:07Z,5.859999999999999,0,Metinic
554,2021-04-17T10:01:07Z,5.859999999999999,0,Metinic
555,2021-04-17T10:06:07Z,5.859999999999999,0,Metinic
556,2021-04-17T10:11:07Z,5.859999999999999,0,Metinic
557,2021-04-17T10:16:07Z,5.859999999999999,0,Metinic
558,2021-04-17T10:21:07Z,5.859999999999999,0,Metinic
559,2021-04-17T10:26:07Z,5.859999999999999,0,Metinic
560,2021-04-17T10:31:07Z,5.859999999999999,0,Metinic
561,2021-04-17T10:36:07Z,5.859999999999999,1,Metinic
562,2021-04-17T10:41:07Z,5.859999999999999,0,Metinic
563,2021-04-17T10:46:07Z,5.859999999999999,2,Metinic
564,2021-04-17T10:51:07Z,5.859999999999999,0,Metinic
565,2021-04-17T10:56:07Z,5.859999999999999,0,Metinic
566,2021-04-17T11:01:07Z,5.859999999999999,9,Metinic
567,2021-04-17T11:06:07Z,5.859999999999999,0,Metinic
568,2021-04-17T11:11:07Z,5.859999999999999,0,Metinic
569,2021-04-17T11:16:07Z,5.859999999999999,2,Metinic
570,2021-04-17T11:21:07Z,5.859999999999999,2,Metinic
571,2021-04-17T11:26:07Z,5.859999999999999,2,Metinic
572,2021-04-17T11:31:07Z,5.859999999999999,6,Metinic
573,2021-04-17T11:36:07Z,5.859999999999999,10,Metinic
574,2021-04-17T11:41:07Z,5.859999999999999,0,Metinic
575,2021-04-17T11:46:07Z,5.859999999999999,3,Metinic
576,2021-04-17T11:51:07Z,5.859999999999999,17,Metinic
577,2021-04-17T11:56:07Z,5.859999999999999,28,Metinic
578,2021-04-17T12:01:07Z,5.859999999999999,5,Metinic
579,2021-04-17T12:06:07Z,5.859999999999999,7,Metinic
580,2021-04-17T12:11:07Z,5.859999999999999,42,Metinic
581,2021-04-17T12:16:07Z,5.859999999999999,33,Metinic
582,2021-04-17T12:21:07Z,5.859999999999999,5,Metinic
583,2021-04-17T12:26:07Z,5.859999999999999,6,Metinic
584,2021-04-17T12:31:07Z,5.859999999999999,28,Metinic
585,2021-04-17T12:36:07Z,5.859999999999999,4,Metinic
586,2021-04-17T12:41:07Z,5.859999999999999,4,Metinic
587,2021-04-17T12:46:07Z,5.859999999999999,10,Metinic
588,2021-04-17T12:51:07Z,5.859999999999999,12,Metinic
589,2021-04-17T12:56:07Z,5.859999999999999,51,Metinic
590,2021-04-17T13:01:07Z,5.859999999999999,22,Metinic
591,2021-04-17T13:06:07Z,5.859999999999999,2,Metinic
592,2021-04-17T13:11:07Z,5.962,56,Metinic
593,2021-04-17T13:16:07Z,5.962,3,Metinic
594,2021-04-17T13:21:07Z,5.962,21,Metinic
595,2021-04-17T13:26:07Z,5.962,47,Metinic
596,2021-04-17T13:31:07Z,5.859999999999999,64,Metinic
597,2021-04-17T13:36:07Z,5.962,3,Metinic
598,2021-04-17T13:41:07Z,5.962,14,Metinic
599,2021-04-17T13:46:07Z,5.962,85,Metinic
600,2021-04-17T13:51:07Z,5.962,8,Metinic
601,2021-04-17T13:56:07Z,5.962,74,Metinic
602,2021-04-17T14:01:07Z,5.962,90,Metinic
603,2021-04-17T14:06:07Z,5.962,10,Metinic
604,2021-04-17T14:11:07Z,5.962,16,Metinic
605,2021-04-17T14:16:07Z,5.962,87,Metinic
606,2021-04-17T14:21:07Z,5.962,22,Metinic
607,2021-04-17T14:26:07Z,5.859999999999999,67,Metinic
608,2021-04-17T14:31:07Z,5.859999999999999,47,Metinic
609,2021-04-17T14:36:07Z,5.859999999999999,15,Metinic
610,2021-04-17T14:41:07Z,5.859999999999999,4,Metinic
611,2021-04-17T14:46:07Z,5.859999999999999,73,Metinic
612,2021-04-17T14:51:07Z,5.962,60,Metinic
613,2021-04-17T14:56:07Z,5.962,6,Metinic
614,2021-04-17T15:01:07Z,5.962,7,Metinic
615,2021-04-17T15:06:07Z,5.962,15,Metinic
616,2021-04-17T15:11:07Z,5.962,49,Metinic
617,2021-04-17T15:16:07Z,5.962,23,Metinic
618,2021-04-17T15:21:07Z,5.962,8,Metinic
619,2021-04-17T15:26:07Z,5.962,17,Metinic
620,2021-04-17T15:31:07Z,5.962,22,Metinic
621,2021-04-17T15:36:07Z,5.962,13,Metinic
622,2021-04-17T15:41:07Z,5.962,53,Metinic
623,2021-04-17T15:46:07Z,5.962,24,Metinic
624,2021-04-17T15:51:07Z,5.962,16,Metinic
625,2021-04-17T15:56:07Z,5.962,4,Metinic
626,2021-04-17T16:01:07Z,5.962,5,Metinic
627,2021-04-17T16:06:07Z,5.859999999999999,5,Metinic
628,2021-04-17T16:11:07Z,5.962,33,Metinic
629,2021-04-17T16:16:07Z,5.962,14,Metinic
630,2021-04-17T16:21:07Z,5.962,67,Metinic
631,2021-04-17T16:26:07Z,5.962,21,Metinic
632,2021-04-17T16:31:07Z,5.859999999999999,26,Metinic
633,2021-04-17T16:36:07Z,5.962,8,Metinic
634,2021-04-17T16:41:07Z,5.962,13,Metinic
635,2021-04-17T16:46:07Z,5.962,47,Metinic
636,2021-04-17T16:51:07Z,5.962,16,Metinic
637,2021-04-17T16:56:07Z,5.859999999999999,44,Metinic
638,2021-04-17T17:01:07Z,5.962,39,Metinic
639,2021-04-17T17:06:07Z,5.962,39,Metinic
640,2021-04-17T17:11:07Z,5.962,13,Metinic
641,2021-04-17T17:16:07Z,5.962,56,Metinic
642,2021-04-17T17:21:07Z,5.962,22,Metinic
643,2021-04-17T17:26:07Z,5.962,40,Metinic
644,2021-04-17T17:31:07Z,5.962,19,Metinic
645,2021-04-17T17:36:07Z,5.962,21,Metinic
646,2021-04-17T17:41:07Z,5.962,20,Metinic
647,2021-04-17T17:46:07Z,5.962,36,Metinic
648,2021-04-17T17:51:07Z,5.962,26,Metinic
649,2021-04-17T17:56:07Z,5.962,26,Metinic
650,2021-04-17T18:01:07Z,5.962,18,Metinic
651,2021-04-17T18:06:07Z,5.962,80,Metinic
652,2021-04-17T18:11:07Z,6.063999999999999,35,Metinic
653,2021-04-17T18:16:07Z,6.063999999999999,136,Metinic
654,2021-04-17T18:21:07Z,6.063999999999999,50,Metinic
655,2021-04-17T18:26:07Z,6.063999999999999,200,Metinic
656,2021-04-17T18:31:07Z,6.063999999999999,144,Metinic
657,2021-04-17T18:36:07Z,6.063999999999999,57,Metinic
658,2021-04-17T18:41:07Z,6.063999999999999,41,Metinic
659,2021-04-17T18:46:07Z,6.063999999999999,17,Metinic
660,2021-04-17T18:51:07Z,6.063999999999999,208,Metinic
661,2021-04-17T18:56:07Z,6.063999999999999,184,Metinic
662,2021-04-17T19:01:07Z,6.063999999999999,208,Metinic
663,2021-04-17T19:06:07Z,6.063999999999999,27,Metinic
664,2021-04-17T19:11:07Z,6.063999999999999,101,Metinic
665,2021-04-17T19:16:07Z,6.063999999999999,14,Metinic
666,2021-04-17T19:21:07Z,6.063999999999999,41,Metinic
667,2021-04-17T19:26:07Z,5.962,23,Metinic
668,2021-04-17T19:31:07Z,5.962,40,Metinic
669,2021-04-17T19:36:07Z,5.962,72,Metinic
670,2021-04-17T19:41:07Z,5.962,13,Metinic
671,2021-04-17T19:46:07Z,5.962,128,Metinic
672,2021-04-17T19:51:07Z,5.859999999999999,160,Metinic
673,2021-04-17T19:56:07Z,5.859999999999999,36,Metinic
674,2021-04-17T20:01:07Z,5.859999999999999,66,Metinic
675,2021-04-17T20:06:07Z,5.859999999999999,13,Metinic
676,2021-04-17T20:11:07Z,5.859999999999999,72,Metinic
677,2021-04-17T20:16:07Z,5.859999999999999,17,Metinic
678,2021-04-17T20:21:07Z,5.859999999999999,10,Metinic
679,2021-04-17T20:26:07Z,5.859999999999999,45,Metinic
680,2021-04-17T20:31:07Z,5.859999999999999,11,Metinic
681,2021-04-17T20:36:07Z,5.859999999999999,2,Metinic
682,2021-04-17T20:41:07Z,5.859999999999999,24,Metinic
683,2021-04-17T20:46:07Z,5.859999999999999,18,Metinic
684,2021-04-17T20:51:07Z,5.962,13,Metinic
685,2021-04-17T20:56:07Z,5.962,35,Metinic
686,2021-04-17T21:01:07Z,5.859999999999999,9,Metinic
687,2021-04-17T21:06:07Z,5.859999999999999,49,Metinic
688,2021-04-17T21:11:07Z,5.859999999999999,37,Metinic
689,2021-04-17T21:16:07Z,5.962,34,Metinic
690,2021-04-17T21:21:07Z,6.063999999999999,22,Metinic
691,2021-04-17T21:26:07Z,5.962,14,Metinic
692,2021-04-17T21:31:07Z,5.962,80,Metinic
693,2021-04-17T21:36:07Z,5.962,11,Metinic
694,2021-04-17T21:41:07Z,5.962,3,Metinic
695,2021-04-17T21:46:07Z,5.962,26,Metinic
696,2021-04-17T21:51:07Z,5.962,5,Metinic
697,2021-04-17T21:56:07Z,6.063999999999999,8,Metinic
698,2021-04-17T22:01:07Z,6.063999999999999,12,Metinic
699,2021-04-17T22:06:07Z,6.063999999999999,14,Metinic
700,2021-04-17T22:11:07Z,6.063999999999999,9,Metinic
701,2021-04-17T22:16:07Z,6.063999999999999,7,Metinic
702,2021-04-17T22:21:07Z,6.063999999999999,6,Metinic
703,2021-04-17T22:26:07Z,6.063999999999999,11,Metinic
704,2021-04-17T22:31:07Z,6.063999999999999,9,Metinic
705,2021-04-17T22:36:07Z,6.063999999999999,0,Metinic
706,2021-04-17T22:41:07Z,6.063999999999999,4,Metinic
707,2021-04-17T22:46:07Z,6.063999999999999,0,Metinic
708,2021-04-17T22:51:07Z,6.063999999999999,8,Metinic
709,2021-04-17T22:56:07Z,6.063999999999999,0,Metinic
710,2021-04-17T23:01:07Z,5.962,2,Metinic
711,2021-04-17T23:06:07Z,5.962,2,Metinic
712,2021-04-17T23:11:07Z,5.962,0,Metinic
713,2021-04-17T23:16:07Z,6.063999999999999,0,Metinic
714,2021-04-17T23:21:07Z,5.962,0,Metinic
715,2021-04-17T23:26:07Z,5.962,0,Metinic
716,2021-04-17T23:31:07Z,6.063999999999999,0,Metinic
717,2021-04-17T23:36:07Z,5.962,0,Metinic
718,2021-04-17T23:41:07Z,5.962,0,Metinic
719,2021-04-17T23:46:07Z,5.962,0,Metinic
720,2021-04-17T23:51:07Z,5.962,0,Metinic
721,2021-04-17T23:56:07Z,5.962,0,Metinic
722,2021-04-18T00:01:07Z,5.962,0,Metinic
723,2021-04-18T00:06:07Z,5.962,0,Metinic
724,2021-04-18T00:11:07Z,5.962,0,Metinic
725,2021-04-18T00:16:07Z,5.962,0,Metinic
726,2021-04-18T00:21:07Z,5.962,0,Metinic
727,2021-04-18T00:26:07Z,5.962,0,Metinic
728,2021-04-18T00:31:07Z,5.962,0,Metinic
729,2021-04-18T00:36:07Z,5.962,0,Metinic
730,2021-04-18T00:41:07Z,5.962,0,Metinic
731,2021-04-18T00:46:07Z,5.962,0,Metinic
732,2021-04-18T00:51:07Z,5.962,0,Metinic
733,2021-04-18T00:56:07Z,5.962,0,Metinic
734,2021-04-18T01:01:07Z,5.962,0,Metinic
735,2021-04-18T01:06:07Z,5.962,0,Metinic
736,2021-04-18T01:11:07Z,5.962,0,Metinic
737,2021-04-18T01:16:07Z,5.962,0,Metinic
738,2021-04-18T01:21:07Z,5.962,0,Metinic
739,2021-04-18T01:26:07Z,5.962,0,Metinic
740,2021-04-18T01:31:07Z,6.063999999999999,0,Metinic
741,2021-04-18T01:36:07Z,5.962,0,Metinic
742,2021-04-18T01:41:07Z,5.962,0,Metinic
743,2021-04-18T01:46:07Z,5.962,0,Metinic
744,2021-04-18T01:51:07Z,5.962,0,Metinic
745,2021-04-18T01:56:07Z,5.962,0,Metinic
746,2021-04-18T02:01:07Z,5.962,0,Metinic
747,2021-04-18T02:06:07Z,5.962,0,Metinic
748,2021-04-18T02:11:07Z,5.962,0,Metinic
749,2021-04-18T02:16:07Z,5.962,0,Metinic
750,2021-04-18T02:21:07Z,5.962,0,Metinic
751,2021-04-18T02:26:07Z,5.962,0,Metinic
752,2021-04-18T02:31:07Z,5.962,0,Metinic
753,2021-04-18T02:36:07Z,5.962,0,Metinic
754,2021-04-18T02:41:07Z,5.962,0,Metinic
755,2021-04-18T02:46:07Z,5.962,0,Metinic
756,2021-04-18T02:51:07Z,5.962,0,Metinic
757,2021-04-18T02:56:07Z,5.962,0,Metinic
758,2021-04-18T03:01:07Z,5.962,0,Metinic
759,2021-04-18T03:06:07Z,5.962,0,Metinic
760,2021-04-18T03:11:07Z,5.962,0,Metinic
761,2021-04-18T03:16:07Z,5.962,0,Metinic
762,2021-04-18T03:21:07Z,5.962,0,Metinic
763,2021-04-18T03:26:07Z,5.962,0,Metinic
764,2021-04-18T03:31:07Z,5.962,0,Metinic
765,2021-04-18T03:36:07Z,5.962,0,Metinic
766,2021-04-18T03:41:07Z,5.962,0,Metinic
767,2021-04-18T03:46:07Z,5.962,0,Metinic
768,2021-04-18T03:51:07Z,5.962,0,Metinic
769,2021-04-18T03:56:07Z,5.962,0,Metinic
770,2021-04-18T04:01:07Z,5.962,0,Metinic
771,2021-04-18T04:06:07Z,5.962,0,Metinic
772,2021-04-18T04:11:07Z,5.962,0,Metinic
773,2021-04-18T04:16:07Z,5.962,0,Metinic
774,2021-04-18T04:21:07Z,5.962,0,Metinic
775,2021-04-18T04:26:07Z,5.962,0,Metinic
776,2021-04-18T04:31:07Z,5.962,0,Metinic
777,2021-04-18T04:36:07Z,5.962,0,Metinic
778,2021-04-18T04:41:07Z,5.962,0,Metinic
779,2021-04-18T04:46:07Z,5.962,0,Metinic
780,2021-04-18T04:51:07Z,5.962,0,Metinic
781,2021-04-18T04:56:07Z,5.962,0,Metinic
782,2021-04-18T05:01:07Z,5.962,0,Metinic
783,2021-04-18T05:06:07Z,5.962,0,Metinic
784,2021-04-18T05:11:07Z,5.962,0,Metinic
785,2021-04-18T05:16:07Z,5.962,0,Metinic
786,2021-04-18T05:21:07Z,5.962,0,Metinic
787,2021-04-18T05:26:07Z,5.962,0,Metinic
788,2021-04-18T05:31:07Z,5.962,0,Metinic
789,2021-04-18T05:36:07Z,5.962,0,Metinic
790,2021-04-18T05:41:07Z,5.962,0,Metinic
791,2021-04-18T05:46:07Z,5.962,0,Metinic
792,2021-04-18T05:51:07Z,5.962,0,Metinic
793,2021-04-18T05:56:07Z,5.962,0,Metinic
794,2021-04-18T06:01:07Z,5.962,0,Metinic
795,2021-04-18T06:06:07Z,5.962,0,Metinic
796,2021-04-18T06:11:07Z,5.962,0,Metinic
797,2021-04-18T06:16:07Z,5.962,0,Metinic
798,2021-04-18T06:21:07Z,5.962,0,Metinic
799,2021-04-18T06:26:07Z,5.859999999999999,0,Metinic
800,2021-04-18T06:31:07Z,5.859999999999999,0,Metinic
801,2021-04-18T06:36:07Z,5.859999999999999,0,Metinic
802,2021-04-18T06:41:07Z,5.859999999999999,0,Metinic
803,2021-04-18T06:46:07Z,5.859999999999999,0,Metinic
804,2021-04-18T06:51:07Z,5.859999999999999,0,Metinic
805,2021-04-18T06:56:07Z,5.859999999999999,0,Metinic
806,2021-04-18T07:01:07Z,5.859999999999999,0,Metinic
807,2021-04-18T07:06:07Z,5.859999999999999,0,Metinic
808,2021-04-18T07:11:07Z,5.859999999999999,0,Metinic
809,2021-04-18T07:16:07Z,5.859999999999999,0,Metinic
810,2021-04-18T07:21:07Z,5.859999999999999,0,Metinic
811,2021-04-18T07:26:07Z,5.859999999999999,0,Metinic
812,2021-04-18T07:31:07Z,5.859999999999999,0,Metinic
813,2021-04-18T07:36:07Z,5.859999999999999,0,Metinic
814,2021-04-18T07:41:07Z,5.859999999999999,0,Metinic
815,2021-04-18T07:46:07Z,5.859999999999999,0,Metinic
816,2021-04-18T07:51:07Z,5.859999999999999,0,Metinic
817,2021-04-18T07:56:07Z,5.859999999999999,0,Metinic
818,2021-04-18T08:01:07Z,5.859999999999999,0,Metinic
819,2021-04-18T08:06:07Z,5.859999999999999,0,Metinic
820,2021-04-18T08:11:07Z,5.859999999999999,0,Metinic
821,2021-04-18T08:16:07Z,5.859999999999999,0,Metinic
822,2021-04-18T08:21:07Z,5.859999999999999,0,Metinic
823,2021-04-18T08:26:07Z,5.859999999999999,0,Metinic
824,2021-04-18T08:31:07Z,5.859999999999999,0,Metinic
825,2021-04-18T08:36:07Z,5.859999999999999,0,Metinic
826,2021-04-18T08:41:07Z,5.859999999999999,0,Metinic
827,2021-04-18T08:46:07Z,5.859999999999999,0,Metinic
828,2021-04-18T08:51:07Z,5.859999999999999,0,Metinic
829,2021-04-18T08:56:07Z,5.757,0,Metinic
830,2021-04-18T09:01:07Z,5.859999999999999,0,Metinic
831,2021-04-18T09:06:07Z,5.859999999999999,0,Metinic
832,2021-04-18T09:11:07Z,5.757,0,Metinic
833,2021-04-18T09:16:07Z,5.757,0,Metinic
834,2021-04-18T09:21:07Z,5.859999999999999,0,Metinic
835,2021-04-18T09:26:07Z,5.757,0,Metinic
836,2021-04-18T09:31:07Z,5.757,0,Metinic
837,2021-04-18T09:36:07Z,5.757,0,Metinic
838,2021-04-18T09:41:07Z,5.757,0,Metinic
839,2021-04-18T09:46:07Z,5.757,0,Metinic
840,2021-04-18T09:51:07Z,5.757,0,Metinic
841,2021-04-18T09:56:07Z,5.757,0,Metinic
842,2021-04-18T10:01:07Z,5.757,0,Metinic
843,2021-04-18T10:06:07Z,5.757,0,Metinic
844,2021-04-18T10:11:07Z,5.757,0,Metinic
845,2021-04-18T10:16:07Z,5.757,1,Metinic
846,2021-04-18T10:21:07Z,5.757,1,Metinic
847,2021-04-18T10:26:07Z,5.757,6,Metinic
848,2021-04-18T10:31:07Z,5.757,6,Metinic
849,2021-04-18T10:36:07Z,5.757,2,Metinic
850,2021-04-18T10:41:07Z,5.757,4,Metinic
851,2021-04-18T10:46:07Z,5.757,11,Metinic
852,2021-04-18T10:51:07Z,5.757,8,Metinic
853,2021-04-18T10:56:07Z,5.757,9,Metinic
854,2021-04-18T11:01:07Z,5.757,14,Metinic
855,2021-04-18T11:06:07Z,5.757,7,Metinic
856,2021-04-18T11:11:07Z,5.757,24,Metinic
857,2021-04-18T11:16:07Z,5.757,11,Metinic
858,2021-04-18T11:21:07Z,5.757,10,Metinic
859,2021-04-18T11:26:07Z,5.757,6,Metinic
860,2021-04-18T11:31:07Z,5.757,10,Metinic
861,2021-04-18T11:36:07Z,5.757,17,Metinic
862,2021-04-18T11:41:07Z,5.757,13,Metinic
863,2021-04-18T11:46:07Z,5.757,24,Metinic
864,2021-04-18T11:51:07Z,5.757,20,Metinic
865,2021-04-18T11:56:07Z,5.859999999999999,15,Metinic
866,2021-04-18T12:01:07Z,5.859999999999999,22,Metinic
867,2021-04-18T12:06:07Z,5.859999999999999,14,Metinic
868,2021-04-18T12:11:07Z,5.859999999999999,30,Metinic
869,2021-04-18T12:16:07Z,5.859999999999999,31,Metinic
870,2021-04-18T12:21:07Z,5.859999999999999,24,Metinic
871,2021-04-18T12:26:07Z,5.859999999999999,22,Metinic
872,2021-04-18T12:31:07Z,5.859999999999999,44,Metinic
873,2021-04-18T12:36:07Z,5.859999999999999,57,Metinic
874,2021-04-18T12:41:07Z,5.859999999999999,90,Metinic
875,2021-04-18T12:46:07Z,5.859999999999999,144,Metinic
876,2021-04-18T12:51:07Z,5.859999999999999,83,Metinic
877,2021-04-18T12:56:07Z,5.859999999999999,41,Metinic
878,2021-04-18T13:01:07Z,5.859999999999999,70,Metinic
879,2021-04-18T13:06:07Z,5.859999999999999,32,Metinic
880,2021-04-18T13:11:07Z,5.859999999999999,82,Metinic
881,2021-04-18T13:16:07Z,5.962,85,Metinic
882,2021-04-18T13:21:07Z,5.962,60,Metinic
883,2021-04-18T13:26:07Z,5.962,76,Metinic
884,2021-04-18T13:31:07Z,5.962,31,Metinic
885,2021-04-18T13:36:07Z,5.962,96,Metinic
886,2021-04-18T13:41:07Z,5.962,45,Metinic
887,2021-04-18T13:46:07Z,6.063999999999999,63,Metinic
888,2021-04-18T13:51:07Z,6.063999999999999,56,Metinic
889,2021-04-18T13:56:07Z,6.063999999999999,62,Metinic
890,2021-04-18T14:01:07Z,6.063999999999999,116,Metinic
891,2021-04-18T14:06:07Z,6.063999999999999,46,Metinic
892,2021-04-18T14:11:07Z,6.063999999999999,43,Metinic
893,2021-04-18T14:16:07Z,6.063999999999999,42,Metinic
894,2021-04-18T14:21:07Z,6.063999999999999,64,Metinic
895,2021-04-18T14:26:07Z,6.063999999999999,70,Metinic
896,2021-04-18T14:31:07Z,6.063999999999999,72,Metinic
897,2021-04-18T14:36:07Z,6.063999999999999,70,Metinic
898,2021-04-18T14:41:07Z,6.063999999999999,64,Metinic
899,2021-04-18T14:46:07Z,6.063999999999999,92,Metinic
900,2021-04-18T14:51:07Z,6.1659999999999995,184,Metinic
901,2021-04-18T14:56:07Z,6.1659999999999995,36,Metinic
902,2021-04-18T15:01:07Z,6.1659999999999995,90,Metinic
903,2021-04-18T15:06:07Z,6.1659999999999995,48,Metinic
904,2021-04-18T15:11:07Z,6.1659999999999995,42,Metinic
905,2021-04-18T15:16:07Z,6.063999999999999,102,Metinic
906,2021-04-18T15:21:07Z,6.063999999999999,59,Metinic
907,2021-04-18T15:26:07Z,6.063999999999999,81,Metinic
908,2021-04-18T15:31:07Z,6.063999999999999,76,Metinic
909,2021-04-18T15:36:07Z,6.1659999999999995,58,Metinic
910,2021-04-18T15:41:07Z,6.1659999999999995,96,Metinic
911,2021-04-18T15:46:07Z,6.1659999999999995,86,Metinic
912,2021-04-18T15:51:07Z,6.1659999999999995,120,Metinic
913,2021-04-18T15:56:07Z,6.1659999999999995,152,Metinic
914,2021-04-18T16:01:07Z,6.1659999999999995,106,Metinic
915,2021-04-18T16:06:07Z,6.1659999999999995,168,Metinic
916,2021-04-18T16:11:07Z,6.1659999999999995,118,Metinic
917,2021-04-18T16:16:07Z,6.1659999999999995,107,Metinic
918,2021-04-18T16:21:07Z,6.1659999999999995,77,Metinic
919,2021-04-18T16:26:07Z,6.268,128,Metinic
920,2021-04-18T16:31:07Z,6.268,89,Metinic
921,2021-04-18T16:36:07Z,6.37,118,Metinic
922,2021-04-18T16:41:07Z,6.37,128,Metinic
923,2021-04-18T16:46:07Z,6.37,107,Metinic
924,2021-04-18T16:51:07Z,6.37,67,Metinic
925,2021-04-18T16:56:07Z,6.37,108,Metinic
926,2021-04-18T17:01:07Z,6.37,76,Metinic
927,2021-04-18T17:06:07Z,6.37,121,Metinic
928,2021-04-18T17:11:07Z,6.268,96,Metinic
929,2021-04-18T17:16:07Z,6.37,124,Metinic
930,2021-04-18T17:21:07Z,6.37,40,Metinic
931,2021-04-18T17:26:07Z,6.37,79,Metinic
932,2021-04-18T17:31:07Z,6.37,95,Metinic
933,2021-04-18T17:36:07Z,6.37,50,Metinic
934,2021-04-18T17:41:07Z,6.37,43,Metinic
935,2021-04-18T17:46:07Z,6.471000000000001,23,Metinic
936,2021-04-18T17:51:07Z,6.471000000000001,54,Metinic
937,2021-04-18T17:56:07Z,6.471000000000001,29,Metinic
938,2021-04-18T18:01:07Z,6.573,67,Metinic
939,2021-04-18T18:06:07Z,6.6739999999999995,24,Metinic
940,2021-04-18T18:11:07Z,6.6739999999999995,26,Metinic
941,2021-04-18T18:16:07Z,6.6739999999999995,34,Metinic
942,2021-04-18T18:21:07Z,6.6739999999999995,40,Metinic
943,2021-04-18T18:26:07Z,6.775,32,Metinic
944,2021-04-18T18:31:07Z,6.775,31,Metinic
945,2021-04-18T18:36:07Z,6.775,67,Metinic
946,2021-04-18T18:41:07Z,6.6739999999999995,37,Metinic
947,2021-04-18T18:46:07Z,6.6739999999999995,13,Metinic
948,2021-04-18T18:51:07Z,6.6739999999999995,28,Metinic
949,2021-04-18T18:56:07Z,6.573,14,Metinic
950,2021-04-18T19:01:07Z,6.573,28,Metinic
951,2021-04-18T19:06:07Z,6.573,24,Metinic
952,2021-04-18T19:11:07Z,6.6739999999999995,26,Metinic
953,2021-04-18T19:16:07Z,6.573,16,Metinic
954,2021-04-18T19:21:07Z,6.6739999999999995,12,Metinic
955,2021-04-18T19:26:07Z,6.573,20,Metinic
956,2021-04-18T19:31:07Z,6.573,36,Metinic
957,2021-04-18T19:36:07Z,6.471000000000001,20,Metinic
958,2021-04-18T19:41:07Z,6.471000000000001,19,Metinic
959,2021-04-18T19:46:07Z,6.573,17,Metinic
960,2021-04-18T19:51:07Z,6.471000000000001,18,Metinic
961,2021-04-18T19:56:07Z,6.37,17,Metinic
962,2021-04-18T20:01:07Z,6.37,16,Metinic
963,2021-04-18T20:06:07Z,6.37,14,Metinic
964,2021-04-18T20:11:07Z,6.37,13,Metinic
965,2021-04-18T20:16:07Z,6.37,12,Metinic
966,2021-04-18T20:21:07Z,6.37,11,Metinic
967,2021-04-18T20:26:07Z,6.37,12,Metinic
968,2021-04-18T20:31:07Z,6.1659999999999995,18,Metinic
969,2021-04-18T20:36:07Z,6.1659999999999995,20,Metinic
970,2021-04-18T20:41:07Z,6.1659999999999995,12,Metinic
971,2021-04-18T20:46:07Z,6.1659999999999995,14,Metinic
972,2021-04-18T20:51:07Z,6.1659999999999995,12,Metinic
973,2021-04-18T20:56:07Z,6.1659999999999995,8,Metinic
974,2021-04-18T21:01:07Z,6.063999999999999,11,Metinic
975,2021-04-18T21:06:07Z,5.962,20,Metinic
976,2021-04-18T21:11:07Z,5.962,12,Metinic
977,2021-04-18T21:16:07Z,5.859999999999999,13,Metinic
978,2021-04-18T21:21:07Z,5.859999999999999,11,Metinic
979,2021-04-18T21:26:07Z,5.859999999999999,12,Metinic
980,2021-04-18T21:31:07Z,5.859999999999999,15,Metinic
981,2021-04-18T21:36:07Z,5.859999999999999,15,Metinic
982,2021-04-18T21:41:07Z,5.859999999999999,19,Metinic
983,2021-04-18T21:46:07Z,5.859999999999999,22,Metinic
984,2021-04-18T21:51:07Z,5.757,25,Metinic
985,2021-04-18T21:56:07Z,5.859999999999999,17,Metinic
986,2021-04-18T22:01:07Z,5.859999999999999,16,Metinic
987,2021-04-18T22:06:07Z,5.859999999999999,13,Metinic
988,2021-04-18T22:11:07Z,5.859999999999999,5,Metinic
989,2021-04-18T22:16:07Z,5.757,5,Metinic
990,2021-04-18T22:21:07Z,5.757,5,Metinic
991,2021-04-18T22:26:07Z,5.757,5,Metinic
992,2021-04-18T22:31:07Z,5.757,3,Metinic
993,2021-04-18T22:36:07Z,5.757,4,Metinic
994,2021-04-18T22:41:07Z,5.654999999999999,4,Metinic
995,2021-04-18T22:46:07Z,5.757,3,Metinic
996,2021-04-18T22:51:07Z,5.654999999999999,2,Metinic
997,2021-04-18T22:56:07Z,5.654999999999999,2,Metinic
998,2021-04-18T23:01:07Z,5.654999999999999,1,Metinic
999,2021-04-18T23:06:07Z,5.654999999999999,1,Metinic
1000,2021-04-18T23:11:07Z,5.654999999999999,0,Metinic
1001,2021-04-18T23:16:07Z,5.654999999999999,0,Metinic
1002,2021-04-18T23:21:07Z,5.654999999999999,0,Metinic
1003,2021-04-18T23:26:07Z,5.654999999999999,0,Metinic
1004,2021-04-18T23:31:07Z,5.654999999999999,0,Metinic
1005,2021-04-18T23:36:07Z,5.654999999999999,0,Metinic
1006,2021-04-18T23:41:07Z,5.654999999999999,0,Metinic
1007,2021-04-18T23:46:07Z,5.654999999999999,0,Metinic
1008,2021-04-18T23:51:07Z,5.654999999999999,0,Metinic
1009,2021-04-18T23:56:07Z,5.654999999999999,0,Metinic
1010,2021-04-19T00:01:07Z,5.654999999999999,0,Metinic
1011,2021-04-19T00:06:07Z,5.654999999999999,0,Metinic
1012,2021-04-19T00:11:07Z,5.654999999999999,0,Metinic
1013,2021-04-19T00:16:07Z,5.654999999999999,0,Metinic
1014,2021-04-19T00:21:07Z,5.654999999999999,0,Metinic
1015,2021-04-19T00:26:07Z,5.757,0,Metinic
1016,2021-04-19T00:31:07Z,5.757,0,Metinic
1017,2021-04-19T00:36:07Z,5.757,0,Metinic
1018,2021-04-19T00:41:07Z,5.757,0,Metinic
1019,2021-04-19T00:46:07Z,5.757,0,Metinic
1020,2021-04-19T00:51:07Z,5.757,0,Metinic
1021,2021-04-19T00:56:07Z,5.757,0,Metinic
1022,2021-04-19T01:01:07Z,5.757,0,Metinic
1023,2021-04-19T01:06:07Z,5.757,0,Metinic
1024,2021-04-19T01:11:07Z,5.757,0,Metinic
1025,2021-04-19T01:16:07Z,5.757,0,Metinic
1026,2021-04-19T01:21:07Z,5.757,0,Metinic
1027,2021-04-19T01:26:07Z,5.757,0,Metinic
1028,2021-04-19T01:31:07Z,5.757,0,Metinic
1029,2021-04-19T01:36:07Z,5.757,0,Metinic
1030,2021-04-19T01:41:07Z,5.757,0,Metinic
1031,2021-04-19T01:46:07Z,5.654999999999999,0,Metinic
1032,2021-04-19T01:51:07Z,5.654999999999999,0,Metinic
1033,2021-04-19T01:56:07Z,5.654999999999999,0,Metinic
1034,2021-04-19T02:01:07Z,5.654999999999999,0,Metinic
1035,2021-04-19T02:06:07Z,5.654999999999999,0,Metinic
1036,2021-04-19T02:11:07Z,5.654999999999999,0,Metinic
1037,2021-04-19T02:16:07Z,5.654999999999999,0,Metinic
1038,2021-04-19T02:21:07Z,5.654999999999999,0,Metinic
1039,2021-04-19T02:26:07Z,5.654999999999999,0,Metinic
1040,2021-04-19T02:31:07Z,5.654999999999999,0,Metinic
1041,2021-04-19T02:36:07Z,5.654999999999999,0,Metinic
1042,2021-04-19T02:41:07Z,5.654999999999999,0,Metinic
1043,2021-04-19T02:46:07Z,5.654999999999999,0,Metinic
1044,2021-04-19T02:51:07Z,5.654999999999999,0,Metinic
1045,2021-04-19T02:56:07Z,5.654999999999999,0,Metinic
1046,2021-04-19T03:01:07Z,5.654999999999999,0,Metinic
1047,2021-04-19T03:06:07Z,5.654999999999999,0,Metinic
1048,2021-04-19T03:11:07Z,5.654999999999999,0,Metinic
1049,2021-04-19T03:16:07Z,5.654999999999999,0,Metinic
1050,2021-04-19T03:21:07Z,5.654999999999999,0,Metinic
1051,2021-04-19T03:26:07Z,5.654999999999999,0,Metinic
1052,2021-04-19T03:31:07Z,5.654999999999999,0,Metinic
1053,2021-04-19T03:36:07Z,5.654999999999999,0,Metinic
1054,2021-04-19T03:41:07Z,5.654999999999999,0,Metinic
1055,2021-04-19T03:46:07Z,5.654999999999999,0,Metinic
1056,2021-04-19T03:51:07Z,5.654999999999999,0,Metinic
1057,2021-04-19T03:56:07Z,5.654999999999999,0,Metinic
1058,2021-04-19T04:01:07Z,5.654999999999999,0,Metinic
1059,2021-04-19T04:06:07Z,5.654999999999999,0,Metinic
1060,2021-04-19T04:11:07Z,5.654999999999999,0,Metinic
1061,2021-04-19T04:16:07Z,5.654999999999999,0,Metinic
1062,2021-04-19T04:21:07Z,5.654999999999999,0,Metinic
1063,2021-04-19T04:26:07Z,5.552,0,Metinic
1064,2021-04-19T04:31:07Z,5.552,0,Metinic
1065,2021-04-19T04:36:07Z,5.654999999999999,0,Metinic
1066,2021-04-19T04:41:07Z,5.654999999999999,0,Metinic
1067,2021-04-19T04:46:07Z,5.654999999999999,0,Metinic
1068,2021-04-19T04:51:07Z,5.654999999999999,0,Metinic
1069,2021-04-19T04:56:07Z,5.654999999999999,0,Metinic
1070,2021-04-19T05:01:07Z,5.654999999999999,0,Metinic
1071,2021-04-19T05:06:07Z,5.654999999999999,0,Metinic
1072,2021-04-19T05:11:07Z,5.654999999999999,0,Metinic
1073,2021-04-19T05:16:07Z,5.654999999999999,0,Metinic
1074,2021-04-19T05:21:07Z,5.654999999999999,0,Metinic
1075,2021-04-19T05:26:07Z,5.654999999999999,0,Metinic
1076,2021-04-19T05:31:07Z,5.654999999999999,0,Metinic
1077,2021-04-19T05:36:07Z,5.654999999999999,0,Metinic
1078,2021-04-19T05:41:07Z,5.654999999999999,0,Metinic
1079,2021-04-19T05:46:07Z,5.654999999999999,0,Metinic
1080,2021-04-19T05:51:07Z,5.654999999999999,0,Metinic
1081,2021-04-19T05:56:07Z,5.654999999999999,0,Metinic
1082,2021-04-19T06:01:07Z,5.654999999999999,0,Metinic
1083,2021-04-19T06:06:07Z,5.654999999999999,0,Metinic
1084,2021-04-19T06:11:07Z,5.654999999999999,0,Metinic
1085,2021-04-19T06:16:07Z,5.654999999999999,0,Metinic
1086,2021-04-19T06:21:07Z,5.654999999999999,0,Metinic
1087,2021-04-19T06:26:07Z,5.654999999999999,0,Metinic
1088,2021-04-19T06:31:07Z,5.654999999999999,0,Metinic
1089,2021-04-19T06:36:07Z,5.654999999999999,0,Metinic
1090,2021-04-19T06:41:07Z,5.654999999999999,0,Metinic
1091,2021-04-19T06:46:07Z,5.654999999999999,0,Metinic
1092,2021-04-19T06:51:07Z,5.654999999999999,0,Metinic
1093,2021-04-19T06:56:07Z,5.654999999999999,0,Metinic
1094,2021-04-19T07:01:07Z,5.654999999999999,0,Metinic
1095,2021-04-19T07:06:07Z,5.654999999999999,0,Metinic
1096,2021-04-19T07:11:07Z,5.654999999999999,0,Metinic
1097,2021-04-19T07:16:07Z,5.757,0,Metinic
1098,2021-04-19T07:21:07Z,5.757,0,Metinic
1099,2021-04-19T07:26:07Z,5.757,0,Metinic
1100,2021-04-19T07:31:07Z,5.859999999999999,0,Metinic
1101,2021-04-19T07:36:07Z,5.859999999999999,0,Metinic
1102,2021-04-19T07:41:07Z,5.859999999999999,0,Metinic
1103,2021-04-19T07:46:07Z,5.859999999999999,0,Metinic
1104,2021-04-19T07:51:07Z,5.859999999999999,0,Metinic
1105,2021-04-19T07:56:07Z,5.859999999999999,0,Metinic
1106,2021-04-19T08:01:07Z,5.859999999999999,0,Metinic
1107,2021-04-19T08:06:07Z,5.859999999999999,0,Metinic
1108,2021-04-19T08:11:07Z,5.962,0,Metinic
1109,2021-04-19T08:16:07Z,5.962,0,Metinic
1110,2021-04-19T08:21:07Z,5.962,0,Metinic
1111,2021-04-19T08:26:07Z,5.962,0,Metinic
1112,2021-04-19T08:31:07Z,5.962,0,Metinic
1113,2021-04-19T08:36:07Z,5.962,0,Metinic
1114,2021-04-19T08:41:07Z,5.962,0,Metinic
1115,2021-04-19T08:46:07Z,5.962,0,Metinic
1116,2021-04-19T08:51:07Z,5.962,0,Metinic
1117,2021-04-19T08:56:07Z,5.962,0,Metinic
1118,2021-04-19T09:01:07Z,5.962,0,Metinic
1119,2021-04-19T09:06:07Z,5.962,0,Metinic
1120,2021-04-19T09:11:07Z,5.962,0,Metinic
1121,2021-04-19T09:16:07Z,5.962,0,Metinic
1122,2021-04-19T09:21:07Z,5.962,0,Metinic
1123,2021-04-19T09:26:07Z,5.962,0,Metinic
1124,2021-04-19T09:31:07Z,5.962,0,Metinic
1125,2021-04-19T09:36:07Z,5.962,0,Metinic
1126,2021-04-19T09:41:07Z,5.859999999999999,0,Metinic
1127,2021-04-19T09:46:07Z,5.859999999999999,0,Metinic
1128,2021-04-19T09:51:07Z,5.859999999999999,0,Metinic
1129,2021-04-19T09:56:07Z,5.859999999999999,0,Metinic
1130,2021-04-19T10:01:07Z,5.859999999999999,1,Metinic
1131,2021-04-19T10:06:07Z,5.859999999999999,1,Metinic
1132,2021-04-19T10:11:07Z,5.859999999999999,2,Metinic
1133,2021-04-19T10:16:07Z,5.859999999999999,3,Metinic
1134,2021-04-19T10:21:07Z,5.859999999999999,4,Metinic
1135,2021-04-19T10:26:07Z,5.859999999999999,4,Metinic
1136,2021-04-19T10:31:07Z,5.859999999999999,5,Metinic
1137,2021-04-19T10:36:07Z,5.757,7,Metinic
1138,2021-04-19T10:41:07Z,5.757,7,Metinic
1139,2021-04-19T10:46:07Z,5.757,8,Metinic
1140,2021-04-19T10:51:07Z,5.757,9,Metinic
1141,2021-04-19T10:56:07Z,5.757,9,Metinic
1142,2021-04-19T11:01:07Z,5.757,10,Metinic
1143,2021-04-19T11:06:07Z,5.757,11,Metinic
1144,2021-04-19T11:11:07Z,5.757,13,Metinic
1145,2021-04-19T11:16:07Z,5.757,15,Metinic
1146,2021-04-19T11:21:07Z,5.757,14,Metinic
1147,2021-04-19T11:26:07Z,5.757,14,Metinic
1148,2021-04-19T11:31:07Z,5.757,15,Metinic
1149,2021-04-19T11:36:07Z,5.757,16,Metinic
1150,2021-04-19T11:41:07Z,5.757,18,Metinic
1151,2021-04-19T11:46:07Z,5.757,20,Metinic
1152,2021-04-19T11:51:07Z,5.757,21,Metinic
1153,2021-04-19T11:56:07Z,5.757,22,Metinic
1154,2021-04-19T12:01:07Z,5.757,23,Metinic
1155,2021-04-19T12:06:07Z,5.757,23,Metinic
1156,2021-04-19T12:11:07Z,5.859999999999999,24,Metinic
1157,2021-04-19T12:16:07Z,5.859999999999999,26,Metinic
1158,2021-04-19T12:21:07Z,5.859999999999999,26,Metinic
1159,2021-04-19T12:26:07Z,5.859999999999999,27,Metinic
1160,2021-04-19T12:31:07Z,5.962,29,Metinic
1161,2021-04-19T12:36:07Z,5.962,30,Metinic
1162,2021-04-19T12:41:07Z,5.962,30,Metinic
1163,2021-04-19T12:46:07Z,5.962,32,Metinic
1164,2021-04-19T12:51:07Z,5.962,34,Metinic
1165,2021-04-19T12:56:07Z,6.063999999999999,34,Metinic
1166,2021-04-19T13:01:07Z,6.063999999999999,45,Metinic
1167,2021-04-19T13:06:07Z,6.1659999999999995,37,Metinic
1168,2021-04-19T13:11:07Z,6.1659999999999995,43,Metinic
1169,2021-04-19T13:16:07Z,6.1659999999999995,41,Metinic
1170,2021-04-19T13:21:07Z,6.063999999999999,43,Metinic
1171,2021-04-19T13:26:07Z,6.063999999999999,44,Metinic
1172,2021-04-19T13:31:07Z,6.1659999999999995,44,Metinic
1173,2021-04-19T13:36:07Z,6.1659999999999995,48,Metinic
1174,2021-04-19T13:41:07Z,6.1659999999999995,49,Metinic
1175,2021-04-19T13:46:07Z,6.1659999999999995,52,Metinic
1176,2021-04-19T13:51:07Z,6.268,53,Metinic
1177,2021-04-19T13:56:07Z,6.268,50,Metinic
1178,2021-04-19T14:01:07Z,6.268,56,Metinic
1179,2021-04-19T14:06:07Z,6.268,59,Metinic
1180,2021-04-19T14:11:07Z,6.37,52,Metinic
1181,2021-04-19T14:16:07Z,6.37,59,Metinic
1182,2021-04-19T14:21:07Z,6.37,58,Metinic
1183,2021-04-19T14:26:07Z,6.471000000000001,55,Metinic
1184,2021-04-19T14:31:07Z,6.471000000000001,61,Metinic
1185,2021-04-19T14:36:07Z,6.37,63,Metinic
1186,2021-04-19T14:41:07Z,6.268,65,Metinic
1187,2021-04-19T14:46:07Z,6.268,66,Metinic
1188,2021-04-19T14:51:07Z,6.268,62,Metinic
1189,2021-04-19T14:56:07Z,6.37,67,Metinic
1190,2021-04-19T15:01:07Z,6.37,68,Metinic
1191,2021-04-19T15:06:07Z,6.37,62,Metinic
1192,2021-04-19T15:11:07Z,6.37,120,Metinic
1193,2021-04-19T15:16:07Z,6.37,73,Metinic
1194,2021-04-19T15:21:07Z,6.37,66,Metinic
1195,2021-04-19T15:26:07Z,6.37,73,Metinic
1196,2021-04-19T15:31:07Z,6.37,62,Metinic
1197,2021-04-19T15:36:07Z,6.37,81,Metinic
1198,2021-04-19T15:41:07Z,6.37,71,Metinic
1199,2021-04-19T15:46:07Z,5.962,90,Metinic
1200,2021-04-19T15:51:07Z,5.859999999999999,99,Metinic
1201,2021-04-19T15:56:07Z,5.962,108,Metinic
1202,2021-04-19T16:01:07Z,6.063999999999999,99,Metinic
1203,2021-04-19T16:06:07Z,6.1659999999999995,93,Metinic
1204,2021-04-19T16:11:07Z,6.1659999999999995,111,Metinic
1205,2021-04-19T16:16:07Z,6.1659999999999995,101,Metinic
1206,2021-04-19T16:21:07Z,5.859999999999999,102,Metinic
1207,2021-04-19T16:26:07Z,5.859999999999999,96,Metinic
1208,2021-04-19T16:31:07Z,5.859999999999999,128,Metinic
1209,2021-04-19T16:36:07Z,5.962,112,Metinic
1210,2021-04-19T16:41:07Z,5.962,105,Metinic
1211,2021-04-19T16:46:07Z,6.063999999999999,160,Metinic
1212,2021-04-19T16:51:07Z,6.063999999999999,111,Metinic
1213,2021-04-19T16:56:07Z,6.063999999999999,136,Metinic
1214,2021-04-19T17:01:07Z,5.962,160,Metinic
1215,2021-04-19T17:06:07Z,6.063999999999999,128,Metinic
1216,2021-04-19T17:11:07Z,6.063999999999999,65,Metinic
1217,2021-04-19T17:16:07Z,6.063999999999999,128,Metinic
1218,2021-04-19T17:21:07Z,5.962,112,Metinic
1219,2021-04-19T17:26:07Z,5.859999999999999,168,Metinic
1220,2021-04-19T17:31:07Z,5.859999999999999,136,Metinic
1221,2021-04-19T17:36:07Z,5.859999999999999,144,Metinic
1222,2021-04-19T17:41:07Z,5.962,116,Metinic
1223,2021-04-19T17:46:07Z,5.962,99,Metinic
1224,2021-04-19T17:51:07Z,5.962,160,Metinic
1225,2021-04-19T17:56:07Z,5.962,89,Metinic
1226,2021-04-19T18:01:07Z,5.962,160,Metinic
1227,2021-04-19T18:06:07Z,5.962,144,Metinic
1228,2021-04-19T18:11:07Z,5.962,160,Metinic
1229,2021-04-19T18:16:07Z,5.962,152,Metinic
1230,2021-04-19T18:21:07Z,5.962,160,Metinic
1231,2021-04-19T18:26:07Z,5.962,144,Metinic
1232,2021-04-19T18:31:07Z,5.962,118,Metinic
1233,2021-04-19T18:36:07Z,5.962,136,Metinic
1234,2021-04-19T18:41:07Z,5.859999999999999,121,Metinic
1235,2021-04-19T18:46:07Z,5.859999999999999,136,Metinic
1236,2021-04-19T18:51:07Z,5.859999999999999,116,Metinic
1237,2021-04-19T18:56:07Z,5.859999999999999,136,Metinic
1238,2021-04-19T19:01:07Z,5.859999999999999,128,Metinic
1239,2021-04-19T19:06:07Z,5.859999999999999,136,Metinic
1240,2021-04-19T19:11:07Z,5.859999999999999,136,Metinic
1241,2021-04-19T19:16:07Z,5.859999999999999,128,Metinic
1242,2021-04-19T19:21:07Z,5.757,144,Metinic
1243,2021-04-19T19:26:07Z,5.859999999999999,119,Metinic
1244,2021-04-19T19:31:07Z,5.859999999999999,136,Metinic
1245,2021-04-19T19:36:07Z,5.859999999999999,122,Metinic
1246,2021-04-19T19:41:07Z,5.859999999999999,74,Metinic
1247,2021-04-19T19:46:07Z,5.859999999999999,109,Metinic
1248,2021-04-19T19:51:07Z,5.859999999999999,114,Metinic
1249,2021-04-19T19:56:07Z,5.859999999999999,97,Metinic
1250,2021-04-19T20:01:07Z,5.859999999999999,113,Metinic
1251,2021-04-19T20:06:07Z,5.859999999999999,114,Metinic
1252,2021-04-19T20:11:07Z,5.859999999999999,95,Metinic
1253,2021-04-19T20:16:07Z,5.962,109,Metinic
1254,2021-04-19T20:21:07Z,5.962,106,Metinic
1255,2021-04-19T20:26:07Z,5.962,91,Metinic
1256,2021-04-19T20:31:07Z,5.859999999999999,105,Metinic
1257,2021-04-19T20:36:07Z,5.859999999999999,108,Metinic
1258,2021-04-19T20:41:07Z,5.962,73,Metinic
1259,2021-04-19T20:46:07Z,6.063999999999999,88,Metinic
1260,2021-04-19T20:51:07Z,6.063999999999999,89,Metinic
1261,2021-04-19T20:56:07Z,6.063999999999999,92,Metinic
1262,2021-04-19T21:01:07Z,6.063999999999999,87,Metinic
1263,2021-04-19T21:06:07Z,6.1659999999999995,82,Metinic
1264,2021-04-19T21:11:07Z,6.1659999999999995,75,Metinic
1265,2021-04-19T21:16:07Z,6.1659999999999995,76,Metinic
1266,2021-04-19T21:21:07Z,6.1659999999999995,72,Metinic
1267,2021-04-19T21:26:07Z,6.1659999999999995,85,Metinic
1268,2021-04-19T21:31:07Z,6.1659999999999995,66,Metinic
1269,2021-04-19T21:36:07Z,6.268,57,Metinic
1270,2021-04-19T21:41:07Z,6.268,32,Metinic
1271,2021-04-19T21:46:07Z,6.268,37,Metinic
1272,2021-04-19T21:51:07Z,6.37,30,Metinic
1273,2021-04-19T21:56:07Z,6.37,12,Metinic
1274,2021-04-19T22:01:07Z,6.37,16,Metinic
1275,2021-04-19T22:06:07Z,6.268,13,Metinic
1276,2021-04-19T22:11:07Z,6.268,22,Metinic
1277,2021-04-19T22:16:07Z,6.1659999999999995,35,Metinic
1278,2021-04-19T22:21:07Z,6.1659999999999995,30,Metinic
1279,2021-04-19T22:26:07Z,6.063999999999999,28,Metinic
1280,2021-04-19T22:31:07Z,6.063999999999999,23,Metinic
1281,2021-04-19T22:36:07Z,6.1659999999999995,17,Metinic
1282,2021-04-19T22:41:07Z,6.063999999999999,6,Metinic
1283,2021-04-19T22:46:07Z,6.063999999999999,9,Metinic
1284,2021-04-19T22:51:07Z,6.063999999999999,6,Metinic
1285,2021-04-19T22:56:07Z,5.962,5,Metinic
1286,2021-04-19T23:01:07Z,5.962,1,Metinic
1287,2021-04-19T23:06:07Z,5.962,2,Metinic
1288,2021-04-19T23:11:07Z,5.859999999999999,1,Metinic
1289,2021-04-19T23:16:07Z,5.859999999999999,1,Metinic
1290,2021-04-19T23:21:07Z,5.859999999999999,0,Metinic
1291,2021-04-19T23:26:07Z,5.859999999999999,0,Metinic
1292,2021-04-19T23:31:07Z,5.859999999999999,0,Metinic
1293,2021-04-19T23:36:07Z,5.859999999999999,0,Metinic
1294,2021-04-19T23:41:07Z,5.859999999999999,0,Metinic
1295,2021-04-19T23:46:07Z,5.757,0,Metinic
1296,2021-04-19T23:51:07Z,5.757,0,Metinic
1297,2021-04-19T23:56:07Z,5.757,0,Metinic
1298,2021-04-20T00:01:07Z,5.757,0,Metinic
1299,2021-04-20T00:06:07Z,5.757,0,Metinic
1300,2021-04-20T00:11:07Z,5.757,0,Metinic
1301,2021-04-20T00:16:07Z,5.757,0,Metinic
1302,2021-04-20T00:21:07Z,5.757,0,Metinic
1303,2021-04-20T00:26:07Z,5.654999999999999,0,Metinic
1304,2021-04-20T00:31:07Z,5.654999999999999,0,Metinic
1305,2021-04-20T00:36:07Z,5.654999999999999,0,Metinic
1306,2021-04-20T00:41:07Z,5.654999999999999,0,Metinic
1307,2021-04-20T00:46:07Z,5.654999999999999,0,Metinic
1308,2021-04-20T00:51:07Z,5.654999999999999,0,Metinic
1309,2021-04-20T00:56:07Z,5.654999999999999,0,Metinic
1310,2021-04-20T01:01:07Z,5.654999999999999,0,Metinic
1311,2021-04-20T01:06:07Z,5.654999999999999,0,Metinic
1312,2021-04-20T01:11:07Z,5.654999999999999,0,Metinic
1313,2021-04-20T01:16:07Z,5.654999999999999,0,Metinic
1314,2021-04-20T01:21:07Z,5.654999999999999,0,Metinic
1315,2021-04-20T01:26:07Z,5.654999999999999,0,Metinic
1316,2021-04-20T01:31:07Z,5.654999999999999,0,Metinic
1317,2021-04-20T01:36:07Z,5.654999999999999,0,Metinic
1318,2021-04-20T01:41:07Z,5.654999999999999,0,Metinic
1319,2021-04-20T01:46:07Z,5.757,0,Metinic
1320,2021-04-20T01:51:07Z,5.757,0,Metinic
1321,2021-04-20T01:56:07Z,5.757,0,Metinic
1322,2021-04-20T02:01:07Z,5.757,0,Metinic
1323,2021-04-20T02:06:07Z,5.757,0,Metinic
1324,2021-04-20T02:11:07Z,5.757,0,Metinic
1325,2021-04-20T02:16:07Z,5.757,0,Metinic
1326,2021-04-20T02:21:07Z,5.757,0,Metinic
1327,2021-04-20T02:26:07Z,5.757,0,Metinic
1328,2021-04-20T02:31:07Z,5.654999999999999,0,Metinic
1329,2021-04-20T02:36:07Z,5.654999999999999,0,Metinic
1330,2021-04-20T02:41:07Z,5.654999999999999,0,Metinic
1331,2021-04-20T02:46:07Z,5.654999999999999,0,Metinic
1332,2021-04-20T02:51:07Z,5.654999999999999,0,Metinic
1333,2021-04-20T02:56:07Z,5.654999999999999,0,Metinic
1334,2021-04-20T03:01:07Z,5.654999999999999,0,Metinic
1335,2021-04-20T03:06:07Z,5.654999999999999,0,Metinic
1336,2021-04-20T03:11:07Z,5.654999999999999,0,Metinic
1337,2021-04-20T03:16:07Z,5.654999999999999,0,Metinic
1338,2021-04-20T03:21:07Z,5.654999999999999,0,Metinic
1339,2021-04-20T03:26:07Z,5.654999999999999,0,Metinic
1340,2021-04-20T03:31:07Z,5.654999999999999,0,Metinic
1341,2021-04-20T03:36:07Z,5.552,0,Metinic
1342,2021-04-20T03:41:07Z,5.552,0,Metinic
1343,2021-04-20T03:46:07Z,5.552,0,Metinic
1344,2021-04-20T03:51:07Z,5.552,0,Metinic
1345,2021-04-20T03:56:07Z,5.552,0,Metinic
1346,2021-04-20T04:01:07Z,5.552,0,Metinic
1347,2021-04-20T04:06:07Z,5.552,0,Metinic
1348,2021-04-20T04:11:07Z,5.552,0,Metinic
1349,2021-04-20T04:16:07Z,5.552,0,Metinic
1350,2021-04-20T04:21:07Z,5.552,0,Metinic
1351,2021-04-20T04:26:07Z,5.552,0,Metinic
1352,2021-04-20T04:31:07Z,5.552,0,Metinic
1353,2021-04-20T04:36:07Z,5.552,0,Metinic
1354,2021-04-20T04:41:07Z,5.552,0,Metinic
1355,2021-04-20T04:46:07Z,5.552,0,Metinic
1356,2021-04-20T04:51:07Z,5.552,0,Metinic
1357,2021-04-20T04:56:07Z,5.552,0,Metinic
1358,2021-04-20T05:01:07Z,5.552,0,Metinic
1359,2021-04-20T05:06:07Z,5.552,0,Metinic
1360,2021-04-20T05:11:07Z,5.552,0,Metinic
1361,2021-04-20T05:16:07Z,5.552,0,Metinic
1362,2021-04-20T05:21:07Z,5.552,0,Metinic
1363,2021-04-20T05:26:07Z,5.654999999999999,0,Metinic
1364,2021-04-20T05:31:07Z,5.654999999999999,0,Metinic
1365,2021-04-20T05:36:07Z,5.654999999999999,0,Metinic
1366,2021-04-20T05:41:07Z,5.552,0,Metinic
1367,2021-04-20T05:46:07Z,5.552,0,Metinic
1368,2021-04-20T05:51:07Z,5.552,0,Metinic
1369,2021-04-20T05:56:07Z,5.552,0,Metinic
1370,2021-04-20T06:01:07Z,5.552,0,Metinic
1371,2021-04-20T06:06:07Z,5.552,0,Metinic
1372,2021-04-20T06:11:07Z,5.552,0,Metinic
1373,2021-04-20T06:16:07Z,5.552,0,Metinic
1374,2021-04-20T06:21:07Z,5.552,0,Metinic
1375,2021-04-20T06:26:07Z,5.552,0,Metinic
1376,2021-04-20T06:31:07Z,5.552,0,Metinic
1377,2021-04-20T06:36:07Z,5.552,0,Metinic
1378,2021-04-20T06:41:07Z,5.552,0,Metinic
1379,2021-04-20T06:46:07Z,5.552,0,Metinic
1380,2021-04-20T06:51:07Z,5.552,0,Metinic
1381,2021-04-20T06:56:07Z,5.552,0,Metinic
1382,2021-04-20T07:01:07Z,5.552,0,Metinic
1383,2021-04-20T07:06:07Z,5.654999999999999,0,Metinic
1384,2021-04-20T07:11:07Z,5.654999999999999,0,Metinic
1385,2021-04-20T07:16:07Z,5.654999999999999,0,Metinic
1386,2021-04-20T07:21:07Z,5.654999999999999,0,Metinic
1387,2021-04-20T07:26:07Z,5.654999999999999,0,Metinic
1388,2021-04-20T07:31:07Z,5.654999999999999,0,Metinic
1389,2021-04-20T07:36:07Z,5.654999999999999,0,Metinic
1390,2021-04-20T07:41:07Z,5.654999999999999,0,Metinic
1391,2021-04-20T07:46:07Z,5.654999999999999,0,Metinic
1392,2021-04-20T07:51:07Z,5.654999999999999,0,Metinic
1393,2021-04-20T07:56:07Z,5.654999999999999,0,Metinic
1394,2021-04-20T08:01:07Z,5.654999999999999,0,Metinic
1395,2021-04-20T08:06:07Z,5.654999999999999,0,Metinic
1396,2021-04-20T08:11:07Z,5.654999999999999,0,Metinic
1397,2021-04-20T08:16:07Z,5.654999999999999,0,Metinic
1398,2021-04-20T08:21:07Z,5.654999999999999,0,Metinic
1399,2021-04-20T08:26:07Z,5.654999999999999,0,Metinic
1400,2021-04-20T08:31:07Z,5.654999999999999,0,Metinic
1401,2021-04-20T08:36:07Z,5.654999999999999,0,Metinic
1402,2021-04-20T08:41:07Z,5.654999999999999,0,Metinic
1403,2021-04-20T08:46:07Z,5.654999999999999,0,Metinic
1404,2021-04-20T08:51:07Z,5.654999999999999,0,Metinic
1405,2021-04-20T08:56:07Z,5.654999999999999,0,Metinic
1406,2021-04-20T09:01:07Z,5.654999999999999,0,Metinic
1407,2021-04-20T09:06:07Z,5.654999999999999,0,Metinic
1408,2021-04-20T09:11:07Z,5.654999999999999,0,Metinic
1409,2021-04-20T09:16:07Z,5.757,0,Metinic
1410,2021-04-20T09:21:07Z,5.757,0,Metinic
1411,2021-04-20T09:26:07Z,5.859999999999999,0,Metinic
1412,2021-04-20T09:31:07Z,5.859999999999999,0,Metinic
1413,2021-04-20T09:36:07Z,5.859999999999999,0,Metinic
1414,2021-04-20T09:41:07Z,5.859999999999999,0,Metinic
1415,2021-04-20T09:46:07Z,5.859999999999999,0,Metinic
1416,2021-04-20T09:51:07Z,5.859999999999999,0,Metinic
1417,2021-04-20T09:56:07Z,5.859999999999999,1,Metinic
1418,2021-04-20T10:01:07Z,5.859999999999999,2,Metinic
1419,2021-04-20T10:06:07Z,5.859999999999999,2,Metinic
1420,2021-04-20T10:11:07Z,5.859999999999999,3,Metinic
1421,2021-04-20T10:16:07Z,5.859999999999999,4,Metinic
1422,2021-04-20T10:21:07Z,5.962,5,Metinic
1423,2021-04-20T10:26:07Z,5.962,6,Metinic
1424,2021-04-20T10:31:07Z,5.962,6,Metinic
1425,2021-04-20T10:36:07Z,5.962,6,Metinic
1426,2021-04-20T10:41:07Z,6.063999999999999,7,Metinic
1427,2021-04-20T10:46:07Z,6.063999999999999,8,Metinic
1428,2021-04-20T10:51:07Z,6.063999999999999,9,Metinic
1429,2021-04-20T10:56:07Z,6.063999999999999,10,Metinic
1430,2021-04-20T11:01:07Z,6.063999999999999,11,Metinic
1431,2021-04-20T11:06:07Z,6.063999999999999,11,Metinic
1432,2021-04-20T11:11:07Z,6.063999999999999,12,Metinic
1433,2021-04-20T11:16:07Z,6.063999999999999,13,Metinic
1434,2021-04-20T11:21:07Z,6.063999999999999,14,Metinic
1435,2021-04-20T11:26:07Z,6.063999999999999,15,Metinic
1436,2021-04-20T11:31:07Z,6.063999999999999,16,Metinic
1437,2021-04-20T11:36:07Z,6.063999999999999,16,Metinic
1438,2021-04-20T11:41:07Z,6.063999999999999,17,Metinic
1439,2021-04-20T11:46:07Z,6.063999999999999,19,Metinic
1440,2021-04-20T11:51:07Z,6.1659999999999995,19,Metinic
1441,2021-04-20T11:56:07Z,6.1659999999999995,20,Metinic
1442,2021-04-20T12:01:07Z,6.1659999999999995,22,Metinic
1443,2021-04-20T12:06:07Z,6.1659999999999995,23,Metinic
1444,2021-04-20T12:11:07Z,6.1659999999999995,25,Metinic
1445,2021-04-20T12:16:07Z,6.1659999999999995,25,Metinic
1446,2021-04-20T12:21:07Z,6.1659999999999995,26,Metinic
1447,2021-04-20T12:26:07Z,6.1659999999999995,28,Metinic
1448,2021-04-20T12:31:07Z,6.1659999999999995,30,Metinic
1449,2021-04-20T12:36:07Z,6.1659999999999995,32,Metinic
1450,2021-04-20T12:41:07Z,6.1659999999999995,33,Metinic
1451,2021-04-20T12:46:07Z,6.063999999999999,35,Metinic
1452,2021-04-20T12:51:07Z,6.063999999999999,37,Metinic
1453,2021-04-20T12:56:07Z,6.063999999999999,37,Metinic
1454,2021-04-20T13:01:07Z,6.063999999999999,40,Metinic
1455,2021-04-20T13:06:07Z,6.1659999999999995,41,Metinic
1456,2021-04-20T13:11:07Z,6.1659999999999995,44,Metinic
1457,2021-04-20T13:16:07Z,6.1659999999999995,38,Metinic
1458,2021-04-20T13:21:07Z,6.1659999999999995,49,Metinic
1459,2021-04-20T13:26:07Z,6.1659999999999995,52,Metinic
1460,2021-04-20T13:31:07Z,6.1659999999999995,46,Metinic
1461,2021-04-20T13:36:07Z,6.268,45,Metinic
1462,2021-04-20T13:41:07Z,6.37,54,Metinic
1463,2021-04-20T13:46:07Z,6.37,55,Metinic
1464,2021-04-20T13:51:07Z,6.471000000000001,59,Metinic
1465,2021-04-20T13:56:07Z,6.471000000000001,65,Metinic
1466,2021-04-20T14:01:07Z,6.471000000000001,76,Metinic
1467,2021-04-20T14:06:07Z,6.573,82,Metinic
1468,2021-04-20T14:11:07Z,6.573,88,Metinic
1469,2021-04-20T14:16:07Z,6.573,99,Metinic
1470,2021-04-20T14:21:07Z,6.37,61,Metinic
1471,2021-04-20T14:26:07Z,6.37,57,Metinic
1472,2021-04-20T14:31:07Z,6.37,51,Metinic
1473,2021-04-20T14:36:07Z,6.471000000000001,77,Metinic
1474,2021-04-20T14:41:07Z,6.573,100,Metinic
1475,2021-04-20T14:46:07Z,6.37,93,Metinic
1476,2021-04-20T14:51:07Z,6.268,77,Metinic
1477,2021-04-20T14:56:07Z,6.268,101,Metinic
1478,2021-04-20T15:01:07Z,6.063999999999999,103,Metinic
1479,2021-04-20T15:06:07Z,5.962,102,Metinic
1480,2021-04-20T15:11:07Z,6.063999999999999,111,Metinic
1481,2021-04-20T15:16:07Z,6.063999999999999,121,Metinic
1482,2021-04-20T15:21:07Z,6.063999999999999,125,Metinic
1483,2021-04-20T15:26:07Z,5.962,125,Metinic
1484,2021-04-20T15:31:07Z,5.859999999999999,97,Metinic
1485,2021-04-20T15:36:07Z,5.859999999999999,120,Metinic
1486,2021-04-20T15:41:07Z,5.962,136,Metinic
1487,2021-04-20T15:46:07Z,5.962,160,Metinic
1488,2021-04-20T15:51:07Z,5.962,176,Metinic
1489,2021-04-20T15:56:07Z,5.859999999999999,125,Metinic
1490,2021-04-20T16:01:07Z,5.859999999999999,152,Metinic
1491,2021-04-20T16:06:07Z,5.859999999999999,136,Metinic
1492,2021-04-20T16:11:07Z,5.859999999999999,108,Metinic
1493,2021-04-20T16:16:07Z,5.859999999999999,152,Metinic
1494,2021-04-20T16:21:07Z,5.859999999999999,128,Metinic
1495,2021-04-20T16:26:07Z,5.757,93,Metinic
1496,2021-04-20T16:31:07Z,5.962,144,Metinic
1497,2021-04-20T16:36:07Z,6.063999999999999,160,Metinic
1498,2021-04-20T16:41:07Z,5.962,152,Metinic
1499,2021-04-20T16:46:07Z,5.962,200,Metinic
1500,2021-04-20T16:51:07Z,5.859999999999999,128,Metinic
1501,2021-04-20T16:56:07Z,5.859999999999999,184,Metinic
1502,2021-04-20T17:01:07Z,5.859999999999999,200,Metinic
1503,2021-04-20T17:06:07Z,5.859999999999999,136,Metinic
1504,2021-04-20T17:11:07Z,5.757,128,Metinic
1505,2021-04-20T17:16:07Z,5.859999999999999,168,Metinic
1506,2021-04-20T17:21:07Z,5.757,128,Metinic
1507,2021-04-20T17:26:07Z,5.757,136,Metinic
1508,2021-04-20T17:31:07Z,5.757,128,Metinic
1509,2021-04-20T17:36:07Z,5.757,128,Metinic
1510,2021-04-20T17:41:07Z,5.757,128,Metinic
1511,2021-04-20T17:46:07Z,5.859999999999999,160,Metinic
1512,2021-04-20T17:51:07Z,5.962,192,Metinic
1513,2021-04-20T17:56:07Z,5.962,168,Metinic
1514,2021-04-20T18:01:07Z,5.962,208,Metinic
1515,2021-04-20T18:06:07Z,5.962,168,Metinic
1516,2021-04-20T18:11:07Z,5.859999999999999,208,Metinic
1517,2021-04-20T18:16:07Z,5.859999999999999,168,Metinic
1518,2021-04-20T18:21:07Z,5.859999999999999,224,Metinic
1519,2021-04-20T18:26:07Z,5.859999999999999,160,Metinic
1520,2021-04-20T18:31:07Z,5.962,168,Metinic
1521,2021-04-20T18:36:07Z,5.962,128,Metinic
1522,2021-04-20T18:41:07Z,6.063999999999999,128,Metinic
1523,2021-04-20T18:46:07Z,6.063999999999999,152,Metinic
1524,2021-04-20T18:51:07Z,6.1659999999999995,176,Metinic
1525,2021-04-20T18:56:07Z,6.1659999999999995,168,Metinic
1526,2021-04-20T19:01:07Z,6.1659999999999995,192,Metinic
1527,2021-04-20T19:06:07Z,6.063999999999999,168,Metinic
1528,2021-04-20T19:11:07Z,6.063999999999999,168,Metinic
1529,2021-04-20T19:16:07Z,5.962,192,Metinic
1530,2021-04-20T19:21:07Z,5.962,192,Metinic
1531,2021-04-20T19:26:07Z,5.962,160,Metinic
1532,2021-04-20T19:31:07Z,5.962,70,Metinic
1533,2021-04-20T19:36:07Z,5.859999999999999,84,Metinic
1534,2021-04-20T19:41:07Z,5.859999999999999,82,Metinic
1535,2021-04-20T19:46:07Z,5.859999999999999,75,Metinic
1536,2021-04-20T19:51:07Z,5.757,67,Metinic
1537,2021-04-20T19:56:07Z,5.757,99,Metinic
1538,2021-04-20T20:01:07Z,5.757,57,Metinic
1539,2021-04-20T20:06:07Z,5.757,49,Metinic
1540,2021-04-20T20:11:07Z,5.757,44,Metinic
1541,2021-04-20T20:16:07Z,5.757,62,Metinic
1542,2021-04-20T20:21:07Z,5.757,128,Metinic
1543,2021-04-20T20:26:07Z,5.757,120,Metinic
1544,2021-04-20T20:31:07Z,5.757,52,Metinic
1545,2021-04-20T20:36:07Z,5.757,45,Metinic
1546,2021-04-20T20:41:07Z,5.757,47,Metinic
1547,2021-04-20T20:46:07Z,5.757,68,Metinic
1548,2021-04-20T20:51:07Z,5.757,82,Metinic
1549,2021-04-20T20:56:07Z,5.757,80,Metinic
1550,2021-04-20T21:01:07Z,5.757,128,Metinic
1551,2021-04-20T21:06:07Z,5.757,91,Metinic
1552,2021-04-20T21:11:07Z,5.757,96,Metinic
1553,2021-04-20T21:16:07Z,5.757,100,Metinic
1554,2021-04-20T21:21:07Z,5.757,93,Metinic
1555,2021-04-20T21:26:07Z,5.757,107,Metinic
1556,2021-04-20T21:31:07Z,5.757,74,Metinic
1557,2021-04-20T21:36:07Z,5.757,78,Metinic
1558,2021-04-20T21:41:07Z,5.757,68,Metinic
1559,2021-04-20T21:46:07Z,5.859999999999999,69,Metinic
1560,2021-04-20T21:51:07Z,5.859999999999999,66,Metinic
1561,2021-04-20T21:56:07Z,5.859999999999999,39,Metinic
1562,2021-04-20T22:01:07Z,5.859999999999999,51,Metinic
1563,2021-04-20T22:06:07Z,5.962,51,Metinic
1564,2021-04-20T22:11:07Z,5.962,37,Metinic
1565,2021-04-20T22:16:07Z,5.962,32,Metinic
1566,2021-04-20T22:21:07Z,5.962,16,Metinic
1567,2021-04-20T22:26:07Z,6.063999999999999,25,Metinic
1568,2021-04-20T22:31:07Z,6.063999999999999,17,Metinic
1569,2021-04-20T22:36:07Z,6.063999999999999,17,Metinic
1570,2021-04-20T22:41:07Z,6.063999999999999,15,Metinic
1571,2021-04-20T22:46:07Z,6.063999999999999,14,Metinic
1572,2021-04-20T22:51:07Z,6.1659999999999995,10,Metinic
1573,2021-04-20T22:56:07Z,6.268,7,Metinic
1574,2021-04-20T23:01:07Z,6.268,5,Metinic
1575,2021-04-20T23:06:07Z,6.268,3,Metinic
1576,2021-04-20T23:11:07Z,6.37,3,Metinic
1577,2021-04-20T23:16:07Z,6.37,1,Metinic
1578,2021-04-20T23:21:07Z,6.37,1,Metinic
1579,2021-04-20T23:26:07Z,6.37,0,Metinic
1580,2021-04-20T23:31:07Z,6.471000000000001,0,Metinic
1581,2021-04-20T23:36:07Z,6.471000000000001,0,Metinic
1582,2021-04-20T23:41:07Z,6.37,0,Metinic
1583,2021-04-20T23:46:07Z,6.37,0,Metinic
1584,2021-04-20T23:51:07Z,6.37,0,Metinic
1585,2021-04-20T23:56:07Z,6.37,0,Metinic
1586,2021-04-21T00:01:07Z,6.37,0,Metinic
1587,2021-04-21T00:06:07Z,6.37,0,Metinic
1588,2021-04-21T00:11:07Z,6.37,0,Metinic
1589,2021-04-21T00:16:07Z,6.37,0,Metinic
1590,2021-04-21T00:21:07Z,6.37,0,Metinic
1591,2021-04-21T00:26:07Z,6.37,0,Metinic
1592,2021-04-21T00:31:07Z,6.268,0,Metinic
1593,2021-04-21T00:36:07Z,6.1659999999999995,0,Metinic
1594,2021-04-21T00:41:07Z,6.1659999999999995,0,Metinic
1595,2021-04-21T00:46:07Z,6.063999999999999,0,Metinic
1596,2021-04-21T00:51:07Z,6.063999999999999,0,Metinic
1597,2021-04-21T00:56:07Z,6.063999999999999,0,Metinic
1598,2021-04-21T01:01:07Z,5.962,0,Metinic
1599,2021-04-21T01:06:07Z,5.962,0,Metinic
1600,2021-04-21T01:11:07Z,5.859999999999999,0,Metinic
1601,2021-04-21T01:16:07Z,5.859999999999999,0,Metinic
1602,2021-04-21T01:21:07Z,5.757,0,Metinic
1603,2021-04-21T01:26:07Z,5.757,0,Metinic
1604,2021-04-21T01:31:07Z,5.757,0,Metinic
1605,2021-04-21T01:36:07Z,5.757,0,Metinic
1606,2021-04-21T01:41:07Z,5.757,0,Metinic
1607,2021-04-21T01:46:07Z,5.757,0,Metinic
1608,2021-04-21T01:51:07Z,5.757,0,Metinic
1609,2021-04-21T01:56:07Z,5.757,0,Metinic
1610,2021-04-21T02:01:07Z,5.757,0,Metinic
1611,2021-04-21T02:06:07Z,5.654999999999999,0,Metinic
1612,2021-04-21T02:11:07Z,5.654999999999999,0,Metinic
1613,2021-04-21T02:16:07Z,5.654999999999999,0,Metinic
1614,2021-04-21T02:21:07Z,5.654999999999999,0,Metinic
1615,2021-04-21T02:26:07Z,5.654999999999999,0,Metinic
1616,2021-04-21T02:31:07Z,5.654999999999999,0,Metinic
1617,2021-04-21T02:36:07Z,5.654999999999999,0,Metinic
1618,2021-04-21T02:41:07Z,5.654999999999999,0,Metinic
1619,2021-04-21T02:46:07Z,5.654999999999999,0,Metinic
1620,2021-04-21T02:51:07Z,5.654999999999999,0,Metinic
1621,2021-04-21T02:56:07Z,5.654999999999999,0,Metinic
1622,2021-04-21T03:01:07Z,5.654999999999999,0,Metinic
1623,2021-04-21T03:06:07Z,5.654999999999999,0,Metinic
1624,2021-04-21T03:11:07Z,5.654999999999999,0,Metinic
1625,2021-04-21T03:16:07Z,5.654999999999999,0,Metinic
1626,2021-04-21T03:21:07Z,5.654999999999999,0,Metinic
1627,2021-04-21T03:26:07Z,5.654999999999999,0,Metinic
1628,2021-04-21T03:31:07Z,5.654999999999999,0,Metinic
1629,2021-04-21T03:36:07Z,5.654999999999999,0,Metinic
1630,2021-04-21T03:41:07Z,5.654999999999999,0,Metinic
1631,2021-04-21T03:46:07Z,5.654999999999999,0,Metinic
1632,2021-04-21T03:51:07Z,5.654999999999999,0,Metinic
1633,2021-04-21T03:56:07Z,5.757,0,Metinic
1634,2021-04-21T04:01:07Z,5.757,0,Metinic
1635,2021-04-21T04:06:07Z,5.757,0,Metinic
1636,2021-04-21T04:11:07Z,5.757,0,Metinic
1637,2021-04-21T04:16:07Z,5.757,0,Metinic
1638,2021-04-21T04:21:07Z,5.757,0,Metinic
1639,2021-04-21T04:26:07Z,5.654999999999999,0,Metinic
1640,2021-04-21T04:31:07Z,5.654999999999999,0,Metinic
1641,2021-04-21T04:36:07Z,5.654999999999999,0,Metinic
1642,2021-04-21T04:41:07Z,5.654999999999999,0,Metinic
1643,2021-04-21T04:46:07Z,5.654999999999999,0,Metinic
1644,2021-04-21T04:51:07Z,5.654999999999999,0,Metinic
1645,2021-04-21T04:56:07Z,5.654999999999999,0,Metinic
1646,2021-04-21T05:01:07Z,5.654999999999999,0,Metinic
1647,2021-04-21T05:06:07Z,5.654999999999999,0,Metinic
1648,2021-04-21T05:11:07Z,5.654999999999999,0,Metinic
1649,2021-04-21T05:16:07Z,5.654999999999999,0,Metinic
1650,2021-04-21T05:21:07Z,5.552,0,Metinic
1651,2021-04-21T05:26:07Z,5.552,0,Metinic
1652,2021-04-21T05:31:07Z,5.552,0,Metinic
1653,2021-04-21T05:36:07Z,5.654999999999999,0,Metinic
1654,2021-04-21T05:41:07Z,5.654999999999999,0,Metinic
1655,2021-04-21T05:46:07Z,5.552,0,Metinic
1656,2021-04-21T05:51:07Z,5.552,0,Metinic
1657,2021-04-21T05:56:07Z,5.552,0,Metinic
1658,2021-04-21T06:01:07Z,5.552,0,Metinic
1659,2021-04-21T06:06:07Z,5.552,0,Metinic
1660,2021-04-21T06:11:07Z,5.552,0,Metinic
1661,2021-04-21T06:16:07Z,5.552,0,Metinic
1662,2021-04-21T06:21:07Z,5.552,0,Metinic
1663,2021-04-21T06:26:07Z,5.654999999999999,0,Metinic
1664,2021-04-21T06:31:07Z,5.654999999999999,0,Metinic
1665,2021-04-21T06:36:07Z,5.654999999999999,0,Metinic
1666,2021-04-21T06:41:07Z,5.757,0,Metinic
1667,2021-04-21T06:46:07Z,5.757,0,Metinic
1668,2021-04-21T06:51:07Z,5.757,0,Metinic
1669,2021-04-21T06:56:07Z,5.757,0,Metinic
1670,2021-04-21T07:01:07Z,5.757,0,Metinic
1671,2021-04-21T07:06:07Z,5.859999999999999,0,Metinic
1672,2021-04-21T07:11:07Z,5.859999999999999,0,Metinic
1673,2021-04-21T07:16:07Z,5.859999999999999,0,Metinic
1674,2021-04-21T07:21:07Z,5.962,0,Metinic
1675,2021-04-21T07:26:07Z,5.962,0,Metinic
1676,2021-04-21T07:31:07Z,5.962,0,Metinic
1677,2021-04-21T07:36:07Z,5.962,0,Metinic
1678,2021-04-21T07:41:07Z,5.962,0,Metinic
1679,2021-04-21T07:46:07Z,5.962,0,Metinic
1680,2021-04-21T07:51:07Z,5.962,0,Metinic
1681,2021-04-21T07:56:07Z,5.962,0,Metinic
1682,2021-04-21T08:01:07Z,5.962,0,Metinic
1683,2021-04-21T08:06:07Z,5.962,0,Metinic
1684,2021-04-21T08:11:07Z,6.063999999999999,0,Metinic
1685,2021-04-21T08:16:07Z,6.063999999999999,0,Metinic
1686,2021-04-21T08:21:07Z,6.063999999999999,0,Metinic
1687,2021-04-21T08:26:07Z,6.1659999999999995,0,Metinic
1688,2021-04-21T08:31:07Z,6.1659999999999995,0,Metinic
1689,2021-04-21T08:36:07Z,6.1659999999999995,0,Metinic
1690,2021-04-21T08:41:07Z,6.268,0,Metinic
1691,2021-04-21T08:46:07Z,6.268,0,Metinic
1692,2021-04-21T08:51:07Z,6.268,0,Metinic
1693,2021-04-21T08:56:07Z,6.063999999999999,0,Metinic
1694,2021-04-21T09:01:07Z,6.1659999999999995,0,Metinic
1695,2021-04-21T09:06:07Z,6.1659999999999995,0,Metinic
1696,2021-04-21T09:11:07Z,6.1659999999999995,0,Metinic
1697,2021-04-21T09:16:07Z,6.268,0,Metinic
1698,2021-04-21T09:21:07Z,6.268,0,Metinic
1699,2021-04-21T09:26:07Z,6.268,0,Metinic
1700,2021-04-21T09:31:07Z,6.268,0,Metinic
1701,2021-04-21T09:36:07Z,6.268,0,Metinic
1702,2021-04-21T09:41:07Z,6.268,0,Metinic
1703,2021-04-21T09:46:07Z,6.268,0,Metinic
1704,2021-04-21T09:51:07Z,6.268,0,Metinic
1705,2021-04-21T09:56:07Z,6.268,1,Metinic
1706,2021-04-21T10:01:07Z,6.268,2,Metinic
1707,2021-04-21T10:06:07Z,6.268,2,Metinic
1708,2021-04-21T10:11:07Z,6.268,3,Metinic
1709,2021-04-21T10:16:07Z,6.268,5,Metinic
1710,2021-04-21T10:21:07Z,6.268,6,Metinic
1711,2021-04-21T10:26:07Z,6.268,6,Metinic
1712,2021-04-21T10:31:07Z,6.268,8,Metinic
1713,2021-04-21T10:36:07Z,6.268,9,Metinic
1714,2021-04-21T10:41:07Z,6.268,10,Metinic
1715,2021-04-21T10:46:07Z,6.268,10,Metinic
1716,2021-04-21T10:51:07Z,6.268,18,Metinic
1717,2021-04-21T10:56:07Z,6.37,13,Metinic
1718,2021-04-21T11:01:07Z,6.37,14,Metinic
1719,2021-04-21T11:06:07Z,6.37,14,Metinic
1720,2021-04-21T11:11:07Z,6.37,14,Metinic
1721,2021-04-21T11:16:07Z,6.37,14,Metinic
1722,2021-04-21T11:21:07Z,6.37,17,Metinic
1723,2021-04-21T11:26:07Z,6.37,19,Metinic
1724,2021-04-21T11:31:07Z,6.37,18,Metinic
1725,2021-04-21T11:36:07Z,6.37,20,Metinic
1726,2021-04-21T11:41:07Z,6.37,22,Metinic
1727,2021-04-21T11:46:07Z,6.37,22,Metinic
1728,2021-04-21T11:51:07Z,6.37,24,Metinic
1729,2021-04-21T11:56:07Z,6.37,23,Metinic
1730,2021-04-21T12:01:07Z,6.37,26,Metinic
1731,2021-04-21T12:06:07Z,6.37,27,Metinic
1732,2021-04-21T12:11:07Z,6.37,27,Metinic
1733,2021-04-21T12:16:07Z,6.37,30,Metinic
1734,2021-04-21T12:21:07Z,6.37,31,Metinic
1735,2021-04-21T12:26:07Z,6.268,37,Metinic
1736,2021-04-21T12:31:07Z,6.268,54,Metinic
1737,2021-04-21T12:36:07Z,6.268,33,Metinic
1738,2021-04-21T12:41:07Z,6.268,33,Metinic
1739,2021-04-21T12:46:07Z,6.37,48,Metinic
1740,2021-04-21T12:51:07Z,6.37,47,Metinic
1741,2021-04-21T12:56:07Z,6.37,51,Metinic
1742,2021-04-21T13:01:07Z,6.37,76,Metinic
1743,2021-04-21T13:06:07Z,6.471000000000001,37,Metinic
1744,2021-04-21T13:11:07Z,6.573,52,Metinic
1745,2021-04-21T13:16:07Z,6.573,56,Metinic
1746,2021-04-21T13:21:07Z,6.6739999999999995,39,Metinic
1747,2021-04-21T13:26:07Z,6.6739999999999995,62,Metinic
1748,2021-04-21T13:31:07Z,6.6739999999999995,50,Metinic
1749,2021-04-21T13:36:07Z,6.6739999999999995,40,Metinic
1750,2021-04-21T13:41:07Z,6.6739999999999995,46,Metinic
1751,2021-04-21T13:46:07Z,6.6739999999999995,55,Metinic
1752,2021-04-21T13:51:07Z,6.775,50,Metinic
1753,2021-04-21T13:56:07Z,6.775,49,Metinic
1754,2021-04-21T14:01:07Z,6.877,76,Metinic
1755,2021-04-21T14:06:07Z,6.877,85,Metinic
1756,2021-04-21T14:11:07Z,6.877,82,Metinic
1757,2021-04-21T14:16:07Z,6.6739999999999995,75,Metinic
1758,2021-04-21T14:21:07Z,6.573,92,Metinic
1759,2021-04-21T14:26:07Z,6.573,98,Metinic
1760,2021-04-21T14:31:07Z,6.6739999999999995,144,Metinic
1761,2021-04-21T14:36:07Z,6.6739999999999995,91,Metinic
1762,2021-04-21T14:41:07Z,6.6739999999999995,89,Metinic
1763,2021-04-21T14:46:07Z,6.6739999999999995,99,Metinic
1764,2021-04-21T14:51:07Z,6.775,93,Metinic
1765,2021-04-21T14:56:07Z,6.775,95,Metinic
1766,2021-04-21T15:01:07Z,6.775,117,Metinic
1767,2021-04-21T15:06:07Z,6.775,128,Metinic
1768,2021-04-21T15:11:07Z,6.775,136,Metinic
1769,2021-04-21T15:16:07Z,6.6739999999999995,112,Metinic
1770,2021-04-21T15:21:07Z,6.6739999999999995,128,Metinic
1771,2021-04-21T15:26:07Z,6.775,136,Metinic
1772,2021-04-21T15:31:07Z,6.775,115,Metinic
1773,2021-04-21T15:36:07Z,6.775,184,Metinic
1774,2021-04-21T15:41:07Z,6.775,118,Metinic
1775,2021-04-21T15:46:07Z,6.775,136,Metinic
1776,2021-04-21T15:51:07Z,6.6739999999999995,160,Metinic
1777,2021-04-21T15:56:07Z,6.6739999999999995,224,Metinic
1778,2021-04-21T16:01:07Z,6.6739999999999995,121,Metinic
1779,2021-04-21T16:06:07Z,6.471000000000001,128,Metinic
1780,2021-04-21T16:11:07Z,6.471000000000001,160,Metinic
1781,2021-04-21T16:16:07Z,6.573,160,Metinic
1782,2021-04-21T16:21:07Z,6.6739999999999995,95,Metinic
1783,2021-04-21T16:26:07Z,6.1659999999999995,168,Metinic
1784,2021-04-21T16:31:07Z,6.268,216,Metinic
1785,2021-04-21T16:36:07Z,6.268,176,Metinic
1786,2021-04-21T16:41:07Z,6.37,176,Metinic
1787,2021-04-21T16:46:07Z,6.37,224,Metinic
1788,2021-04-21T16:51:07Z,6.573,168,Metinic
1789,2021-04-21T16:56:07Z,6.573,232,Metinic
1790,2021-04-21T17:01:07Z,6.573,192,Metinic
1791,2021-04-21T17:06:07Z,6.268,144,Metinic
1792,2021-04-21T17:11:07Z,6.063999999999999,192,Metinic
1793,2021-04-21T17:16:07Z,6.063999999999999,256,Metinic
1794,2021-04-21T17:21:07Z,6.063999999999999,240,Metinic
1795,2021-04-21T17:26:07Z,6.063999999999999,232,Metinic
1796,2021-04-21T17:31:07Z,5.962,240,Metinic
1797,2021-04-21T17:36:07Z,5.962,160,Metinic
1798,2021-04-21T17:41:07Z,5.859999999999999,248,Metinic
1799,2021-04-21T17:46:07Z,5.962,336,Metinic
1800,2021-04-21T17:51:07Z,6.063999999999999,176,Metinic
1801,2021-04-21T17:56:07Z,6.1659999999999995,224,Metinic
1802,2021-04-21T18:01:07Z,6.268,192,Metinic
1803,2021-04-21T18:06:07Z,6.268,208,Metinic
1804,2021-04-21T18:11:07Z,6.063999999999999,224,Metinic
1805,2021-04-21T18:16:07Z,6.1659999999999995,123,Metinic
1806,2021-04-21T18:21:07Z,6.1659999999999995,184,Metinic
1807,2021-04-21T18:26:07Z,6.268,288,Metinic
1808,2021-04-21T18:31:07Z,6.268,78,Metinic
1809,2021-04-21T18:36:07Z,6.37,89,Metinic
1810,2021-04-21T18:41:07Z,6.268,184,Metinic
1811,2021-04-21T18:46:07Z,6.1659999999999995,114,Metinic
1812,2021-04-21T18:51:07Z,6.268,336,Metinic
1813,2021-04-21T18:56:07Z,6.268,109,Metinic
1814,2021-04-21T19:01:07Z,6.37,136,Metinic
1815,2021-04-21T19:06:07Z,6.268,87,Metinic
1816,2021-04-21T19:11:07Z,6.268,78,Metinic
1817,2021-04-21T19:16:07Z,6.1659999999999995,66,Metinic
1818,2021-04-21T19:21:07Z,6.063999999999999,120,Metinic
1819,2021-04-21T19:26:07Z,6.063999999999999,96,Metinic
1820,2021-04-21T19:31:07Z,6.1659999999999995,480,Metinic
1821,2021-04-21T19:36:07Z,6.1659999999999995,122,Metinic
1822,2021-04-21T19:41:07Z,6.1659999999999995,184,Metinic
1823,2021-04-21T19:46:07Z,6.268,63,Metinic
1824,2021-04-21T19:51:07Z,6.37,136,Metinic
1825,2021-04-21T19:56:07Z,6.471000000000001,160,Metinic
1826,2021-04-21T20:01:07Z,6.573,184,Metinic
1827,2021-04-21T20:06:07Z,6.573,120,Metinic
1828,2021-04-21T20:11:07Z,6.573,53,Metinic
1829,2021-04-21T20:16:07Z,6.6739999999999995,75,Metinic
1830,2021-04-21T20:21:07Z,6.6739999999999995,87,Metinic
1831,2021-04-21T20:26:07Z,6.775,52,Metinic
1832,2021-04-21T20:31:07Z,6.775,46,Metinic
1833,2021-04-21T20:36:07Z,6.775,47,Metinic
1834,2021-04-21T20:41:07Z,6.573,39,Metinic
1835,2021-04-21T20:46:07Z,6.573,11,Metinic
1836,2021-04-21T20:51:07Z,6.573,18,Metinic
1837,2021-04-21T20:56:07Z,6.6739999999999995,35,Metinic
1838,2021-04-21T21:01:07Z,6.775,22,Metinic
1839,2021-04-21T21:06:07Z,6.775,26,Metinic
1840,2021-04-21T21:11:07Z,6.775,18,Metinic
1841,2021-04-21T21:16:07Z,6.877,20,Metinic
1842,2021-04-21T21:21:07Z,6.877,65,Metinic
1843,2021-04-21T21:26:07Z,6.6739999999999995,38,Metinic
1844,2021-04-21T21:31:07Z,6.573,8,Metinic
1845,2021-04-21T21:36:07Z,6.471000000000001,13,Metinic
1846,2021-04-21T21:41:07Z,6.37,24,Metinic
1847,2021-04-21T21:46:07Z,6.37,12,Metinic
1848,2021-04-21T21:51:07Z,6.268,22,Metinic
1849,2021-04-21T21:56:07Z,6.268,5,Metinic
1850,2021-04-21T22:01:07Z,6.37,2,Metinic
1851,2021-04-21T22:06:07Z,6.37,10,Metinic
1852,2021-04-21T22:11:07Z,6.471000000000001,5,Metinic
1853,2021-04-21T22:16:07Z,6.471000000000001,4,Metinic
1854,2021-04-21T22:21:07Z,6.471000000000001,5,Metinic
1855,2021-04-21T22:26:07Z,6.573,7,Metinic
1856,2021-04-21T22:31:07Z,6.573,2,Metinic
1857,2021-04-21T22:36:07Z,6.471000000000001,3,Metinic
1858,2021-04-21T22:41:07Z,6.471000000000001,2,Metinic
1859,2021-04-21T22:46:07Z,6.37,1,Metinic
1860,2021-04-21T22:51:07Z,6.37,0,Metinic
1861,2021-04-21T22:56:07Z,6.268,0,Metinic
1862,2021-04-21T23:01:07Z,6.268,0,Metinic
1863,2021-04-21T23:06:07Z,6.268,0,Metinic
1864,2021-04-21T23:11:07Z,6.1659999999999995,0,Metinic
1865,2021-04-21T23:16:07Z,6.1659999999999995,0,Metinic
1866,2021-04-21T23:21:07Z,6.063999999999999,0,Metinic
1867,2021-04-21T23:26:07Z,6.063999999999999,0,Metinic
1868,2021-04-21T23:31:07Z,6.063999999999999,0,Metinic
1869,2021-04-21T23:36:07Z,6.063999999999999,0,Metinic
1870,2021-04-21T23:41:07Z,6.1659999999999995,0,Metinic
1871,2021-04-21T23:46:07Z,6.1659999999999995,0,Metinic
1872,2021-04-21T23:51:07Z,6.268,0,Metinic
1873,2021-04-21T23:56:07Z,6.37,0,Metinic
1874,2021-04-22T00:01:07Z,6.37,0,Metinic
1875,2021-04-22T00:06:07Z,6.37,0,Metinic
1876,2021-04-22T00:11:07Z,6.37,0,Metinic
1877,2021-04-22T00:16:07Z,6.37,0,Metinic
1878,2021-04-22T00:21:07Z,6.37,0,Metinic
1879,2021-04-22T00:26:07Z,6.37,0,Metinic
1880,2021-04-22T00:31:07Z,6.37,0,Metinic
1881,2021-04-22T00:36:07Z,6.268,0,Metinic
1882,2021-04-22T00:41:07Z,6.268,0,Metinic
1883,2021-04-22T00:46:07Z,6.37,0,Metinic
1884,2021-04-22T00:51:07Z,6.37,0,Metinic
1885,2021-04-22T00:56:07Z,6.37,0,Metinic
1886,2021-04-22T01:01:07Z,6.37,0,Metinic
1887,2021-04-22T01:06:07Z,6.471000000000001,0,Metinic
1888,2021-04-22T01:11:07Z,6.471000000000001,0,Metinic
1889,2021-04-22T01:16:07Z,6.471000000000001,0,Metinic
1890,2021-04-22T01:21:07Z,6.471000000000001,0,Metinic
1891,2021-04-22T01:26:07Z,6.37,0,Metinic
1892,2021-04-22T01:31:07Z,6.37,0,Metinic
1893,2021-04-22T01:36:07Z,6.37,0,Metinic
1894,2021-04-22T01:41:07Z,6.471000000000001,0,Metinic
1895,2021-04-22T01:46:07Z,6.471000000000001,0,Metinic
1896,2021-04-22T01:51:07Z,6.471000000000001,0,Metinic
1897,2021-04-22T01:56:07Z,6.471000000000001,0,Metinic
1898,2021-04-22T02:01:07Z,6.471000000000001,0,Metinic
1899,2021-04-22T02:06:07Z,6.268,0,Metinic
1900,2021-04-22T02:11:07Z,6.268,0,Metinic
1901,2021-04-22T02:16:07Z,6.063999999999999,0,Metinic
1902,2021-04-22T02:21:07Z,5.962,0,Metinic
1903,2021-04-22T02:26:07Z,5.962,0,Metinic
1904,2021-04-22T02:31:07Z,5.859999999999999,0,Metinic
1905,2021-04-22T02:36:07Z,5.859999999999999,0,Metinic
1906,2021-04-22T02:41:07Z,5.757,0,Metinic
1907,2021-04-22T02:46:07Z,5.757,0,Metinic
1908,2021-04-22T02:51:07Z,5.757,0,Metinic
1909,2021-04-22T02:56:07Z,5.757,0,Metinic
1910,2021-04-22T03:01:07Z,5.962,0,Metinic
1911,2021-04-22T03:06:07Z,6.063999999999999,0,Metinic
1912,2021-04-22T03:11:07Z,6.268,0,Metinic
1913,2021-04-22T03:16:07Z,6.37,0,Metinic
1914,2021-04-22T03:21:07Z,6.1659999999999995,0,Metinic
1915,2021-04-22T03:26:07Z,6.268,0,Metinic
1916,2021-04-22T03:31:07Z,6.37,0,Metinic
1917,2021-04-22T03:36:07Z,6.37,0,Metinic
1918,2021-04-22T03:41:07Z,6.268,0,Metinic
1919,2021-04-22T03:46:07Z,6.268,0,Metinic
1920,2021-04-22T03:51:07Z,6.268,0,Metinic
1921,2021-04-22T03:56:07Z,5.962,0,Metinic
1922,2021-04-22T04:01:07Z,5.859999999999999,0,Metinic
1923,2021-04-22T04:06:07Z,5.757,0,Metinic
1924,2021-04-22T04:11:07Z,5.757,0,Metinic
1925,2021-04-22T04:16:07Z,5.757,0,Metinic
1926,2021-04-22T04:21:07Z,5.757,0,Metinic
1927,2021-04-22T04:26:07Z,5.757,0,Metinic
1928,2021-04-22T04:31:07Z,5.757,0,Metinic
1929,2021-04-22T04:36:07Z,5.757,0,Metinic
1930,2021-04-22T04:41:07Z,5.757,0,Metinic
1931,2021-04-22T04:46:07Z,5.757,0,Metinic
1932,2021-04-22T04:51:07Z,5.757,0,Metinic
1933,2021-04-22T04:56:07Z,5.757,0,Metinic
1934,2021-04-22T05:01:07Z,5.757,0,Metinic
1935,2021-04-22T05:06:07Z,5.757,0,Metinic
1936,2021-04-22T05:11:07Z,5.757,0,Metinic
1937,2021-04-22T05:16:07Z,5.757,0,Metinic
1938,2021-04-22T05:21:07Z,5.757,0,Metinic
1939,2021-04-22T05:26:07Z,5.757,0,Metinic
1940,2021-04-22T05:31:07Z,5.757,0,Metinic
1941,2021-04-22T05:36:07Z,5.757,0,Metinic
1942,2021-04-22T05:41:07Z,5.859999999999999,0,Metinic
1943,2021-04-22T05:46:07Z,5.859999999999999,0,Metinic
1944,2021-04-22T05:51:07Z,5.859999999999999,0,Metinic
1945,2021-04-22T05:56:07Z,5.859999999999999,0,Metinic
1946,2021-04-22T06:01:07Z,5.859999999999999,0,Metinic
1947,2021-04-22T06:06:07Z,5.757,0,Metinic
1948,2021-04-22T06:11:07Z,5.757,0,Metinic
1949,2021-04-22T06:16:07Z,5.654999999999999,0,Metinic
1950,2021-04-22T06:21:07Z,5.654999999999999,0,Metinic
1951,2021-04-22T06:26:07Z,5.654999999999999,0,Metinic
1952,2021-04-22T06:31:07Z,5.552,0,Metinic
1953,2021-04-22T06:36:07Z,5.552,0,Metinic
1954,2021-04-22T06:41:07Z,5.552,0,Metinic
1955,2021-04-22T06:46:07Z,5.552,0,Metinic
1956,2021-04-22T06:51:07Z,5.552,0,Metinic
1957,2021-04-22T06:56:07Z,5.45,0,Metinic
1958,2021-04-22T07:01:07Z,5.45,0,Metinic
1959,2021-04-22T07:06:07Z,5.45,0,Metinic
1960,2021-04-22T07:11:07Z,5.45,0,Metinic
1961,2021-04-22T07:16:07Z,5.45,0,Metinic
1962,2021-04-22T07:21:07Z,5.45,0,Metinic
1963,2021-04-22T07:26:07Z,5.45,0,Metinic
1964,2021-04-22T07:31:07Z,5.45,0,Metinic
1965,2021-04-22T07:36:07Z,5.45,0,Metinic
1966,2021-04-22T07:41:07Z,5.45,0,Metinic
1967,2021-04-22T07:46:07Z,5.45,0,Metinic
1968,2021-04-22T07:51:07Z,5.45,0,Metinic
1969,2021-04-22T07:56:07Z,5.45,0,Metinic
1970,2021-04-22T08:01:07Z,5.45,0,Metinic
1971,2021-04-22T08:06:07Z,5.552,0,Metinic
1972,2021-04-22T08:11:07Z,5.552,0,Metinic
1973,2021-04-22T08:16:07Z,5.552,0,Metinic
1974,2021-04-22T08:21:07Z,5.552,0,Metinic
1975,2021-04-22T08:26:07Z,5.552,0,Metinic
1976,2021-04-22T08:31:07Z,5.552,0,Metinic
1977,2021-04-22T08:36:07Z,5.552,0,Metinic
1978,2021-04-22T08:41:07Z,5.552,0,Metinic
1979,2021-04-22T08:46:07Z,5.552,0,Metinic
1980,2021-04-22T08:51:07Z,5.552,0,Metinic
1981,2021-04-22T08:56:07Z,5.552,0,Metinic
1982,2021-04-22T09:01:07Z,5.552,0,Metinic
1983,2021-04-22T09:06:07Z,5.552,0,Metinic
1984,2021-04-22T09:11:07Z,5.552,0,Metinic
1985,2021-04-22T09:16:07Z,5.552,0,Metinic
1986,2021-04-22T09:21:07Z,5.552,0,Metinic
1987,2021-04-22T09:26:07Z,5.552,0,Metinic
1988,2021-04-22T09:31:07Z,5.552,0,Metinic
1989,2021-04-22T09:36:07Z,5.552,0,Metinic
1990,2021-04-22T09:41:07Z,5.552,0,Metinic
1991,2021-04-22T09:46:07Z,5.552,0,Metinic
1992,2021-04-22T09:51:07Z,5.552,0,Metinic
1993,2021-04-22T09:56:07Z,5.552,1,Metinic
1994,2021-04-22T10:01:07Z,5.654999999999999,1,Metinic
1995,2021-04-22T10:06:07Z,5.552,1,Metinic
1996,2021-04-22T10:11:07Z,5.654999999999999,1,Metinic
1997,2021-04-22T10:16:07Z,5.654999999999999,2,Metinic
1998,2021-04-22T10:21:07Z,5.654999999999999,3,Metinic
1999,2021-04-22T10:26:07Z,5.654999999999999,3,Metinic
2000,2021-04-22T10:31:07Z,5.552,4,Metinic
2001,2021-04-22T10:36:07Z,5.552,6,Metinic
2002,2021-04-22T10:41:07Z,5.552,8,Metinic
2003,2021-04-22T10:46:07Z,5.552,6,Metinic
2004,2021-04-22T10:51:07Z,5.552,7,Metinic
2005,2021-04-22T10:56:07Z,5.552,8,Metinic
2006,2021-04-22T11:01:07Z,5.552,11,Metinic
2007,2021-04-22T11:06:07Z,5.552,11,Metinic
2008,2021-04-22T11:11:07Z,5.654999999999999,13,Metinic
2009,2021-04-22T11:16:07Z,5.654999999999999,13,Metinic
2010,2021-04-22T11:21:07Z,5.654999999999999,12,Metinic
2011,2021-04-22T11:26:07Z,5.654999999999999,13,Metinic
2012,2021-04-22T11:31:07Z,5.654999999999999,14,Metinic
2013,2021-04-22T11:36:07Z,5.654999999999999,13,Metinic
2014,2021-04-22T11:41:07Z,5.654999999999999,16,Metinic
2015,2021-04-22T11:46:07Z,5.654999999999999,20,Metinic
2016,2021-04-22T11:51:07Z,5.654999999999999,23,Metinic
2017,2021-04-22T11:56:07Z,5.654999999999999,20,Metinic
2018,2021-04-22T12:01:07Z,5.654999999999999,23,Metinic
2019,2021-04-22T12:06:07Z,5.654999999999999,29,Metinic
2020,2021-04-22T12:11:07Z,5.757,30,Metinic
2021,2021-04-22T12:16:07Z,5.654999999999999,28,Metinic
2022,2021-04-22T12:21:07Z,5.654999999999999,33,Metinic
2023,2021-04-22T12:26:07Z,5.654999999999999,37,Metinic
2024,2021-04-22T12:31:07Z,5.654999999999999,44,Metinic
2025,2021-04-22T12:36:07Z,5.654999999999999,55,Metinic
2026,2021-04-22T12:41:07Z,5.757,56,Metinic
2027,2021-04-22T12:46:07Z,5.757,54,Metinic
2028,2021-04-22T12:51:07Z,5.757,53,Metinic
2029,2021-04-22T12:56:07Z,5.757,56,Metinic
2030,2021-04-22T13:01:07Z,5.859999999999999,59,Metinic
2031,2021-04-22T13:06:07Z,5.757,62,Metinic
2032,2021-04-22T13:11:07Z,5.859999999999999,55,Metinic
2033,2021-04-22T13:16:07Z,5.859999999999999,67,Metinic
2034,2021-04-22T13:21:07Z,5.757,71,Metinic
2035,2021-04-22T13:26:07Z,5.859999999999999,71,Metinic
2036,2021-04-22T13:31:07Z,5.859999999999999,70,Metinic
2037,2021-04-22T13:36:07Z,5.859999999999999,75,Metinic
2038,2021-04-22T13:41:07Z,5.859999999999999,90,Metinic
2039,2021-04-22T13:46:07Z,5.859999999999999,87,Metinic
2040,2021-04-22T13:51:07Z,5.859999999999999,61,Metinic
2041,2021-04-22T13:56:07Z,5.859999999999999,83,Metinic
2042,2021-04-22T14:01:07Z,5.962,73,Metinic
2043,2021-04-22T14:06:07Z,5.962,92,Metinic
2044,2021-04-22T14:11:07Z,5.962,98,Metinic
2045,2021-04-22T14:16:07Z,5.962,92,Metinic
2046,2021-04-22T14:21:07Z,5.962,90,Metinic
2047,2021-04-22T14:26:07Z,5.962,144,Metinic
2048,2021-04-22T14:31:07Z,5.962,89,Metinic
2049,2021-04-22T14:36:07Z,5.962,81,Metinic
2050,2021-04-22T14:41:07Z,5.962,105,Metinic
2051,2021-04-22T14:46:07Z,5.962,109,Metinic
2052,2021-04-22T14:51:07Z,5.962,108,Metinic
2053,2021-04-22T14:56:07Z,6.063999999999999,107,Metinic
2054,2021-04-22T15:01:07Z,6.063999999999999,136,Metinic
2055,2021-04-22T15:06:07Z,6.063999999999999,128,Metinic
2056,2021-04-22T15:11:07Z,6.063999999999999,125,Metinic
2057,2021-04-22T15:16:07Z,6.063999999999999,144,Metinic
2058,2021-04-22T15:21:07Z,6.1659999999999995,168,Metinic
2059,2021-04-22T15:26:07Z,6.063999999999999,105,Metinic
2060,2021-04-22T15:31:07Z,6.063999999999999,70,Metinic
2061,2021-04-22T15:36:07Z,6.1659999999999995,144,Metinic
2062,2021-04-22T15:41:07Z,6.1659999999999995,232,Metinic
2063,2021-04-22T15:46:07Z,6.063999999999999,116,Metinic
2064,2021-04-22T15:51:07Z,5.962,121,Metinic
2065,2021-04-22T15:56:07Z,5.962,144,Metinic
2066,2021-04-22T16:01:07Z,6.063999999999999,200,Metinic
2067,2021-04-22T16:06:07Z,6.063999999999999,144,Metinic
2068,2021-04-22T16:11:07Z,6.063999999999999,128,Metinic
2069,2021-04-22T16:16:07Z,6.063999999999999,192,Metinic
2070,2021-04-22T16:21:07Z,6.063999999999999,168,Metinic
2071,2021-04-22T16:26:07Z,5.962,168,Metinic
2072,2021-04-22T16:31:07Z,5.962,192,Metinic
2073,2021-04-22T16:36:07Z,6.063999999999999,184,Metinic
2074,2021-04-22T16:41:07Z,6.063999999999999,200,Metinic
2075,2021-04-22T16:46:07Z,5.962,152,Metinic
2076,2021-04-22T16:51:07Z,6.1659999999999995,416,Metinic
2077,2021-04-22T16:56:07Z,6.063999999999999,184,Metinic
2078,2021-04-22T17:01:07Z,5.962,168,Metinic
2079,2021-04-22T17:06:07Z,5.962,200,Metinic
2080,2021-04-22T17:11:07Z,5.962,168,Metinic
2081,2021-04-22T17:16:07Z,5.859999999999999,152,Metinic
2082,2021-04-22T17:21:07Z,5.962,200,Metinic
2083,2021-04-22T17:26:07Z,6.1659999999999995,512,Metinic
2084,2021-04-22T17:31:07Z,5.962,144,Metinic
2085,2021-04-22T17:36:07Z,5.859999999999999,136,Metinic
2086,2021-04-22T17:41:07Z,5.859999999999999,160,Metinic
2087,2021-04-22T17:46:07Z,5.859999999999999,152,Metinic
2088,2021-04-22T17:51:07Z,5.962,192,Metinic
2089,2021-04-22T17:56:07Z,5.859999999999999,224,Metinic
2090,2021-04-22T18:01:07Z,6.063999999999999,368,Metinic
2091,2021-04-22T18:06:07Z,5.859999999999999,128,Metinic
2092,2021-04-22T18:11:07Z,5.859999999999999,102,Metinic
2093,2021-04-22T18:16:07Z,5.859999999999999,184,Metinic
2094,2021-04-22T18:21:07Z,5.757,121,Metinic
2095,2021-04-22T18:26:07Z,5.757,128,Metinic
2096,2021-04-22T18:31:07Z,5.757,128,Metinic
2097,2021-04-22T18:36:07Z,5.859999999999999,352,Metinic
2098,2021-04-22T18:41:07Z,5.859999999999999,288,Metinic
2099,2021-04-22T18:46:07Z,5.757,84,Metinic
2100,2021-04-22T18:51:07Z,5.757,126,Metinic
2101,2021-04-22T18:56:07Z,5.757,78,Metinic
2102,2021-04-22T19:01:07Z,5.757,98,Metinic
2103,2021-04-22T19:06:07Z,5.757,112,Metinic
2104,2021-04-22T19:11:07Z,5.757,70,Metinic
2105,2021-04-22T19:16:07Z,5.757,76,Metinic
2106,2021-04-22T19:21:07Z,5.757,98,Metinic
2107,2021-04-22T19:26:07Z,5.757,79,Metinic
2108,2021-04-22T19:31:07Z,5.757,110,Metinic
2109,2021-04-22T19:36:07Z,5.757,55,Metinic
2110,2021-04-22T19:41:07Z,5.757,61,Metinic
2111,2021-04-22T19:46:07Z,5.757,136,Metinic
2112,2021-04-22T19:51:07Z,5.757,75,Metinic
2113,2021-04-22T19:56:07Z,5.757,95,Metinic
2114,2021-04-22T20:01:07Z,5.757,136,Metinic
2115,2021-04-22T20:06:07Z,5.757,88,Metinic
2116,2021-04-22T20:11:07Z,5.757,176,Metinic
2117,2021-04-22T20:16:07Z,5.757,125,Metinic
2118,2021-04-22T20:21:07Z,5.757,89,Metinic
2119,2021-04-22T20:26:07Z,5.757,69,Metinic
2120,2021-04-22T20:31:07Z,5.757,125,Metinic
2121,2021-04-22T20:36:07Z,5.757,52,Metinic
2122,2021-04-22T20:41:07Z,5.757,144,Metinic
2123,2021-04-22T20:46:07Z,5.859999999999999,256,Metinic
2124,2021-04-22T20:51:07Z,5.859999999999999,128,Metinic
2125,2021-04-22T20:56:07Z,5.757,192,Metinic
2126,2021-04-22T21:01:07Z,5.757,152,Metinic
2127,2021-04-22T21:06:07Z,5.757,176,Metinic
2128,2021-04-22T21:11:07Z,5.757,32,Metinic
2129,2021-04-22T21:16:07Z,5.757,160,Metinic
2130,2021-04-22T21:21:07Z,5.757,53,Metinic
2131,2021-04-22T21:26:07Z,5.757,144,Metinic
2132,2021-04-22T21:31:07Z,5.757,184,Metinic
2133,2021-04-22T21:36:07Z,5.757,136,Metinic
2134,2021-04-22T21:41:07Z,5.757,31,Metinic
2135,2021-04-22T21:46:07Z,5.757,47,Metinic
2136,2021-04-22T21:51:07Z,5.757,128,Metinic
2137,2021-04-22T21:56:07Z,5.757,95,Metinic
2138,2021-04-22T22:01:07Z,5.757,126,Metinic
2139,2021-04-22T22:06:07Z,5.757,71,Metinic
2140,2021-04-22T22:11:07Z,5.757,21,Metinic
2141,2021-04-22T22:16:07Z,5.757,20,Metinic
2142,2021-04-22T22:21:07Z,5.757,37,Metinic
2143,2021-04-22T22:26:07Z,5.757,26,Metinic
2144,2021-04-22T22:31:07Z,5.757,32,Metinic
2145,2021-04-22T22:36:07Z,5.757,14,Metinic
2146,2021-04-22T22:41:07Z,5.757,13,Metinic
2147,2021-04-22T22:46:07Z,5.757,8,Metinic
2148,2021-04-22T22:51:07Z,5.757,6,Metinic
2149,2021-04-22T22:56:07Z,5.757,4,Metinic
2150,2021-04-22T23:01:07Z,5.757,3,Metinic
2151,2021-04-22T23:06:07Z,5.757,2,Metinic
2152,2021-04-22T23:11:07Z,5.757,1,Metinic
2153,2021-04-22T23:16:07Z,5.757,0,Metinic
2154,2021-04-22T23:21:07Z,5.757,0,Metinic
2155,2021-04-22T23:26:07Z,5.757,0,Metinic
2156,2021-04-22T23:31:07Z,5.757,0,Metinic
2157,2021-04-22T23:36:07Z,5.654999999999999,0,Metinic
2158,2021-04-22T23:41:07Z,5.654999999999999,0,Metinic
2159,2021-04-22T23:46:07Z,5.654999999999999,0,Metinic
2160,2021-04-22T23:51:07Z,5.654999999999999,0,Metinic
2161,2021-04-22T23:56:07Z,5.654999999999999,0,Metinic
2162,2021-04-23T00:01:07Z,5.654999999999999,0,Metinic
2163,2021-04-23T00:06:07Z,5.654999999999999,0,Metinic
2164,2021-04-23T00:11:07Z,5.654999999999999,0,Metinic
2165,2021-04-23T00:16:07Z,5.654999999999999,0,Metinic
2166,2021-04-23T00:21:07Z,5.654999999999999,0,Metinic
2167,2021-04-23T00:26:07Z,5.654999999999999,0,Metinic
2168,2021-04-23T00:31:07Z,5.654999999999999,0,Metinic
2169,2021-04-23T00:36:07Z,5.654999999999999,0,Metinic
2170,2021-04-23T00:41:07Z,5.654999999999999,0,Metinic
2171,2021-04-23T00:46:07Z,5.654999999999999,0,Metinic
2172,2021-04-23T00:51:07Z,5.654999999999999,0,Metinic
2173,2021-04-23T00:56:07Z,5.654999999999999,0,Metinic
2174,2021-04-23T01:01:07Z,5.654999999999999,0,Metinic
2175,2021-04-23T01:06:07Z,5.654999999999999,0,Metinic
2176,2021-04-23T01:11:07Z,5.654999999999999,0,Metinic
2177,2021-04-23T01:16:07Z,5.654999999999999,0,Metinic
2178,2021-04-23T01:21:07Z,5.654999999999999,0,Metinic
2179,2021-04-23T01:26:07Z,5.654999999999999,0,Metinic
2180,2021-04-23T01:31:07Z,5.654999999999999,0,Metinic
2181,2021-04-23T01:36:07Z,5.654999999999999,0,Metinic
2182,2021-04-23T01:41:07Z,5.654999999999999,0,Metinic
2183,2021-04-23T01:46:07Z,5.654999999999999,0,Metinic
2184,2021-04-23T01:51:07Z,5.654999999999999,0,Metinic
2185,2021-04-23T01:56:07Z,5.654999999999999,0,Metinic
2186,2021-04-23T02:01:07Z,5.654999999999999,0,Metinic
2187,2021-04-23T02:06:07Z,5.654999999999999,0,Metinic
2188,2021-04-23T02:11:07Z,5.552,0,Metinic
2189,2021-04-23T02:16:07Z,5.552,0,Metinic
2190,2021-04-23T02:21:07Z,5.552,0,Metinic
2191,2021-04-23T02:26:07Z,5.552,0,Metinic
2192,2021-04-23T02:31:07Z,5.552,0,Metinic
2193,2021-04-23T02:36:07Z,5.552,0,Metinic
2194,2021-04-23T02:41:07Z,5.552,0,Metinic
2195,2021-04-23T02:46:07Z,5.552,0,Metinic
2196,2021-04-23T02:51:07Z,5.552,0,Metinic
2197,2021-04-23T02:56:07Z,5.552,0,Metinic
2198,2021-04-23T03:01:07Z,5.552,0,Metinic
2199,2021-04-23T03:06:07Z,5.654999999999999,0,Metinic
2200,2021-04-23T03:11:07Z,5.654999999999999,0,Metinic
2201,2021-04-23T03:16:07Z,5.654999999999999,0,Metinic
2202,2021-04-23T03:21:07Z,5.757,0,Metinic
2203,2021-04-23T03:26:07Z,5.757,0,Metinic
2204,2021-04-23T03:31:07Z,5.757,0,Metinic
2205,2021-04-23T03:36:07Z,5.757,0,Metinic
2206,2021-04-23T03:41:07Z,5.757,0,Metinic
2207,2021-04-23T03:46:07Z,5.757,0,Metinic
2208,2021-04-23T03:51:07Z,5.757,0,Metinic
2209,2021-04-23T03:56:07Z,5.757,0,Metinic
2210,2021-04-23T04:01:07Z,5.757,0,Metinic
2211,2021-04-23T04:06:07Z,5.757,0,Metinic
2212,2021-04-23T04:11:07Z,5.757,0,Metinic
2213,2021-04-23T04:16:07Z,5.757,0,Metinic
2214,2021-04-23T04:21:07Z,5.654999999999999,0,Metinic
2215,2021-04-23T04:26:07Z,5.757,0,Metinic
2216,2021-04-23T04:31:07Z,5.757,0,Metinic
2217,2021-04-23T04:36:07Z,5.757,0,Metinic
2218,2021-04-23T04:41:07Z,5.757,0,Metinic
2219,2021-04-23T04:46:07Z,5.757,0,Metinic
2220,2021-04-23T04:51:07Z,5.757,0,Metinic
2221,2021-04-23T04:56:07Z,5.757,0,Metinic
2222,2021-04-23T05:01:07Z,5.757,0,Metinic
2223,2021-04-23T05:06:07Z,5.757,0,Metinic
2224,2021-04-23T05:11:07Z,5.757,0,Metinic
2225,2021-04-23T05:16:07Z,5.757,0,Metinic
2226,2021-04-23T05:21:07Z,5.757,0,Metinic
2227,2021-04-23T05:26:07Z,5.757,0,Metinic
2228,2021-04-23T05:31:07Z,5.757,0,Metinic
2229,2021-04-23T05:36:07Z,5.757,0,Metinic
2230,2021-04-23T05:41:07Z,5.757,0,Metinic
2231,2021-04-23T05:46:07Z,5.757,0,Metinic
2232,2021-04-23T05:51:07Z,5.757,0,Metinic
2233,2021-04-23T05:56:07Z,5.757,0,Metinic
2234,2021-04-23T06:01:07Z,5.757,0,Metinic
2235,2021-04-23T06:06:07Z,5.757,0,Metinic
2236,2021-04-23T06:11:07Z,5.757,0,Metinic
2237,2021-04-23T06:16:07Z,5.757,0,Metinic
2238,2021-04-23T06:21:07Z,5.757,0,Metinic
2239,2021-04-23T06:26:07Z,5.757,0,Metinic
2240,2021-04-23T06:31:07Z,5.757,0,Metinic
2241,2021-04-23T06:36:07Z,5.757,0,Metinic
2242,2021-04-23T06:41:07Z,5.757,0,Metinic
2243,2021-04-23T06:46:07Z,5.757,0,Metinic
2244,2021-04-23T06:51:07Z,5.757,0,Metinic
2245,2021-04-23T06:56:07Z,5.654999999999999,0,Metinic
2246,2021-04-23T07:01:07Z,5.757,0,Metinic
2247,2021-04-23T07:06:07Z,5.757,0,Metinic
2248,2021-04-23T07:11:07Z,5.654999999999999,0,Metinic
2249,2021-04-23T07:16:07Z,5.654999999999999,0,Metinic
2250,2021-04-23T07:21:07Z,5.654999999999999,0,Metinic
2251,2021-04-23T07:26:07Z,5.654999999999999,0,Metinic
2252,2021-04-23T07:31:07Z,5.654999999999999,0,Metinic
2253,2021-04-23T07:36:07Z,5.654999999999999,0,Metinic
2254,2021-04-23T07:41:07Z,5.654999999999999,0,Metinic
2255,2021-04-23T07:46:07Z,5.654999999999999,0,Metinic
2256,2021-04-23T07:51:07Z,5.654999999999999,0,Metinic
2257,2021-04-23T07:56:07Z,5.654999999999999,0,Metinic
2258,2021-04-23T08:01:07Z,5.654999999999999,0,Metinic
2259,2021-04-23T08:06:07Z,5.654999999999999,0,Metinic
2260,2021-04-23T08:11:07Z,5.654999999999999,0,Metinic
2261,2021-04-23T08:16:07Z,5.654999999999999,0,Metinic
2262,2021-04-23T08:21:07Z,5.654999999999999,0,Metinic
2263,2021-04-23T08:26:07Z,5.654999999999999,0,Metinic
2264,2021-04-23T08:31:07Z,5.654999999999999,0,Metinic
2265,2021-04-23T08:36:07Z,5.654999999999999,0,Metinic
2266,2021-04-23T08:41:07Z,5.654999999999999,0,Metinic
2267,2021-04-23T08:46:07Z,5.654999999999999,0,Metinic
2268,2021-04-23T08:51:07Z,5.654999999999999,0,Metinic
2269,2021-04-23T08:56:07Z,5.654999999999999,0,Metinic
2270,2021-04-23T09:01:07Z,5.654999999999999,0,Metinic
2271,2021-04-23T09:06:07Z,5.552,0,Metinic
2272,2021-04-23T09:11:07Z,5.552,0,Metinic
2273,2021-04-23T09:16:07Z,5.552,0,Metinic
2274,2021-04-23T09:21:07Z,5.552,0,Metinic
2275,2021-04-23T09:26:07Z,5.552,0,Metinic
2276,2021-04-23T09:31:07Z,5.552,0,Metinic
2277,2021-04-23T09:36:07Z,5.552,0,Metinic
2278,2021-04-23T09:41:07Z,5.552,0,Metinic
2279,2021-04-23T09:46:07Z,5.654999999999999,0,Metinic
2280,2021-04-23T09:51:07Z,5.654999999999999,2,Metinic
2281,2021-04-23T09:56:07Z,5.654999999999999,2,Metinic
2282,2021-04-23T10:01:07Z,5.757,2,Metinic
2283,2021-04-23T10:06:07Z,5.757,4,Metinic
2284,2021-04-23T10:11:07Z,5.757,7,Metinic
2285,2021-04-23T10:16:07Z,5.757,3,Metinic
2286,2021-04-23T10:21:07Z,5.757,6,Metinic
2287,2021-04-23T10:26:07Z,5.757,4,Metinic
2288,2021-04-23T10:31:07Z,5.757,8,Metinic
2289,2021-04-23T10:36:07Z,5.757,8,Metinic
2290,2021-04-23T10:41:07Z,5.757,13,Metinic
2291,2021-04-23T10:46:07Z,5.757,8,Metinic
2292,2021-04-23T10:51:07Z,5.757,19,Metinic
2293,2021-04-23T10:56:07Z,5.654999999999999,13,Metinic
2294,2021-04-23T11:01:07Z,5.654999999999999,21,Metinic
2295,2021-04-23T11:06:07Z,5.654999999999999,22,Metinic
2296,2021-04-23T11:11:07Z,5.552,38,Metinic
2297,2021-04-23T11:16:07Z,5.552,20,Metinic
2298,2021-04-23T11:21:07Z,5.654999999999999,44,Metinic
2299,2021-04-23T11:26:07Z,5.654999999999999,30,Metinic
2300,2021-04-23T11:31:07Z,5.654999999999999,29,Metinic
2301,2021-04-23T11:36:07Z,5.654999999999999,36,Metinic
2302,2021-04-23T11:41:07Z,5.654999999999999,27,Metinic
2303,2021-04-23T11:46:07Z,5.654999999999999,50,Metinic
2304,2021-04-23T11:51:07Z,5.654999999999999,59,Metinic
2305,2021-04-23T11:56:07Z,5.654999999999999,32,Metinic
2306,2021-04-23T12:01:07Z,5.654999999999999,49,Metinic
2307,2021-04-23T12:06:07Z,5.654999999999999,45,Metinic
2308,2021-04-23T12:11:07Z,5.654999999999999,34,Metinic
2309,2021-04-23T12:16:07Z,5.654999999999999,32,Metinic
2310,2021-04-23T12:21:07Z,5.654999999999999,58,Metinic
2311,2021-04-23T12:26:07Z,5.654999999999999,47,Metinic
2312,2021-04-23T12:31:07Z,5.654999999999999,29,Metinic
2313,2021-04-23T12:36:07Z,5.654999999999999,39,Metinic
2314,2021-04-23T12:41:07Z,5.654999999999999,72,Metinic
2315,2021-04-23T12:46:07Z,5.654999999999999,68,Metinic
2316,2021-04-23T12:51:07Z,5.654999999999999,34,Metinic
2317,2021-04-23T12:56:07Z,5.757,44,Metinic
2318,2021-04-23T13:01:07Z,5.757,46,Metinic
2319,2021-04-23T13:06:07Z,5.757,42,Metinic
2320,2021-04-23T13:11:07Z,5.757,73,Metinic
2321,2021-04-23T13:16:07Z,5.757,30,Metinic
2322,2021-04-23T13:21:07Z,5.757,50,Metinic
2323,2021-04-23T13:26:07Z,5.757,110,Metinic
2324,2021-04-23T13:31:07Z,5.757,52,Metinic
2325,2021-04-23T13:36:07Z,5.757,55,Metinic
2326,2021-04-23T13:41:07Z,5.757,60,Metinic
2327,2021-04-23T13:46:07Z,5.757,105,Metinic
2328,2021-04-23T13:51:07Z,5.859999999999999,55,Metinic
2329,2021-04-23T13:56:07Z,5.859999999999999,41,Metinic
2330,2021-04-23T14:01:07Z,5.859999999999999,68,Metinic
2331,2021-04-23T14:06:07Z,5.859999999999999,70,Metinic
2332,2021-04-23T14:11:07Z,5.859999999999999,62,Metinic
2333,2021-04-23T14:16:07Z,5.859999999999999,67,Metinic
2334,2021-04-23T14:21:07Z,5.859999999999999,160,Metinic
2335,2021-04-23T14:26:07Z,5.859999999999999,144,Metinic
2336,2021-04-23T14:31:07Z,5.859999999999999,68,Metinic
2337,2021-04-23T14:36:07Z,5.962,84,Metinic
2338,2021-04-23T14:41:07Z,5.859999999999999,75,Metinic
2339,2021-04-23T14:46:07Z,5.859999999999999,89,Metinic
2340,2021-04-23T14:51:07Z,5.962,104,Metinic
2341,2021-04-23T14:56:07Z,5.962,103,Metinic
2342,2021-04-23T15:01:07Z,5.962,83,Metinic
2343,2021-04-23T15:06:07Z,5.962,97,Metinic
2344,2021-04-23T15:11:07Z,5.962,113,Metinic
2345,2021-04-23T15:16:07Z,6.063999999999999,122,Metinic
2346,2021-04-23T15:21:07Z,6.063999999999999,176,Metinic
2347,2021-04-23T15:26:07Z,6.063999999999999,152,Metinic
2348,2021-04-23T15:31:07Z,6.063999999999999,91,Metinic
2349,2021-04-23T15:36:07Z,6.063999999999999,128,Metinic
2350,2021-04-23T15:41:07Z,6.063999999999999,272,Metinic
2351,2021-04-23T15:46:07Z,6.063999999999999,136,Metinic
2352,2021-04-23T15:51:07Z,6.063999999999999,144,Metinic
2353,2021-04-23T15:56:07Z,6.063999999999999,160,Metinic
2354,2021-04-23T16:01:07Z,6.1659999999999995,117,Metinic
2355,2021-04-23T16:06:07Z,6.1659999999999995,368,Metinic
2356,2021-04-23T16:11:07Z,6.063999999999999,160,Metinic
2357,2021-04-23T16:16:07Z,6.1659999999999995,160,Metinic
2358,2021-04-23T16:21:07Z,6.1659999999999995,60,Metinic
2359,2021-04-23T16:26:07Z,6.1659999999999995,105,Metinic
2360,2021-04-23T16:31:07Z,6.1659999999999995,192,Metinic
2361,2021-04-23T16:36:07Z,6.063999999999999,136,Metinic
2362,2021-04-23T16:41:07Z,6.063999999999999,256,Metinic
2363,2021-04-23T16:46:07Z,6.063999999999999,144,Metinic
2364,2021-04-23T16:51:07Z,6.1659999999999995,184,Metinic
2365,2021-04-23T16:56:07Z,6.1659999999999995,208,Metinic
2366,2021-04-23T17:01:07Z,6.1659999999999995,184,Metinic
2367,2021-04-23T17:06:07Z,6.1659999999999995,416,Metinic
2368,2021-04-23T17:11:07Z,6.1659999999999995,232,Metinic
2369,2021-04-23T17:16:07Z,6.063999999999999,136,Metinic
2370,2021-04-23T17:21:07Z,6.1659999999999995,136,Metinic
2371,2021-04-23T17:26:07Z,6.1659999999999995,224,Metinic
2372,2021-04-23T17:31:07Z,6.1659999999999995,232,Metinic
2373,2021-04-23T17:36:07Z,6.063999999999999,248,Metinic
2374,2021-04-23T17:41:07Z,6.1659999999999995,232,Metinic
2375,2021-04-23T17:46:07Z,6.063999999999999,256,Metinic
2376,2021-04-23T17:51:07Z,6.063999999999999,224,Metinic
2377,2021-04-23T17:56:07Z,6.1659999999999995,368,Metinic
2378,2021-04-23T18:01:07Z,6.063999999999999,448,Metinic
2379,2021-04-23T18:06:07Z,6.063999999999999,576,Metinic
2380,2021-04-23T18:11:07Z,6.063999999999999,352,Metinic
2381,2021-04-23T18:16:07Z,6.1659999999999995,160,Metinic
2382,2021-04-23T18:21:07Z,6.063999999999999,272,Metinic
2383,2021-04-23T18:26:07Z,6.063999999999999,248,Metinic
2384,2021-04-23T18:31:07Z,6.063999999999999,248,Metinic
2385,2021-04-23T18:36:07Z,6.063999999999999,464,Metinic
2386,2021-04-23T18:41:07Z,6.063999999999999,83,Metinic
2387,2021-04-23T18:46:07Z,6.063999999999999,168,Metinic
2388,2021-04-23T18:51:07Z,6.063999999999999,672,Metinic
2389,2021-04-23T18:56:07Z,6.063999999999999,304,Metinic
2390,2021-04-23T19:01:07Z,5.962,576,Metinic
2391,2021-04-23T19:06:07Z,5.962,368,Metinic
2392,2021-04-23T19:11:07Z,5.962,256,Metinic
2393,2021-04-23T19:16:07Z,5.962,304,Metinic
2394,2021-04-23T19:21:07Z,5.962,336,Metinic
2395,2021-04-23T19:26:07Z,5.962,216,Metinic
2396,2021-04-23T19:31:07Z,5.962,232,Metinic
2397,2021-04-23T19:36:07Z,5.962,288,Metinic
2398,2021-04-23T19:41:07Z,5.962,384,Metinic
2399,2021-04-23T19:46:07Z,5.962,272,Metinic
2400,2021-04-23T19:51:07Z,5.962,232,Metinic
2401,2021-04-23T19:56:07Z,5.859999999999999,256,Metinic
2402,2021-04-23T20:01:07Z,5.859999999999999,216,Metinic
2403,2021-04-23T20:06:07Z,5.859999999999999,464,Metinic
2404,2021-04-23T20:11:07Z,5.859999999999999,320,Metinic
2405,2021-04-23T20:16:07Z,5.859999999999999,200,Metinic
2406,2021-04-23T20:21:07Z,5.859999999999999,256,Metinic
2407,2021-04-23T20:26:07Z,5.859999999999999,256,Metinic
2408,2021-04-23T20:31:07Z,5.859999999999999,75,Metinic
2409,2021-04-23T20:36:07Z,5.859999999999999,105,Metinic
2410,2021-04-23T20:41:07Z,5.859999999999999,224,Metinic
2411,2021-04-23T20:46:07Z,5.859999999999999,288,Metinic
2412,2021-04-23T20:51:07Z,5.859999999999999,216,Metinic
2413,2021-04-23T20:56:07Z,5.859999999999999,200,Metinic
2414,2021-04-23T21:01:07Z,5.859999999999999,176,Metinic
2415,2021-04-23T21:06:07Z,5.859999999999999,136,Metinic
2416,2021-04-23T21:11:07Z,5.859999999999999,160,Metinic
2417,2021-04-23T21:16:07Z,5.757,99,Metinic
2418,2021-04-23T21:21:07Z,5.757,144,Metinic
2419,2021-04-23T21:26:07Z,5.757,152,Metinic
2420,2021-04-23T21:31:07Z,5.757,48,Metinic
2421,2021-04-23T21:36:07Z,5.757,136,Metinic
2422,2021-04-23T21:41:07Z,5.757,59,Metinic
2423,2021-04-23T21:46:07Z,5.757,121,Metinic
2424,2021-04-23T21:51:07Z,5.757,115,Metinic
2425,2021-04-23T21:56:07Z,5.757,94,Metinic
2426,2021-04-23T22:01:07Z,5.757,32,Metinic
2427,2021-04-23T22:06:07Z,5.757,49,Metinic
2428,2021-04-23T22:11:07Z,5.654999999999999,20,Metinic
2429,2021-04-23T22:16:07Z,5.654999999999999,52,Metinic
2430,2021-04-23T22:21:07Z,5.654999999999999,36,Metinic
2431,2021-04-23T22:26:07Z,5.654999999999999,33,Metinic
2432,2021-04-23T22:31:07Z,5.654999999999999,11,Metinic
2433,2021-04-23T22:36:07Z,5.654999999999999,28,Metinic
2434,2021-04-23T22:41:07Z,5.654999999999999,17,Metinic
2435,2021-04-23T22:46:07Z,5.654999999999999,19,Metinic
2436,2021-04-23T22:51:07Z,5.654999999999999,12,Metinic
2437,2021-04-23T22:56:07Z,5.654999999999999,5,Metinic
2438,2021-04-23T23:01:07Z,5.654999999999999,8,Metinic
2439,2021-04-23T23:06:07Z,5.654999999999999,4,Metinic
2440,2021-04-23T23:11:07Z,5.654999999999999,3,Metinic
2441,2021-04-23T23:16:07Z,5.654999999999999,2,Metinic
2442,2021-04-23T23:21:07Z,5.654999999999999,1,Metinic
2443,2021-04-23T23:26:07Z,5.654999999999999,1,Metinic
2444,2021-04-23T23:31:07Z,5.654999999999999,0,Metinic
2445,2021-04-23T23:36:07Z,5.654999999999999,0,Metinic
2446,2021-04-23T23:41:07Z,5.654999999999999,0,Metinic
2447,2021-04-23T23:46:07Z,5.654999999999999,0,Metinic
2448,2021-04-23T23:51:07Z,5.654999999999999,0,Metinic
2449,2021-04-23T23:56:07Z,5.654999999999999,0,Metinic
2450,2021-04-24T00:01:07Z,5.654999999999999,0,Metinic
2451,2021-04-24T00:06:07Z,5.654999999999999,0,Metinic
2452,2021-04-24T00:11:07Z,5.654999999999999,0,Metinic
2453,2021-04-24T00:16:07Z,5.654999999999999,0,Metinic
2454,2021-04-24T00:21:07Z,5.654999999999999,0,Metinic
2455,2021-04-24T00:26:07Z,5.654999999999999,0,Metinic
2456,2021-04-24T00:31:07Z,5.654999999999999,0,Metinic
2457,2021-04-24T00:36:07Z,5.654999999999999,0,Metinic
2458,2021-04-24T00:41:07Z,5.654999999999999,0,Metinic
2459,2021-04-24T00:46:07Z,5.654999999999999,0,Metinic
2460,2021-04-24T00:51:07Z,5.654999999999999,0,Metinic
2461,2021-04-24T00:56:07Z,5.654999999999999,0,Metinic
2462,2021-04-24T01:01:07Z,5.654999999999999,0,Metinic
2463,2021-04-24T01:06:07Z,5.654999999999999,0,Metinic
2464,2021-04-24T01:11:07Z,5.654999999999999,0,Metinic
2465,2021-04-24T01:16:07Z,5.654999999999999,0,Metinic
2466,2021-04-24T01:21:07Z,5.654999999999999,0,Metinic
2467,2021-04-24T01:26:07Z,5.654999999999999,0,Metinic
2468,2021-04-24T01:31:07Z,5.654999999999999,0,Metinic
2469,2021-04-24T01:36:07Z,5.654999999999999,0,Metinic
2470,2021-04-24T01:41:07Z,5.654999999999999,0,Metinic
2471,2021-04-24T01:46:07Z,5.654999999999999,0,Metinic
2472,2021-04-24T01:51:07Z,5.654999999999999,0,Metinic
2473,2021-04-24T01:56:07Z,5.654999999999999,0,Metinic
2474,2021-04-24T02:01:07Z,5.654999999999999,0,Metinic
2475,2021-04-24T02:06:07Z,5.654999999999999,0,Metinic
2476,2021-04-24T02:11:07Z,5.654999999999999,0,Metinic
2477,2021-04-24T02:16:07Z,5.654999999999999,0,Metinic
2478,2021-04-24T02:21:07Z,5.654999999999999,0,Metinic
2479,2021-04-24T02:26:07Z,5.654999999999999,0,Metinic
2480,2021-04-24T02:31:07Z,5.654999999999999,0,Metinic
2481,2021-04-24T02:36:07Z,5.654999999999999,0,Metinic
2482,2021-04-24T02:41:07Z,5.654999999999999,0,Metinic
2483,2021-04-24T02:46:07Z,5.654999999999999,0,Metinic
2484,2021-04-24T02:51:07Z,5.654999999999999,0,Metinic
2485,2021-04-24T02:56:07Z,5.654999999999999,0,Metinic
2486,2021-04-24T03:01:07Z,5.654999999999999,0,Metinic
2487,2021-04-24T03:06:07Z,5.654999999999999,0,Metinic
2488,2021-04-24T03:11:07Z,5.654999999999999,0,Metinic
2489,2021-04-24T03:16:07Z,5.654999999999999,0,Metinic
2490,2021-04-24T03:21:07Z,5.654999999999999,0,Metinic
2491,2021-04-24T03:26:07Z,5.654999999999999,0,Metinic
2492,2021-04-24T03:31:07Z,5.654999999999999,0,Metinic
2493,2021-04-24T03:36:07Z,5.654999999999999,0,Metinic
2494,2021-04-24T03:41:07Z,5.654999999999999,0,Metinic
2495,2021-04-24T03:46:07Z,5.654999999999999,0,Metinic
2496,2021-04-24T03:51:07Z,5.757,0,Metinic
2497,2021-04-24T03:56:07Z,5.757,0,Metinic
2498,2021-04-24T04:01:07Z,5.757,0,Metinic
2499,2021-04-24T04:06:07Z,5.757,0,Metinic
2500,2021-04-24T04:11:07Z,5.859999999999999,0,Metinic
2501,2021-04-24T04:16:07Z,5.859999999999999,0,Metinic
2502,2021-04-24T04:21:07Z,5.859999999999999,0,Metinic
2503,2021-04-24T04:26:07Z,5.859999999999999,0,Metinic
2504,2021-04-24T04:31:07Z,5.859999999999999,0,Metinic
2505,2021-04-24T04:36:07Z,5.859999999999999,0,Metinic
2506,2021-04-24T04:41:07Z,5.859999999999999,0,Metinic
2507,2021-04-24T04:46:07Z,5.859999999999999,0,Metinic
2508,2021-04-24T04:51:07Z,5.859999999999999,0,Metinic
2509,2021-04-24T04:56:07Z,5.859999999999999,0,Metinic
2510,2021-04-24T05:01:07Z,5.859999999999999,0,Metinic
2511,2021-04-24T05:06:07Z,5.859999999999999,0,Metinic
2512,2021-04-24T05:11:07Z,5.859999999999999,0,Metinic
2513,2021-04-24T05:16:07Z,5.859999999999999,0,Metinic
2514,2021-04-24T05:21:07Z,5.859999999999999,0,Metinic
2515,2021-04-24T05:26:07Z,5.859999999999999,0,Metinic
2516,2021-04-24T05:31:07Z,5.859999999999999,0,Metinic
2517,2021-04-24T05:36:07Z,5.859999999999999,0,Metinic
2518,2021-04-24T05:41:07Z,5.859999999999999,0,Metinic
2519,2021-04-24T05:46:07Z,5.859999999999999,0,Metinic
2520,2021-04-24T05:51:07Z,5.859999999999999,0,Metinic
2521,2021-04-24T05:56:07Z,5.859999999999999,0,Metinic
2522,2021-04-24T06:01:07Z,5.859999999999999,0,Metinic
2523,2021-04-24T06:06:07Z,5.859999999999999,0,Metinic
2524,2021-04-24T06:11:07Z,5.859999999999999,0,Metinic
2525,2021-04-24T06:16:07Z,5.859999999999999,0,Metinic
2526,2021-04-24T06:21:07Z,5.859999999999999,0,Metinic
2527,2021-04-24T06:26:07Z,5.859999999999999,0,Metinic
2528,2021-04-24T06:31:07Z,5.859999999999999,0,Metinic
2529,2021-04-24T06:36:07Z,5.859999999999999,0,Metinic
2530,2021-04-24T06:41:07Z,5.962,0,Metinic
2531,2021-04-24T06:46:07Z,5.859999999999999,0,Metinic
2532,2021-04-24T06:51:07Z,5.859999999999999,0,Metinic
2533,2021-04-24T06:56:07Z,5.859999999999999,0,Metinic
2534,2021-04-24T07:01:07Z,5.859999999999999,0,Metinic
2535,2021-04-24T07:06:07Z,5.962,0,Metinic
2536,2021-04-24T07:11:07Z,5.859999999999999,0,Metinic
2537,2021-04-24T07:16:07Z,5.859999999999999,0,Metinic
2538,2021-04-24T07:21:07Z,5.859999999999999,0,Metinic
2539,2021-04-24T07:26:07Z,5.859999999999999,0,Metinic
2540,2021-04-24T07:31:07Z,5.859999999999999,0,Metinic
2541,2021-04-24T07:36:07Z,5.859999999999999,0,Metinic
2542,2021-04-24T07:41:07Z,5.859999999999999,0,Metinic
2543,2021-04-24T07:46:07Z,5.859999999999999,0,Metinic
2544,2021-04-24T07:51:07Z,5.859999999999999,0,Metinic
2545,2021-04-24T07:56:07Z,5.859999999999999,0,Metinic
2546,2021-04-24T08:01:07Z,5.859999999999999,0,Metinic
2547,2021-04-24T08:06:07Z,5.859999999999999,0,Metinic
2548,2021-04-24T08:11:07Z,5.859999999999999,0,Metinic
2549,2021-04-24T08:16:07Z,5.757,0,Metinic
2550,2021-04-24T08:21:07Z,5.859999999999999,0,Metinic
2551,2021-04-24T08:26:07Z,5.859999999999999,0,Metinic
2552,2021-04-24T08:31:07Z,5.757,0,Metinic
2553,2021-04-24T08:36:07Z,5.859999999999999,0,Metinic
2554,2021-04-24T08:41:07Z,5.859999999999999,0,Metinic
2555,2021-04-24T08:46:07Z,5.757,0,Metinic
2556,2021-04-24T08:51:07Z,5.859999999999999,0,Metinic
2557,2021-04-24T08:56:07Z,5.859999999999999,0,Metinic
2558,2021-04-24T09:01:07Z,5.757,0,Metinic
2559,2021-04-24T09:06:07Z,5.859999999999999,0,Metinic
2560,2021-04-24T09:11:07Z,5.757,0,Metinic
2561,2021-04-24T09:16:07Z,5.859999999999999,0,Metinic
2562,2021-04-24T09:21:07Z,5.859999999999999,0,Metinic
2563,2021-04-24T09:26:07Z,5.859999999999999,0,Metinic
2564,2021-04-24T09:31:07Z,5.859999999999999,0,Metinic
2565,2021-04-24T09:36:07Z,5.859999999999999,0,Metinic
2566,2021-04-24T09:41:07Z,5.859999999999999,0,Metinic
2567,2021-04-24T09:46:07Z,5.859999999999999,1,Metinic
2568,2021-04-24T09:51:07Z,5.859999999999999,3,Metinic
2569,2021-04-24T09:56:07Z,5.757,3,Metinic
2570,2021-04-24T10:01:07Z,5.757,4,Metinic
2571,2021-04-24T10:06:07Z,5.859999999999999,5,Metinic
2572,2021-04-24T10:11:07Z,5.757,7,Metinic
2573,2021-04-24T10:16:07Z,5.859999999999999,14,Metinic
2574,2021-04-24T10:21:07Z,5.859999999999999,9,Metinic
2575,2021-04-24T10:26:07Z,5.859999999999999,11,Metinic
2576,2021-04-24T10:31:07Z,5.859999999999999,11,Metinic
2577,2021-04-24T10:36:07Z,5.859999999999999,12,Metinic
2578,2021-04-24T10:41:07Z,5.859999999999999,11,Metinic
2579,2021-04-24T10:46:07Z,5.859999999999999,16,Metinic
2580,2021-04-24T10:51:07Z,5.859999999999999,9,Metinic
2581,2021-04-24T10:56:07Z,5.859999999999999,29,Metinic
2582,2021-04-24T11:01:07Z,5.859999999999999,16,Metinic
2583,2021-04-24T11:06:07Z,5.859999999999999,17,Metinic
2584,2021-04-24T11:11:07Z,5.859999999999999,18,Metinic
2585,2021-04-24T11:16:07Z,5.859999999999999,20,Metinic
2586,2021-04-24T11:21:07Z,5.859999999999999,20,Metinic
2587,2021-04-24T11:26:07Z,5.859999999999999,22,Metinic
2588,2021-04-24T11:31:07Z,5.859999999999999,22,Metinic
2589,2021-04-24T11:36:07Z,5.859999999999999,21,Metinic
2590,2021-04-24T11:41:07Z,5.859999999999999,23,Metinic
2591,2021-04-24T11:46:07Z,5.859999999999999,34,Metinic
2592,2021-04-24T11:51:07Z,5.859999999999999,27,Metinic
2593,2021-04-24T11:56:07Z,5.859999999999999,27,Metinic
2594,2021-04-24T12:01:07Z,5.859999999999999,29,Metinic
2595,2021-04-24T12:06:07Z,5.859999999999999,30,Metinic
2596,2021-04-24T12:11:07Z,5.859999999999999,28,Metinic
2597,2021-04-24T12:16:07Z,5.859999999999999,33,Metinic
2598,2021-04-24T12:21:07Z,5.859999999999999,35,Metinic
2599,2021-04-24T12:26:07Z,5.859999999999999,40,Metinic
2600,2021-04-24T12:31:07Z,5.859999999999999,34,Metinic
2601,2021-04-24T12:36:07Z,5.859999999999999,36,Metinic
2602,2021-04-24T12:41:07Z,5.859999999999999,31,Metinic
2603,2021-04-24T12:46:07Z,5.859999999999999,38,Metinic
2604,2021-04-24T12:51:07Z,5.859999999999999,37,Metinic
2605,2021-04-24T12:56:07Z,5.859999999999999,43,Metinic
2606,2021-04-24T13:01:07Z,5.962,45,Metinic
2607,2021-04-24T13:06:07Z,5.962,62,Metinic
2608,2021-04-24T13:11:07Z,5.962,45,Metinic
2609,2021-04-24T13:16:07Z,5.962,33,Metinic
2610,2021-04-24T13:21:07Z,6.063999999999999,46,Metinic
2611,2021-04-24T13:26:07Z,6.063999999999999,44,Metinic
2612,2021-04-24T13:31:07Z,6.063999999999999,51,Metinic
2613,2021-04-24T13:36:07Z,6.063999999999999,74,Metinic
2614,2021-04-24T13:41:07Z,6.063999999999999,48,Metinic
2615,2021-04-24T13:46:07Z,6.063999999999999,56,Metinic
2616,2021-04-24T13:51:07Z,6.063999999999999,61,Metinic
2617,2021-04-24T13:56:07Z,6.063999999999999,83,Metinic
2618,2021-04-24T14:01:07Z,6.063999999999999,88,Metinic
2619,2021-04-24T14:06:07Z,6.063999999999999,75,Metinic
2620,2021-04-24T14:11:07Z,6.063999999999999,67,Metinic
2621,2021-04-24T14:16:07Z,6.063999999999999,144,Metinic
2622,2021-04-24T14:21:07Z,6.063999999999999,73,Metinic
2623,2021-04-24T14:26:07Z,6.063999999999999,84,Metinic
2624,2021-04-24T14:31:07Z,6.063999999999999,80,Metinic
2625,2021-04-24T14:36:07Z,6.1659999999999995,81,Metinic
2626,2021-04-24T14:41:07Z,6.1659999999999995,126,Metinic
2627,2021-04-24T14:46:07Z,6.1659999999999995,120,Metinic
2628,2021-04-24T14:51:07Z,6.1659999999999995,51,Metinic
2629,2021-04-24T14:56:07Z,6.1659999999999995,92,Metinic
2630,2021-04-24T15:01:07Z,6.1659999999999995,89,Metinic
2631,2021-04-24T15:06:07Z,6.1659999999999995,84,Metinic
2632,2021-04-24T15:11:07Z,6.1659999999999995,79,Metinic
2633,2021-04-24T15:16:07Z,6.1659999999999995,200,Metinic
2634,2021-04-24T15:21:07Z,6.1659999999999995,110,Metinic
2635,2021-04-24T15:26:07Z,6.1659999999999995,101,Metinic
2636,2021-04-24T15:31:07Z,6.1659999999999995,98,Metinic
2637,2021-04-24T15:36:07Z,6.1659999999999995,111,Metinic
2638,2021-04-24T15:41:07Z,6.1659999999999995,97,Metinic
2639,2021-04-24T15:46:07Z,6.1659999999999995,128,Metinic
2640,2021-04-24T15:51:07Z,6.268,128,Metinic
2641,2021-04-24T15:56:07Z,6.37,50,Metinic
2642,2021-04-24T16:01:07Z,6.37,77,Metinic
2643,2021-04-24T16:06:07Z,6.37,144,Metinic
2644,2021-04-24T16:11:07Z,6.37,144,Metinic
2645,2021-04-24T16:16:07Z,6.268,128,Metinic
2646,2021-04-24T16:21:07Z,6.37,160,Metinic
2647,2021-04-24T16:26:07Z,6.37,144,Metinic
2648,2021-04-24T16:31:07Z,6.37,160,Metinic
2649,2021-04-24T16:36:07Z,6.37,288,Metinic
2650,2021-04-24T16:41:07Z,6.37,152,Metinic
2651,2021-04-24T16:46:07Z,6.37,160,Metinic
2652,2021-04-24T16:51:07Z,6.37,168,Metinic
2653,2021-04-24T16:56:07Z,6.471000000000001,136,Metinic
2654,2021-04-24T17:01:07Z,6.471000000000001,224,Metinic
2655,2021-04-24T17:06:07Z,6.573,248,Metinic
2656,2021-04-24T17:11:07Z,6.573,232,Metinic
2657,2021-04-24T17:16:07Z,6.573,192,Metinic
2658,2021-04-24T17:21:07Z,6.471000000000001,184,Metinic
2659,2021-04-24T17:26:07Z,6.471000000000001,256,Metinic
2660,2021-04-24T17:31:07Z,6.471000000000001,216,Metinic
2661,2021-04-24T17:36:07Z,6.471000000000001,184,Metinic
2662,2021-04-24T17:41:07Z,6.471000000000001,248,Metinic
2663,2021-04-24T17:46:07Z,6.471000000000001,320,Metinic
2664,2021-04-24T17:51:07Z,6.471000000000001,576,Metinic
2665,2021-04-24T17:56:07Z,6.37,152,Metinic
2666,2021-04-24T18:01:07Z,6.37,216,Metinic
2667,2021-04-24T18:06:07Z,6.471000000000001,216,Metinic
2668,2021-04-24T18:11:07Z,6.37,81,Metinic
2669,2021-04-24T18:16:07Z,6.268,117,Metinic
2670,2021-04-24T18:21:07Z,6.37,216,Metinic
2671,2021-04-24T18:26:07Z,6.37,288,Metinic
2672,2021-04-24T18:31:07Z,6.268,152,Metinic
2673,2021-04-24T18:36:07Z,6.268,272,Metinic
2674,2021-04-24T18:41:07Z,6.268,336,Metinic
2675,2021-04-24T18:46:07Z,6.1659999999999995,97,Metinic
2676,2021-04-24T18:51:07Z,6.1659999999999995,256,Metinic
2677,2021-04-24T18:56:07Z,6.1659999999999995,512,Metinic
2678,2021-04-24T19:01:07Z,6.1659999999999995,304,Metinic
2679,2021-04-24T19:06:07Z,6.1659999999999995,480,Metinic
2680,2021-04-24T19:11:07Z,6.1659999999999995,304,Metinic
2681,2021-04-24T19:16:07Z,6.268,368,Metinic
2682,2021-04-24T19:21:07Z,6.1659999999999995,368,Metinic
2683,2021-04-24T19:26:07Z,6.1659999999999995,160,Metinic
2684,2021-04-24T19:31:07Z,6.268,352,Metinic
2685,2021-04-24T19:36:07Z,6.1659999999999995,118,Metinic
2686,2021-04-24T19:41:07Z,6.268,121,Metinic
2687,2021-04-24T19:46:07Z,6.063999999999999,53,Metinic
2688,2021-04-24T19:51:07Z,6.063999999999999,93,Metinic
2689,2021-04-24T19:56:07Z,6.1659999999999995,256,Metinic
2690,2021-04-24T20:01:07Z,6.063999999999999,82,Metinic
2691,2021-04-24T20:06:07Z,5.962,102,Metinic
2692,2021-04-24T20:11:07Z,6.1659999999999995,400,Metinic
2693,2021-04-24T20:16:07Z,6.063999999999999,152,Metinic
2694,2021-04-24T20:21:07Z,6.1659999999999995,108,Metinic
2695,2021-04-24T20:26:07Z,6.1659999999999995,288,Metinic
2696,2021-04-24T20:31:07Z,6.063999999999999,93,Metinic
2697,2021-04-24T20:36:07Z,5.962,52,Metinic
2698,2021-04-24T20:41:07Z,6.063999999999999,320,Metinic
2699,2021-04-24T20:46:07Z,6.063999999999999,73,Metinic
2700,2021-04-24T20:51:07Z,5.962,54,Metinic
2701,2021-04-24T20:56:07Z,6.1659999999999995,272,Metinic
2702,2021-04-24T21:01:07Z,6.063999999999999,50,Metinic
2703,2021-04-24T21:06:07Z,6.1659999999999995,123,Metinic
2704,2021-04-24T21:11:07Z,6.1659999999999995,128,Metinic
2705,2021-04-24T21:16:07Z,6.1659999999999995,96,Metinic
2706,2021-04-24T21:21:07Z,6.1659999999999995,42,Metinic
2707,2021-04-24T21:26:07Z,6.1659999999999995,47,Metinic
2708,2021-04-24T21:31:07Z,6.1659999999999995,45,Metinic
2709,2021-04-24T21:36:07Z,6.1659999999999995,110,Metinic
2710,2021-04-24T21:41:07Z,6.1659999999999995,46,Metinic
2711,2021-04-24T21:46:07Z,6.1659999999999995,128,Metinic
2712,2021-04-24T21:51:07Z,6.1659999999999995,48,Metinic
2713,2021-04-24T21:56:07Z,6.1659999999999995,104,Metinic
2714,2021-04-24T22:01:07Z,6.1659999999999995,62,Metinic
2715,2021-04-24T22:06:07Z,6.1659999999999995,69,Metinic
2716,2021-04-24T22:11:07Z,6.1659999999999995,86,Metinic
2717,2021-04-24T22:16:07Z,6.1659999999999995,68,Metinic
2718,2021-04-24T22:21:07Z,6.063999999999999,50,Metinic
2719,2021-04-24T22:26:07Z,6.063999999999999,46,Metinic
2720,2021-04-24T22:31:07Z,6.063999999999999,36,Metinic
2721,2021-04-24T22:36:07Z,6.063999999999999,33,Metinic
2722,2021-04-24T22:41:07Z,6.063999999999999,32,Metinic
2723,2021-04-24T22:46:07Z,6.063999999999999,20,Metinic
2724,2021-04-24T22:51:07Z,6.063999999999999,15,Metinic
2725,2021-04-24T22:56:07Z,6.063999999999999,19,Metinic
2726,2021-04-24T23:01:07Z,6.063999999999999,10,Metinic
2727,2021-04-24T23:06:07Z,6.063999999999999,8,Metinic
2728,2021-04-24T23:11:07Z,6.063999999999999,5,Metinic
2729,2021-04-24T23:16:07Z,6.063999999999999,4,Metinic
2730,2021-04-24T23:21:07Z,6.063999999999999,4,Metinic
2731,2021-04-24T23:26:07Z,6.063999999999999,1,Metinic
2732,2021-04-24T23:31:07Z,6.063999999999999,0,Metinic
2733,2021-04-24T23:36:07Z,5.962,0,Metinic
2734,2021-04-24T23:41:07Z,5.962,0,Metinic
2735,2021-04-24T23:46:07Z,5.962,0,Metinic
2736,2021-04-24T23:51:07Z,5.962,0,Metinic
2737,2021-04-24T23:56:07Z,5.962,0,Metinic
2738,2021-04-25T00:01:07Z,5.962,0,Metinic
2739,2021-04-25T00:06:07Z,5.962,0,Metinic
2740,2021-04-25T00:11:07Z,5.859999999999999,0,Metinic
2741,2021-04-25T00:16:07Z,5.962,0,Metinic
2742,2021-04-25T00:21:07Z,5.859999999999999,0,Metinic
2743,2021-04-25T00:26:07Z,5.859999999999999,0,Metinic
2744,2021-04-25T00:31:07Z,5.859999999999999,0,Metinic
2745,2021-04-25T00:36:07Z,5.859999999999999,0,Metinic
2746,2021-04-25T00:41:07Z,5.859999999999999,0,Metinic
2747,2021-04-25T00:46:07Z,5.962,0,Metinic
2748,2021-04-25T00:51:07Z,5.962,0,Metinic
2749,2021-04-25T00:56:07Z,5.962,0,Metinic
2750,2021-04-25T01:01:07Z,5.859999999999999,0,Metinic
2751,2021-04-25T01:06:07Z,5.859999999999999,0,Metinic
2752,2021-04-25T01:11:07Z,5.859999999999999,0,Metinic
2753,2021-04-25T01:16:07Z,5.962,0,Metinic
2754,2021-04-25T01:21:07Z,5.962,0,Metinic
2755,2021-04-25T01:26:07Z,5.962,0,Metinic
2756,2021-04-25T01:31:07Z,5.962,0,Metinic
2757,2021-04-25T01:36:07Z,5.962,0,Metinic
2758,2021-04-25T01:41:07Z,5.962,0,Metinic
2759,2021-04-25T01:46:07Z,5.962,0,Metinic
2760,2021-04-25T01:51:07Z,5.962,0,Metinic
2761,2021-04-25T01:56:07Z,5.962,0,Metinic
2762,2021-04-25T02:01:07Z,5.962,0,Metinic
2763,2021-04-25T02:06:07Z,5.962,0,Metinic
2764,2021-04-25T02:11:07Z,5.962,0,Metinic
2765,2021-04-25T02:16:07Z,5.962,0,Metinic
2766,2021-04-25T02:21:07Z,5.962,0,Metinic
2767,2021-04-25T02:26:07Z,5.962,0,Metinic
2768,2021-04-25T02:31:07Z,5.962,0,Metinic
2769,2021-04-25T02:36:07Z,5.962,0,Metinic
2770,2021-04-25T02:41:07Z,5.962,0,Metinic
2771,2021-04-25T02:46:07Z,5.962,0,Metinic
2772,2021-04-25T02:51:07Z,5.962,0,Metinic
2773,2021-04-25T02:56:07Z,5.962,0,Metinic
2774,2021-04-25T03:01:07Z,5.962,0,Metinic
2775,2021-04-25T03:06:07Z,5.962,0,Metinic
2776,2021-04-25T03:11:07Z,5.962,0,Metinic
2777,2021-04-25T03:16:07Z,5.962,0,Metinic
2778,2021-04-25T03:21:07Z,5.962,0,Metinic
2779,2021-04-25T03:26:07Z,5.962,0,Metinic
2780,2021-04-25T03:31:07Z,5.962,0,Metinic
2781,2021-04-25T03:36:07Z,5.962,0,Metinic
2782,2021-04-25T03:41:07Z,5.962,0,Metinic
2783,2021-04-25T03:46:07Z,5.962,0,Metinic
2784,2021-04-25T03:51:07Z,5.962,0,Metinic
2785,2021-04-25T03:56:07Z,5.962,0,Metinic
2786,2021-04-25T04:01:07Z,5.962,0,Metinic
2787,2021-04-25T04:06:07Z,5.962,0,Metinic
2788,2021-04-25T04:11:07Z,5.962,0,Metinic
2789,2021-04-25T04:16:07Z,5.962,0,Metinic
2790,2021-04-25T04:21:07Z,5.962,0,Metinic
2791,2021-04-25T04:26:07Z,5.962,0,Metinic
2792,2021-04-25T04:31:07Z,5.962,0,Metinic
2793,2021-04-25T04:36:07Z,5.962,0,Metinic
2794,2021-04-25T04:41:07Z,5.962,0,Metinic
2795,2021-04-25T04:46:07Z,5.962,0,Metinic
2796,2021-04-25T04:51:07Z,5.962,0,Metinic
2797,2021-04-25T04:56:07Z,5.962,0,Metinic
2798,2021-04-25T05:01:07Z,5.962,0,Metinic
2799,2021-04-25T05:06:07Z,5.962,0,Metinic
2800,2021-04-25T05:11:07Z,5.962,0,Metinic
2801,2021-04-25T05:16:07Z,5.962,0,Metinic
2802,2021-04-25T05:21:07Z,5.962,0,Metinic
2803,2021-04-25T05:26:07Z,5.962,0,Metinic
2804,2021-04-25T05:31:07Z,5.962,0,Metinic
2805,2021-04-25T05:36:07Z,5.962,0,Metinic
2806,2021-04-25T05:41:07Z,5.962,0,Metinic
2807,2021-04-25T05:46:07Z,5.962,0,Metinic
2808,2021-04-25T05:51:07Z,5.962,0,Metinic
2809,2021-04-25T05:56:07Z,5.962,0,Metinic
2810,2021-04-25T06:01:07Z,5.962,0,Metinic
2811,2021-04-25T06:06:07Z,5.962,0,Metinic
2812,2021-04-25T06:11:07Z,5.962,0,Metinic
2813,2021-04-25T06:16:07Z,5.962,0,Metinic
2814,2021-04-25T06:21:07Z,5.962,0,Metinic
2815,2021-04-25T06:26:07Z,5.962,0,Metinic
2816,2021-04-25T06:31:07Z,5.962,0,Metinic
2817,2021-04-25T06:36:07Z,5.962,0,Metinic
2818,2021-04-25T06:41:07Z,5.962,0,Metinic
2819,2021-04-25T06:46:07Z,5.962,0,Metinic
2820,2021-04-25T06:51:07Z,5.962,0,Metinic
2821,2021-04-25T06:56:07Z,5.962,0,Metinic
2822,2021-04-25T07:01:07Z,5.962,0,Metinic
2823,2021-04-25T07:06:07Z,5.962,0,Metinic
2824,2021-04-25T07:11:07Z,5.962,0,Metinic
2825,2021-04-25T07:16:07Z,5.962,0,Metinic
2826,2021-04-25T07:21:07Z,5.962,0,Metinic
2827,2021-04-25T07:26:07Z,5.962,0,Metinic
2828,2021-04-25T07:31:07Z,5.962,0,Metinic
2829,2021-04-25T07:36:07Z,5.962,0,Metinic
2830,2021-04-25T07:41:07Z,5.962,0,Metinic
2831,2021-04-25T07:46:07Z,5.962,0,Metinic
2832,2021-04-25T07:51:07Z,5.962,0,Metinic
2833,2021-04-25T07:56:07Z,5.962,0,Metinic
2834,2021-04-25T08:01:07Z,5.962,0,Metinic
2835,2021-04-25T08:06:07Z,5.962,0,Metinic
2836,2021-04-25T08:11:07Z,5.962,0,Metinic
2837,2021-04-25T08:16:07Z,5.962,0,Metinic
2838,2021-04-25T08:21:07Z,5.962,0,Metinic
2839,2021-04-25T08:26:07Z,6.063999999999999,0,Metinic
2840,2021-04-25T08:31:07Z,6.063999999999999,0,Metinic
2841,2021-04-25T08:36:07Z,6.063999999999999,0,Metinic
2842,2021-04-25T08:41:07Z,6.063999999999999,0,Metinic
2843,2021-04-25T08:46:07Z,6.063999999999999,0,Metinic
2844,2021-04-25T08:51:07Z,5.962,0,Metinic
2845,2021-04-25T08:56:07Z,5.962,0,Metinic
2846,2021-04-25T09:01:07Z,5.962,0,Metinic
2847,2021-04-25T09:06:07Z,5.962,0,Metinic
2848,2021-04-25T09:11:07Z,5.962,0,Metinic
2849,2021-04-25T09:16:07Z,5.962,0,Metinic
2850,2021-04-25T09:21:07Z,5.962,0,Metinic
2851,2021-04-25T09:26:07Z,5.962,0,Metinic
2852,2021-04-25T09:31:07Z,5.962,0,Metinic
2853,2021-04-25T09:36:07Z,5.962,0,Metinic
2854,2021-04-25T09:41:07Z,5.962,0,Metinic
2855,2021-04-25T09:46:07Z,5.962,2,Metinic
2856,2021-04-25T09:51:07Z,5.962,3,Metinic
2857,2021-04-25T09:56:07Z,5.962,4,Metinic
2858,2021-04-25T10:01:07Z,5.962,7,Metinic
2859,2021-04-25T10:06:07Z,5.962,9,Metinic
2860,2021-04-25T10:11:07Z,5.962,11,Metinic
2861,2021-04-25T10:16:07Z,5.962,17,Metinic
2862,2021-04-25T10:21:07Z,5.962,20,Metinic
2863,2021-04-25T10:26:07Z,5.962,21,Metinic
2864,2021-04-25T10:31:07Z,5.962,41,Metinic
2865,2021-04-25T10:36:07Z,5.962,18,Metinic
2866,2021-04-25T10:41:07Z,5.962,14,Metinic
2867,2021-04-25T10:46:07Z,5.962,18,Metinic
2868,2021-04-25T10:51:07Z,5.962,19,Metinic
2869,2021-04-25T10:56:07Z,5.962,25,Metinic
2870,2021-04-25T11:01:07Z,5.962,27,Metinic
2871,2021-04-25T11:06:07Z,5.962,27,Metinic
2872,2021-04-25T11:11:07Z,6.063999999999999,35,Metinic
2873,2021-04-25T11:16:07Z,6.063999999999999,42,Metinic
2874,2021-04-25T11:21:07Z,5.962,33,Metinic
2875,2021-04-25T11:26:07Z,5.962,24,Metinic
2876,2021-04-25T11:31:07Z,6.063999999999999,34,Metinic
2877,2021-04-25T11:36:07Z,6.063999999999999,33,Metinic
2878,2021-04-25T11:41:07Z,6.063999999999999,35,Metinic
2879,2021-04-25T11:46:07Z,6.063999999999999,39,Metinic
2880,2021-04-25T11:51:07Z,6.063999999999999,45,Metinic
2881,2021-04-25T11:56:07Z,6.063999999999999,50,Metinic
2882,2021-04-25T12:01:07Z,6.063999999999999,48,Metinic
2883,2021-04-25T12:06:07Z,6.063999999999999,46,Metinic
2884,2021-04-25T12:11:07Z,6.063999999999999,47,Metinic
2885,2021-04-25T12:16:07Z,6.063999999999999,53,Metinic
2886,2021-04-25T12:21:07Z,6.063999999999999,45,Metinic
2887,2021-04-25T12:26:07Z,6.063999999999999,51,Metinic
2888,2021-04-25T12:31:07Z,6.063999999999999,54,Metinic
2889,2021-04-25T12:36:07Z,6.063999999999999,64,Metinic
2890,2021-04-25T12:41:07Z,6.063999999999999,60,Metinic
2891,2021-04-25T12:46:07Z,6.063999999999999,120,Metinic
2892,2021-04-25T12:51:07Z,6.063999999999999,63,Metinic
2893,2021-04-25T12:56:07Z,6.063999999999999,75,Metinic
2894,2021-04-25T13:01:07Z,6.063999999999999,128,Metinic
2895,2021-04-25T13:06:07Z,6.063999999999999,65,Metinic
2896,2021-04-25T13:11:07Z,6.063999999999999,63,Metinic
2897,2021-04-25T13:16:07Z,6.063999999999999,64,Metinic
2898,2021-04-25T13:21:07Z,6.063999999999999,60,Metinic
2899,2021-04-25T13:26:07Z,6.1659999999999995,69,Metinic
2900,2021-04-25T13:31:07Z,6.1659999999999995,72,Metinic
2901,2021-04-25T13:36:07Z,6.1659999999999995,68,Metinic
2902,2021-04-25T13:41:07Z,6.063999999999999,67,Metinic
2903,2021-04-25T13:46:07Z,6.1659999999999995,70,Metinic
2904,2021-04-25T13:51:07Z,6.1659999999999995,91,Metinic
2905,2021-04-25T13:56:07Z,6.1659999999999995,78,Metinic
2906,2021-04-25T14:01:07Z,6.1659999999999995,68,Metinic
2907,2021-04-25T14:06:07Z,6.1659999999999995,78,Metinic
2908,2021-04-25T14:11:07Z,6.1659999999999995,79,Metinic
2909,2021-04-25T14:16:07Z,6.1659999999999995,80,Metinic
2910,2021-04-25T14:21:07Z,6.1659999999999995,109,Metinic
2911,2021-04-25T14:26:07Z,6.1659999999999995,72,Metinic
2912,2021-04-25T14:31:07Z,6.1659999999999995,112,Metinic
2913,2021-04-25T14:36:07Z,6.1659999999999995,152,Metinic
2914,2021-04-25T14:41:07Z,6.1659999999999995,78,Metinic
2915,2021-04-25T14:46:07Z,6.1659999999999995,73,Metinic
2916,2021-04-25T14:51:07Z,6.1659999999999995,65,Metinic
2917,2021-04-25T14:56:07Z,6.1659999999999995,46,Metinic
2918,2021-04-25T15:01:07Z,6.1659999999999995,122,Metinic
2919,2021-04-25T15:06:07Z,6.1659999999999995,65,Metinic
2920,2021-04-25T15:11:07Z,6.1659999999999995,96,Metinic
2921,2021-04-25T15:16:07Z,6.1659999999999995,76,Metinic
2922,2021-04-25T15:21:07Z,6.1659999999999995,72,Metinic
2923,2021-04-25T15:26:07Z,6.1659999999999995,77,Metinic
2924,2021-04-25T15:31:07Z,6.1659999999999995,68,Metinic
2925,2021-04-25T15:36:07Z,6.1659999999999995,100,Metinic
2926,2021-04-25T15:41:07Z,6.1659999999999995,75,Metinic
2927,2021-04-25T15:46:07Z,6.1659999999999995,62,Metinic
2928,2021-04-25T15:51:07Z,6.1659999999999995,55,Metinic
2929,2021-04-25T15:56:07Z,6.1659999999999995,63,Metinic
2930,2021-04-25T16:01:07Z,6.1659999999999995,59,Metinic
2931,2021-04-25T16:06:07Z,6.1659999999999995,82,Metinic
2932,2021-04-25T16:11:07Z,6.1659999999999995,66,Metinic
2933,2021-04-25T16:16:07Z,6.1659999999999995,67,Metinic
2934,2021-04-25T16:21:07Z,6.1659999999999995,63,Metinic
2935,2021-04-25T16:26:07Z,6.1659999999999995,48,Metinic
2936,2021-04-25T16:31:07Z,6.1659999999999995,71,Metinic
2937,2021-04-25T16:36:07Z,6.1659999999999995,52,Metinic
2938,2021-04-25T16:41:07Z,6.1659999999999995,53,Metinic
2939,2021-04-25T16:46:07Z,6.1659999999999995,59,Metinic
2940,2021-04-25T16:51:07Z,6.1659999999999995,55,Metinic
2941,2021-04-25T16:56:07Z,6.1659999999999995,53,Metinic
2942,2021-04-25T17:01:07Z,6.1659999999999995,54,Metinic
2943,2021-04-25T17:06:07Z,6.1659999999999995,68,Metinic
2944,2021-04-25T17:11:07Z,6.1659999999999995,46,Metinic
2945,2021-04-25T17:16:07Z,6.1659999999999995,50,Metinic
2946,2021-04-25T17:21:07Z,6.1659999999999995,57,Metinic
2947,2021-04-25T17:26:07Z,6.1659999999999995,57,Metinic
2948,2021-04-25T17:31:07Z,6.063999999999999,57,Metinic
2949,2021-04-25T17:36:07Z,6.1659999999999995,58,Metinic
2950,2021-04-25T17:41:07Z,6.063999999999999,56,Metinic
2951,2021-04-25T17:46:07Z,6.1659999999999995,66,Metinic
2952,2021-04-25T17:51:07Z,6.063999999999999,64,Metinic
2953,2021-04-25T17:56:07Z,6.063999999999999,119,Metinic
2954,2021-04-25T18:01:07Z,6.063999999999999,68,Metinic
2955,2021-04-25T18:06:07Z,6.063999999999999,74,Metinic
2956,2021-04-25T18:11:07Z,6.063999999999999,69,Metinic
2957,2021-04-25T18:16:07Z,6.1659999999999995,76,Metinic
2958,2021-04-25T18:21:07Z,6.1659999999999995,69,Metinic
2959,2021-04-25T18:26:07Z,6.063999999999999,128,Metinic
2960,2021-04-25T18:31:07Z,6.063999999999999,87,Metinic
2961,2021-04-25T18:36:07Z,6.063999999999999,90,Metinic
2962,2021-04-25T18:41:07Z,6.063999999999999,117,Metinic
2963,2021-04-25T18:46:07Z,6.063999999999999,80,Metinic
2964,2021-04-25T18:51:07Z,6.063999999999999,88,Metinic
2965,2021-04-25T18:56:07Z,6.1659999999999995,94,Metinic
2966,2021-04-25T19:01:07Z,6.1659999999999995,88,Metinic
2967,2021-04-25T19:06:07Z,6.1659999999999995,160,Metinic
2968,2021-04-25T19:11:07Z,6.063999999999999,117,Metinic
2969,2021-04-25T19:16:07Z,6.063999999999999,184,Metinic
2970,2021-04-25T19:21:07Z,6.063999999999999,122,Metinic
2971,2021-04-25T19:26:07Z,6.063999999999999,126,Metinic
2972,2021-04-25T19:31:07Z,6.063999999999999,152,Metinic
2973,2021-04-25T19:36:07Z,6.063999999999999,248,Metinic
2974,2021-04-25T19:41:07Z,6.063999999999999,110,Metinic
2975,2021-04-25T19:46:07Z,5.962,74,Metinic
2976,2021-04-25T19:51:07Z,5.962,116,Metinic
2977,2021-04-25T19:56:07Z,5.962,57,Metinic
2978,2021-04-25T20:01:07Z,5.962,53,Metinic
2979,2021-04-25T20:06:07Z,5.962,60,Metinic
2980,2021-04-25T20:11:07Z,5.962,56,Metinic
2981,2021-04-25T20:16:07Z,5.962,58,Metinic
2982,2021-04-25T20:21:07Z,5.962,56,Metinic
2983,2021-04-25T20:26:07Z,5.962,50,Metinic
2984,2021-04-25T20:31:07Z,5.962,56,Metinic
2985,2021-04-25T20:36:07Z,6.063999999999999,44,Metinic
2986,2021-04-25T20:41:07Z,6.063999999999999,52,Metinic
2987,2021-04-25T20:46:07Z,6.063999999999999,41,Metinic
2988,2021-04-25T20:51:07Z,6.063999999999999,49,Metinic
2989,2021-04-25T20:56:07Z,6.063999999999999,36,Metinic
2990,2021-04-25T21:01:07Z,6.063999999999999,40,Metinic
2991,2021-04-25T21:06:07Z,6.063999999999999,31,Metinic
2992,2021-04-25T21:11:07Z,6.063999999999999,62,Metinic
2993,2021-04-25T21:16:07Z,6.063999999999999,37,Metinic
2994,2021-04-25T21:21:07Z,6.063999999999999,37,Metinic
2995,2021-04-25T21:26:07Z,6.063999999999999,29,Metinic
2996,2021-04-25T21:31:07Z,6.063999999999999,26,Metinic
2997,2021-04-25T21:36:07Z,6.063999999999999,36,Metinic
2998,2021-04-25T21:41:07Z,6.063999999999999,34,Metinic
2999,2021-04-25T21:46:07Z,6.063999999999999,49,Metinic
3000,2021-04-25T21:51:07Z,6.063999999999999,33,Metinic
3001,2021-04-25T21:56:07Z,6.063999999999999,26,Metinic
3002,2021-04-25T22:01:07Z,6.063999999999999,17,Metinic
3003,2021-04-25T22:06:07Z,6.063999999999999,11,Metinic
3004,2021-04-25T22:11:07Z,6.063999999999999,9,Metinic
3005,2021-04-25T22:16:07Z,6.063999999999999,6,Metinic
3006,2021-04-25T22:21:07Z,6.063999999999999,6,Metinic
3007,2021-04-25T22:26:07Z,6.063999999999999,5,Metinic
3008,2021-04-25T22:31:07Z,6.063999999999999,4,Metinic
3009,2021-04-25T22:36:07Z,6.063999999999999,5,Metinic
3010,2021-04-25T22:41:07Z,6.063999999999999,3,Metinic
3011,2021-04-25T22:46:07Z,6.063999999999999,3,Metinic
3012,2021-04-25T22:51:07Z,6.063999999999999,2,Metinic
3013,2021-04-25T22:56:07Z,6.063999999999999,2,Metinic
3014,2021-04-25T23:01:07Z,6.063999999999999,2,Metinic
3015,2021-04-25T23:06:07Z,6.063999999999999,1,Metinic
3016,2021-04-25T23:11:07Z,6.063999999999999,0,Metinic
3017,2021-04-25T23:16:07Z,6.063999999999999,0,Metinic
3018,2021-04-25T23:21:07Z,6.063999999999999,1,Metinic
3019,2021-04-25T23:26:07Z,6.063999999999999,0,Metinic
3020,2021-04-25T23:31:07Z,6.063999999999999,0,Metinic
3021,2021-04-25T23:36:07Z,6.063999999999999,0,Metinic
3022,2021-04-25T23:41:07Z,6.063999999999999,0,Metinic
3023,2021-04-25T23:46:07Z,6.063999999999999,0,Metinic
3024,2021-04-25T23:51:07Z,6.063999999999999,0,Metinic
3025,2021-04-25T23:56:07Z,6.063999999999999,0,Metinic
3026,2021-04-26T00:01:07Z,6.063999999999999,0,Metinic
3027,2021-04-26T00:06:07Z,6.063999999999999,0,Metinic
3028,2021-04-26T00:11:07Z,6.063999999999999,0,Metinic
3029,2021-04-26T00:16:07Z,5.962,0,Metinic
3030,2021-04-26T00:21:07Z,6.063999999999999,0,Metinic
3031,2021-04-26T00:26:07Z,6.063999999999999,0,Metinic
3032,2021-04-26T00:31:07Z,5.962,0,Metinic
3033,2021-04-26T00:36:07Z,5.962,0,Metinic
3034,2021-04-26T00:41:07Z,5.962,0,Metinic
3035,2021-04-26T00:46:07Z,5.962,0,Metinic
3036,2021-04-26T00:51:07Z,5.962,0,Metinic
3037,2021-04-26T00:56:07Z,5.962,0,Metinic
3038,2021-04-26T01:01:07Z,5.962,0,Metinic
3039,2021-04-26T01:06:07Z,5.962,0,Metinic
3040,2021-04-26T01:11:07Z,5.962,0,Metinic
3041,2021-04-26T01:16:07Z,5.962,0,Metinic
3042,2021-04-26T01:21:07Z,5.962,0,Metinic
3043,2021-04-26T01:26:07Z,5.962,0,Metinic
3044,2021-04-26T01:31:07Z,5.962,0,Metinic
3045,2021-04-26T01:36:07Z,5.962,0,Metinic
3046,2021-04-26T01:41:07Z,5.962,0,Metinic
3047,2021-04-26T01:46:07Z,5.962,0,Metinic
3048,2021-04-26T01:51:07Z,5.962,0,Metinic
3049,2021-04-26T01:56:07Z,5.962,0,Metinic
3050,2021-04-26T02:01:07Z,5.962,0,Metinic
3051,2021-04-26T02:06:07Z,5.962,0,Metinic
3052,2021-04-26T02:11:07Z,5.962,0,Metinic
3053,2021-04-26T02:16:07Z,5.962,0,Metinic
3054,2021-04-26T02:21:07Z,5.962,0,Metinic
3055,2021-04-26T02:26:07Z,5.962,0,Metinic
3056,2021-04-26T02:31:07Z,5.962,0,Metinic
3057,2021-04-26T02:36:07Z,5.962,0,Metinic
3058,2021-04-26T02:41:07Z,5.962,0,Metinic
3059,2021-04-26T02:46:07Z,5.962,0,Metinic
3060,2021-04-26T02:51:07Z,5.962,0,Metinic
3061,2021-04-26T02:56:07Z,5.962,0,Metinic
3062,2021-04-26T03:01:07Z,5.962,0,Metinic
3063,2021-04-26T03:06:07Z,5.962,0,Metinic
3064,2021-04-26T03:11:07Z,5.962,0,Metinic
3065,2021-04-26T03:16:07Z,5.962,0,Metinic
3066,2021-04-26T03:21:07Z,5.962,0,Metinic
3067,2021-04-26T03:26:07Z,5.962,0,Metinic
3068,2021-04-26T03:31:07Z,5.962,0,Metinic
3069,2021-04-26T03:36:07Z,5.962,0,Metinic
3070,2021-04-26T03:41:07Z,5.962,0,Metinic
3071,2021-04-26T03:46:07Z,5.962,0,Metinic
3072,2021-04-26T03:51:07Z,6.063999999999999,0,Metinic
3073,2021-04-26T03:56:07Z,5.962,0,Metinic
3074,2021-04-26T04:01:07Z,5.962,0,Metinic
3075,2021-04-26T04:06:07Z,5.962,0,Metinic
3076,2021-04-26T04:11:07Z,5.962,0,Metinic
3077,2021-04-26T04:16:07Z,5.962,0,Metinic
3078,2021-04-26T04:21:07Z,5.962,0,Metinic
3079,2021-04-26T04:26:07Z,6.063999999999999,0,Metinic
3080,2021-04-26T04:31:07Z,5.962,0,Metinic
3081,2021-04-26T04:36:07Z,5.962,0,Metinic
3082,2021-04-26T04:41:07Z,5.962,0,Metinic
3083,2021-04-26T04:46:07Z,5.962,0,Metinic
3084,2021-04-26T04:51:07Z,5.962,0,Metinic
3085,2021-04-26T04:56:07Z,5.962,0,Metinic
3086,2021-04-26T05:01:07Z,5.962,0,Metinic
3087,2021-04-26T05:06:07Z,5.962,0,Metinic
3088,2021-04-26T05:11:07Z,5.962,0,Metinic
3089,2021-04-26T05:16:07Z,5.962,0,Metinic
3090,2021-04-26T05:21:07Z,5.962,0,Metinic
3091,2021-04-26T05:26:07Z,5.962,0,Metinic
3092,2021-04-26T05:31:07Z,5.962,0,Metinic
3093,2021-04-26T05:36:07Z,5.962,0,Metinic
3094,2021-04-26T05:41:07Z,5.962,0,Metinic
3095,2021-04-26T05:46:07Z,5.962,0,Metinic
3096,2021-04-26T05:51:07Z,5.962,0,Metinic
3097,2021-04-26T05:56:07Z,5.962,0,Metinic
3098,2021-04-26T06:01:07Z,5.962,0,Metinic
3099,2021-04-26T06:06:07Z,5.962,0,Metinic
3100,2021-04-26T06:11:07Z,5.962,0,Metinic
3101,2021-04-26T06:16:07Z,5.962,0,Metinic
3102,2021-04-26T06:21:07Z,5.962,0,Metinic
3103,2021-04-26T06:26:07Z,5.962,0,Metinic
3104,2021-04-26T06:31:07Z,5.962,0,Metinic
3105,2021-04-26T06:36:07Z,5.962,0,Metinic
3106,2021-04-26T06:41:07Z,5.962,0,Metinic
3107,2021-04-26T06:46:07Z,5.962,0,Metinic
3108,2021-04-26T06:51:07Z,5.962,0,Metinic
3109,2021-04-26T06:56:07Z,5.962,0,Metinic
3110,2021-04-26T07:01:07Z,5.962,0,Metinic
3111,2021-04-26T07:06:07Z,5.859999999999999,0,Metinic
3112,2021-04-26T07:11:07Z,5.859999999999999,0,Metinic
3113,2021-04-26T07:16:07Z,5.859999999999999,0,Metinic
3114,2021-04-26T07:21:07Z,5.859999999999999,0,Metinic
3115,2021-04-26T07:26:07Z,5.859999999999999,0,Metinic
3116,2021-04-26T07:31:07Z,5.859999999999999,0,Metinic
3117,2021-04-26T07:36:07Z,5.859999999999999,0,Metinic
3118,2021-04-26T07:41:07Z,5.859999999999999,0,Metinic
3119,2021-04-26T07:46:07Z,5.859999999999999,0,Metinic
3120,2021-04-26T07:51:07Z,5.859999999999999,0,Metinic
3121,2021-04-26T07:56:07Z,5.859999999999999,0,Metinic
3122,2021-04-26T08:01:07Z,5.859999999999999,0,Metinic
3123,2021-04-26T08:06:07Z,5.859999999999999,0,Metinic
3124,2021-04-26T08:11:07Z,5.859999999999999,0,Metinic
3125,2021-04-26T08:16:07Z,5.859999999999999,0,Metinic
3126,2021-04-26T08:21:07Z,5.859999999999999,0,Metinic
3127,2021-04-26T08:26:07Z,5.859999999999999,0,Metinic
3128,2021-04-26T08:31:07Z,5.859999999999999,0,Metinic
3129,2021-04-26T08:36:07Z,5.859999999999999,0,Metinic
3130,2021-04-26T08:41:07Z,5.859999999999999,0,Metinic
3131,2021-04-26T08:46:07Z,5.859999999999999,0,Metinic
3132,2021-04-26T08:51:07Z,5.859999999999999,0,Metinic
3133,2021-04-26T08:56:07Z,5.859999999999999,0,Metinic
3134,2021-04-26T09:01:07Z,5.859999999999999,0,Metinic
3135,2021-04-26T09:06:07Z,5.962,0,Metinic
3136,2021-04-26T09:11:07Z,5.962,0,Metinic
3137,2021-04-26T09:16:07Z,5.962,0,Metinic
3138,2021-04-26T09:21:07Z,5.962,0,Metinic
3139,2021-04-26T09:26:07Z,5.962,0,Metinic
3140,2021-04-26T09:31:07Z,5.962,0,Metinic
3141,2021-04-26T09:36:07Z,5.962,1,Metinic
3142,2021-04-26T09:41:07Z,5.962,2,Metinic
3143,2021-04-26T09:46:07Z,5.962,3,Metinic
3144,2021-04-26T09:51:07Z,5.962,4,Metinic
3145,2021-04-26T09:56:07Z,5.962,6,Metinic
3146,2021-04-26T10:01:07Z,5.962,8,Metinic
3147,2021-04-26T10:06:07Z,5.962,12,Metinic
3148,2021-04-26T10:11:07Z,5.962,13,Metinic
3149,2021-04-26T10:16:07Z,5.962,16,Metinic
3150,2021-04-26T10:21:07Z,5.962,22,Metinic
3151,2021-04-26T10:26:07Z,5.962,33,Metinic
3152,2021-04-26T10:31:07Z,5.962,32,Metinic
3153,2021-04-26T10:36:07Z,5.962,23,Metinic
3154,2021-04-26T10:41:07Z,5.962,28,Metinic
3155,2021-04-26T10:46:07Z,5.962,30,Metinic
3156,2021-04-26T10:51:07Z,5.962,34,Metinic
3157,2021-04-26T10:56:07Z,5.962,33,Metinic
3158,2021-04-26T11:01:07Z,5.962,50,Metinic
3159,2021-04-26T11:06:07Z,5.962,37,Metinic
3160,2021-04-26T11:11:07Z,5.962,43,Metinic
3161,2021-04-26T11:16:07Z,5.962,43,Metinic
3162,2021-04-26T11:21:07Z,6.063999999999999,48,Metinic
3163,2021-04-26T11:26:07Z,5.962,13,Metinic
3164,2021-04-26T11:31:07Z,6.063999999999999,46,Metinic
3165,2021-04-26T11:36:07Z,5.962,29,Metinic
3166,2021-04-26T11:41:07Z,5.962,24,Metinic
3167,2021-04-26T11:46:07Z,5.962,27,Metinic
3168,2021-04-26T11:51:07Z,5.962,43,Metinic
3169,2021-04-26T11:56:07Z,6.063999999999999,37,Metinic
3170,2021-04-26T12:01:07Z,6.063999999999999,39,Metinic
3171,2021-04-26T12:06:07Z,6.063999999999999,43,Metinic
3172,2021-04-26T12:11:07Z,6.063999999999999,36,Metinic
3173,2021-04-26T12:16:07Z,6.063999999999999,40,Metinic
3174,2021-04-26T12:21:07Z,6.063999999999999,66,Metinic
3175,2021-04-26T12:26:07Z,6.063999999999999,43,Metinic
3176,2021-04-26T12:31:07Z,6.063999999999999,38,Metinic
3177,2021-04-26T12:36:07Z,6.063999999999999,48,Metinic
3178,2021-04-26T12:41:07Z,6.063999999999999,47,Metinic
3179,2021-04-26T12:46:07Z,6.063999999999999,51,Metinic
3180,2021-04-26T12:51:07Z,6.063999999999999,53,Metinic
3181,2021-04-26T12:56:07Z,6.063999999999999,52,Metinic
3182,2021-04-26T13:01:07Z,6.063999999999999,84,Metinic
3183,2021-04-26T13:06:07Z,6.063999999999999,76,Metinic
3184,2021-04-26T13:11:07Z,6.063999999999999,48,Metinic
3185,2021-04-26T13:16:07Z,6.063999999999999,41,Metinic
3186,2021-04-26T13:21:07Z,6.063999999999999,50,Metinic
3187,2021-04-26T13:26:07Z,6.063999999999999,53,Metinic
3188,2021-04-26T13:31:07Z,6.063999999999999,55,Metinic
3189,2021-04-26T13:36:07Z,6.063999999999999,80,Metinic
3190,2021-04-26T13:41:07Z,6.063999999999999,57,Metinic
3191,2021-04-26T13:46:07Z,6.063999999999999,58,Metinic
3192,2021-04-26T13:51:07Z,6.063999999999999,60,Metinic
3193,2021-04-26T13:56:07Z,6.063999999999999,56,Metinic
3194,2021-04-26T14:01:07Z,6.063999999999999,54,Metinic
3195,2021-04-26T14:06:07Z,6.063999999999999,65,Metinic
3196,2021-04-26T14:11:07Z,6.1659999999999995,67,Metinic
3197,2021-04-26T14:16:07Z,6.1659999999999995,49,Metinic
3198,2021-04-26T14:21:07Z,6.063999999999999,67,Metinic
3199,2021-04-26T14:26:07Z,6.063999999999999,71,Metinic
3200,2021-04-26T14:31:07Z,6.063999999999999,75,Metinic
3201,2021-04-26T14:36:07Z,6.063999999999999,75,Metinic
3202,2021-04-26T14:41:07Z,6.063999999999999,79,Metinic
3203,2021-04-26T14:46:07Z,6.1659999999999995,74,Metinic
3204,2021-04-26T14:51:07Z,6.1659999999999995,74,Metinic
3205,2021-04-26T14:56:07Z,6.1659999999999995,83,Metinic
3206,2021-04-26T15:01:07Z,6.1659999999999995,79,Metinic
3207,2021-04-26T15:06:07Z,6.1659999999999995,91,Metinic
3208,2021-04-26T15:11:07Z,6.1659999999999995,90,Metinic
3209,2021-04-26T15:16:07Z,6.1659999999999995,91,Metinic
3210,2021-04-26T15:21:07Z,6.1659999999999995,92,Metinic
3211,2021-04-26T15:26:07Z,6.1659999999999995,89,Metinic
3212,2021-04-26T15:31:07Z,6.1659999999999995,96,Metinic
3213,2021-04-26T15:36:07Z,6.1659999999999995,110,Metinic
3214,2021-04-26T15:41:07Z,6.1659999999999995,48,Metinic
3215,2021-04-26T15:46:07Z,6.1659999999999995,102,Metinic
3216,2021-04-26T15:51:07Z,6.1659999999999995,95,Metinic
3217,2021-04-26T15:56:07Z,6.1659999999999995,112,Metinic
3218,2021-04-26T16:01:07Z,6.1659999999999995,87,Metinic
3219,2021-04-26T16:06:07Z,6.268,76,Metinic
3220,2021-04-26T16:11:07Z,6.268,40,Metinic
3221,2021-04-26T16:16:07Z,6.268,108,Metinic
3222,2021-04-26T16:21:07Z,6.268,113,Metinic
3223,2021-04-26T16:26:07Z,6.268,125,Metinic
3224,2021-04-26T16:31:07Z,6.268,216,Metinic
3225,2021-04-26T16:36:07Z,6.268,124,Metinic
3226,2021-04-26T16:41:07Z,6.268,152,Metinic
3227,2021-04-26T16:46:07Z,6.268,79,Metinic
3228,2021-04-26T16:51:07Z,6.268,184,Metinic
3229,2021-04-26T16:56:07Z,6.268,216,Metinic
3230,2021-04-26T17:01:07Z,6.268,192,Metinic
3231,2021-04-26T17:06:07Z,6.268,87,Metinic
3232,2021-04-26T17:11:07Z,6.1659999999999995,101,Metinic
3233,2021-04-26T17:16:07Z,6.37,101,Metinic
3234,2021-04-26T17:21:07Z,6.268,224,Metinic
3235,2021-04-26T17:26:07Z,6.1659999999999995,111,Metinic
3236,2021-04-26T17:31:07Z,6.268,136,Metinic
3237,2021-04-26T17:36:07Z,6.37,176,Metinic
3238,2021-04-26T17:41:07Z,6.37,192,Metinic
3239,2021-04-26T17:46:07Z,6.37,256,Metinic
3240,2021-04-26T17:51:07Z,6.1659999999999995,232,Metinic
3241,2021-04-26T17:56:07Z,6.1659999999999995,288,Metinic
3242,2021-04-26T18:01:07Z,6.268,208,Metinic
3243,2021-04-26T18:06:07Z,6.1659999999999995,127,Metinic
3244,2021-04-26T18:11:07Z,6.268,208,Metinic
3245,2021-04-26T18:16:07Z,6.37,288,Metinic
3246,2021-04-26T18:21:07Z,6.37,288,Metinic
3247,2021-04-26T18:26:07Z,6.37,248,Metinic
3248,2021-04-26T18:31:07Z,6.37,192,Metinic
3249,2021-04-26T18:36:07Z,6.37,72,Metinic
3250,2021-04-26T18:41:07Z,6.37,416,Metinic
3251,2021-04-26T18:46:07Z,6.37,304,Metinic
3252,2021-04-26T18:51:07Z,6.268,109,Metinic
3253,2021-04-26T18:56:07Z,6.268,512,Metinic
3254,2021-04-26T19:01:07Z,6.268,272,Metinic
3255,2021-04-26T19:06:07Z,6.268,232,Metinic
3256,2021-04-26T19:11:07Z,6.268,256,Metinic
3257,2021-04-26T19:16:07Z,6.1659999999999995,352,Metinic
3258,2021-04-26T19:21:07Z,6.268,240,Metinic
3259,2021-04-26T19:26:07Z,6.1659999999999995,480,Metinic
3260,2021-04-26T19:31:07Z,6.268,432,Metinic
3261,2021-04-26T19:36:07Z,6.1659999999999995,336,Metinic
3262,2021-04-26T19:41:07Z,6.1659999999999995,320,Metinic
3263,2021-04-26T19:46:07Z,6.1659999999999995,336,Metinic
3264,2021-04-26T19:51:07Z,6.1659999999999995,480,Metinic
3265,2021-04-26T19:56:07Z,6.1659999999999995,160,Metinic
3266,2021-04-26T20:01:07Z,6.1659999999999995,464,Metinic
3267,2021-04-26T20:06:07Z,6.063999999999999,168,Metinic
3268,2021-04-26T20:11:07Z,6.063999999999999,168,Metinic
3269,2021-04-26T20:16:07Z,6.063999999999999,152,Metinic
3270,2021-04-26T20:21:07Z,6.063999999999999,144,Metinic
3271,2021-04-26T20:26:07Z,6.063999999999999,104,Metinic
3272,2021-04-26T20:31:07Z,6.063999999999999,110,Metinic
3273,2021-04-26T20:36:07Z,6.063999999999999,87,Metinic
3274,2021-04-26T20:41:07Z,6.063999999999999,184,Metinic
3275,2021-04-26T20:46:07Z,6.063999999999999,78,Metinic
3276,2021-04-26T20:51:07Z,6.063999999999999,117,Metinic
3277,2021-04-26T20:56:07Z,6.063999999999999,384,Metinic
3278,2021-04-26T21:01:07Z,6.1659999999999995,51,Metinic
3279,2021-04-26T21:06:07Z,6.063999999999999,320,Metinic
3280,2021-04-26T21:11:07Z,6.063999999999999,160,Metinic
3281,2021-04-26T21:16:07Z,6.063999999999999,248,Metinic
3282,2021-04-26T21:21:07Z,6.063999999999999,160,Metinic
3283,2021-04-26T21:26:07Z,6.063999999999999,184,Metinic
3284,2021-04-26T21:31:07Z,6.063999999999999,144,Metinic
3285,2021-04-26T21:36:07Z,6.063999999999999,68,Metinic
3286,2021-04-26T21:41:07Z,6.063999999999999,256,Metinic
3287,2021-04-26T21:46:07Z,6.063999999999999,100,Metinic
3288,2021-04-26T21:51:07Z,6.063999999999999,44,Metinic
3289,2021-04-26T21:56:07Z,6.063999999999999,136,Metinic
3290,2021-04-26T22:01:07Z,6.063999999999999,109,Metinic
3291,2021-04-26T22:06:07Z,6.063999999999999,96,Metinic
3292,2021-04-26T22:11:07Z,6.1659999999999995,45,Metinic
3293,2021-04-26T22:16:07Z,6.1659999999999995,119,Metinic
3294,2021-04-26T22:21:07Z,6.1659999999999995,26,Metinic
3295,2021-04-26T22:26:07Z,6.1659999999999995,54,Metinic
3296,2021-04-26T22:31:07Z,6.1659999999999995,64,Metinic
3297,2021-04-26T22:36:07Z,6.1659999999999995,23,Metinic
3298,2021-04-26T22:41:07Z,6.1659999999999995,42,Metinic
3299,2021-04-26T22:46:07Z,6.1659999999999995,10,Metinic
3300,2021-04-26T22:51:07Z,6.1659999999999995,37,Metinic
3301,2021-04-26T22:56:07Z,6.1659999999999995,16,Metinic
3302,2021-04-26T23:01:07Z,6.1659999999999995,14,Metinic
3303,2021-04-26T23:06:07Z,6.1659999999999995,8,Metinic
3304,2021-04-26T23:11:07Z,6.063999999999999,1,Metinic
3305,2021-04-26T23:16:07Z,6.063999999999999,7,Metinic
3306,2021-04-26T23:21:07Z,6.063999999999999,3,Metinic
3307,2021-04-26T23:26:07Z,6.063999999999999,1,Metinic
3308,2021-04-26T23:31:07Z,6.063999999999999,0,Metinic
3309,2021-04-26T23:36:07Z,6.063999999999999,0,Metinic
3310,2021-04-26T23:41:07Z,6.063999999999999,0,Metinic
3311,2021-04-26T23:46:07Z,6.063999999999999,0,Metinic
3312,2021-04-26T23:51:07Z,6.063999999999999,0,Metinic
3313,2021-04-26T23:56:07Z,6.063999999999999,0,Metinic
3314,2021-04-27T00:01:07Z,6.063999999999999,0,Metinic
3315,2021-04-27T00:06:07Z,6.063999999999999,0,Metinic
3316,2021-04-27T00:11:07Z,6.063999999999999,0,Metinic
3317,2021-04-27T00:16:07Z,6.063999999999999,0,Metinic
3318,2021-04-27T00:21:07Z,6.063999999999999,0,Metinic
3319,2021-04-27T00:26:07Z,6.063999999999999,0,Metinic
3320,2021-04-27T00:31:07Z,6.063999999999999,0,Metinic
3321,2021-04-27T00:36:07Z,6.063999999999999,0,Metinic
3322,2021-04-27T00:41:07Z,5.962,0,Metinic
3323,2021-04-27T00:46:07Z,5.962,0,Metinic
3324,2021-04-27T00:51:07Z,5.962,0,Metinic
3325,2021-04-27T00:56:07Z,5.962,0,Metinic
3326,2021-04-27T01:01:07Z,6.063999999999999,0,Metinic
3327,2021-04-27T01:06:07Z,6.063999999999999,0,Metinic
3328,2021-04-27T01:11:07Z,5.962,0,Metinic
3329,2021-04-27T01:16:07Z,6.063999999999999,0,Metinic
3330,2021-04-27T01:21:07Z,6.063999999999999,0,Metinic
3331,2021-04-27T01:26:07Z,6.063999999999999,0,Metinic
3332,2021-04-27T01:31:07Z,6.063999999999999,0,Metinic
3333,2021-04-27T01:36:07Z,5.962,0,Metinic
3334,2021-04-27T01:41:07Z,5.962,0,Metinic
3335,2021-04-27T01:46:07Z,5.962,0,Metinic
3336,2021-04-27T01:51:07Z,5.962,0,Metinic
3337,2021-04-27T01:56:07Z,5.962,0,Metinic
3338,2021-04-27T02:01:07Z,5.962,0,Metinic
3339,2021-04-27T02:06:07Z,5.962,0,Metinic
3340,2021-04-27T02:11:07Z,5.962,0,Metinic
3341,2021-04-27T02:16:07Z,5.962,0,Metinic
3342,2021-04-27T02:21:07Z,5.962,0,Metinic
3343,2021-04-27T02:26:07Z,5.962,0,Metinic
3344,2021-04-27T02:31:07Z,5.962,0,Metinic
3345,2021-04-27T02:36:07Z,5.962,0,Metinic
3346,2021-04-27T02:41:07Z,5.962,0,Metinic
3347,2021-04-27T02:46:07Z,5.962,0,Metinic
3348,2021-04-27T02:51:07Z,5.962,0,Metinic
3349,2021-04-27T02:56:07Z,5.962,0,Metinic
3350,2021-04-27T03:01:07Z,5.962,0,Metinic
3351,2021-04-27T03:06:07Z,5.962,0,Metinic
3352,2021-04-27T03:11:07Z,5.962,0,Metinic
3353,2021-04-27T03:16:07Z,5.962,0,Metinic
3354,2021-04-27T03:21:07Z,5.962,0,Metinic
3355,2021-04-27T03:26:07Z,5.962,0,Metinic
3356,2021-04-27T03:31:07Z,5.962,0,Metinic
3357,2021-04-27T03:36:07Z,5.962,0,Metinic
3358,2021-04-27T03:41:07Z,5.962,0,Metinic
3359,2021-04-27T03:46:07Z,5.962,0,Metinic
3360,2021-04-27T03:51:07Z,5.962,0,Metinic
3361,2021-04-27T03:56:07Z,5.962,0,Metinic
3362,2021-04-27T04:01:07Z,5.962,0,Metinic
3363,2021-04-27T04:06:07Z,5.962,0,Metinic
3364,2021-04-27T04:11:07Z,5.962,0,Metinic
3365,2021-04-27T04:16:07Z,5.962,0,Metinic
3366,2021-04-27T04:21:07Z,5.962,0,Metinic
3367,2021-04-27T04:26:07Z,5.962,0,Metinic
3368,2021-04-27T04:31:07Z,5.962,0,Metinic
3369,2021-04-27T04:36:07Z,5.962,0,Metinic
3370,2021-04-27T04:41:07Z,5.962,0,Metinic
3371,2021-04-27T04:46:07Z,5.962,0,Metinic
3372,2021-04-27T04:51:07Z,5.962,0,Metinic
3373,2021-04-27T04:56:07Z,5.962,0,Metinic
3374,2021-04-27T05:01:07Z,5.962,0,Metinic
3375,2021-04-27T05:06:07Z,5.962,0,Metinic
3376,2021-04-27T05:11:07Z,5.962,0,Metinic
3377,2021-04-27T05:16:07Z,5.962,0,Metinic
3378,2021-04-27T05:21:07Z,5.962,0,Metinic
3379,2021-04-27T05:26:07Z,5.962,0,Metinic
3380,2021-04-27T05:31:07Z,5.962,0,Metinic
3381,2021-04-27T05:36:07Z,5.962,0,Metinic
3382,2021-04-27T05:41:07Z,5.962,0,Metinic
3383,2021-04-27T05:46:07Z,5.962,0,Metinic
3384,2021-04-27T05:51:07Z,5.962,0,Metinic
3385,2021-04-27T05:56:07Z,5.962,0,Metinic
3386,2021-04-27T06:01:07Z,5.962,0,Metinic
3387,2021-04-27T06:06:07Z,5.962,0,Metinic
3388,2021-04-27T06:11:07Z,6.063999999999999,0,Metinic
3389,2021-04-27T06:16:07Z,5.962,0,Metinic
3390,2021-04-27T06:21:07Z,5.962,0,Metinic
3391,2021-04-27T06:26:07Z,5.962,0,Metinic
3392,2021-04-27T06:31:07Z,5.962,0,Metinic
3393,2021-04-27T06:36:07Z,5.962,0,Metinic
3394,2021-04-27T06:41:07Z,5.962,0,Metinic
3395,2021-04-27T06:46:07Z,5.962,0,Metinic
3396,2021-04-27T06:51:07Z,6.063999999999999,0,Metinic
3397,2021-04-27T06:56:07Z,6.063999999999999,0,Metinic
3398,2021-04-27T07:01:07Z,6.063999999999999,0,Metinic
3399,2021-04-27T07:06:07Z,6.063999999999999,0,Metinic
3400,2021-04-27T07:11:07Z,6.063999999999999,0,Metinic
3401,2021-04-27T07:16:07Z,6.063999999999999,0,Metinic
3402,2021-04-27T07:21:07Z,6.063999999999999,0,Metinic
3403,2021-04-27T07:26:07Z,6.063999999999999,0,Metinic
3404,2021-04-27T07:31:07Z,6.063999999999999,0,Metinic
3405,2021-04-27T07:36:07Z,6.063999999999999,0,Metinic
3406,2021-04-27T07:41:07Z,6.063999999999999,0,Metinic
3407,2021-04-27T07:46:07Z,6.063999999999999,0,Metinic
3408,2021-04-27T07:51:07Z,6.063999999999999,0,Metinic
3409,2021-04-27T07:56:07Z,6.063999999999999,0,Metinic
3410,2021-04-27T08:01:07Z,6.063999999999999,0,Metinic
3411,2021-04-27T08:06:07Z,6.063999999999999,0,Metinic
3412,2021-04-27T08:11:07Z,6.1659999999999995,0,Metinic
3413,2021-04-27T08:16:07Z,6.1659999999999995,0,Metinic
3414,2021-04-27T08:21:07Z,6.1659999999999995,0,Metinic
3415,2021-04-27T08:26:07Z,6.1659999999999995,0,Metinic
3416,2021-04-27T08:31:07Z,6.1659999999999995,0,Metinic
3417,2021-04-27T08:36:07Z,6.1659999999999995,0,Metinic
3418,2021-04-27T08:41:07Z,6.1659999999999995,0,Metinic
3419,2021-04-27T08:46:07Z,6.1659999999999995,0,Metinic
3420,2021-04-27T08:51:07Z,6.063999999999999,0,Metinic
3421,2021-04-27T08:56:07Z,6.063999999999999,0,Metinic
3422,2021-04-27T09:01:07Z,6.063999999999999,0,Metinic
3423,2021-04-27T09:06:07Z,6.063999999999999,0,Metinic
3424,2021-04-27T09:11:07Z,6.063999999999999,0,Metinic
3425,2021-04-27T09:16:07Z,6.063999999999999,0,Metinic
3426,2021-04-27T09:21:07Z,6.063999999999999,0,Metinic
3427,2021-04-27T09:26:07Z,6.063999999999999,0,Metinic
3428,2021-04-27T09:31:07Z,6.063999999999999,0,Metinic
3429,2021-04-27T09:36:07Z,6.063999999999999,1,Metinic
3430,2021-04-27T09:41:07Z,6.063999999999999,1,Metinic
3431,2021-04-27T09:46:07Z,6.063999999999999,4,Metinic
3432,2021-04-27T09:51:07Z,6.063999999999999,10,Metinic
3433,2021-04-27T09:56:07Z,6.063999999999999,8,Metinic
3434,2021-04-27T10:01:07Z,6.063999999999999,9,Metinic
3435,2021-04-27T10:06:07Z,6.063999999999999,12,Metinic
3436,2021-04-27T10:11:07Z,6.063999999999999,26,Metinic
3437,2021-04-27T10:16:07Z,6.063999999999999,12,Metinic
3438,2021-04-27T10:21:07Z,6.063999999999999,18,Metinic
3439,2021-04-27T10:26:07Z,6.063999999999999,18,Metinic
3440,2021-04-27T10:31:07Z,6.063999999999999,30,Metinic
3441,2021-04-27T10:36:07Z,5.962,36,Metinic
3442,2021-04-27T10:41:07Z,5.962,23,Metinic
3443,2021-04-27T10:46:07Z,5.962,37,Metinic
3444,2021-04-27T10:51:07Z,6.063999999999999,29,Metinic
3445,2021-04-27T10:56:07Z,6.063999999999999,29,Metinic
3446,2021-04-27T11:01:07Z,6.063999999999999,36,Metinic
3447,2021-04-27T11:06:07Z,6.063999999999999,31,Metinic
3448,2021-04-27T11:11:07Z,6.063999999999999,33,Metinic
3449,2021-04-27T11:16:07Z,6.063999999999999,37,Metinic
3450,2021-04-27T11:21:07Z,6.063999999999999,52,Metinic
3451,2021-04-27T11:26:07Z,6.063999999999999,38,Metinic
3452,2021-04-27T11:31:07Z,6.063999999999999,39,Metinic
3453,2021-04-27T11:36:07Z,6.063999999999999,52,Metinic
3454,2021-04-27T11:41:07Z,6.063999999999999,44,Metinic
3455,2021-04-27T11:46:07Z,6.1659999999999995,85,Metinic
3456,2021-04-27T11:51:07Z,6.1659999999999995,47,Metinic
3457,2021-04-27T11:56:07Z,6.1659999999999995,49,Metinic
3458,2021-04-27T12:01:07Z,6.1659999999999995,56,Metinic
3459,2021-04-27T12:06:07Z,6.1659999999999995,51,Metinic
3460,2021-04-27T12:11:07Z,6.1659999999999995,74,Metinic
3461,2021-04-27T12:16:07Z,6.1659999999999995,45,Metinic
3462,2021-04-27T12:21:07Z,6.1659999999999995,60,Metinic
3463,2021-04-27T12:26:07Z,6.1659999999999995,52,Metinic
3464,2021-04-27T12:31:07Z,6.1659999999999995,92,Metinic
3465,2021-04-27T12:36:07Z,6.1659999999999995,70,Metinic
3466,2021-04-27T12:41:07Z,6.1659999999999995,59,Metinic
3467,2021-04-27T12:46:07Z,6.1659999999999995,53,Metinic
3468,2021-04-27T12:51:07Z,6.1659999999999995,77,Metinic
3469,2021-04-27T12:56:07Z,6.1659999999999995,53,Metinic
3470,2021-04-27T13:01:07Z,6.1659999999999995,56,Metinic
3471,2021-04-27T13:06:07Z,6.1659999999999995,57,Metinic
3472,2021-04-27T13:11:07Z,6.1659999999999995,58,Metinic
3473,2021-04-27T13:16:07Z,6.1659999999999995,75,Metinic
3474,2021-04-27T13:21:07Z,6.1659999999999995,25,Metinic
3475,2021-04-27T13:26:07Z,6.1659999999999995,59,Metinic
3476,2021-04-27T13:31:07Z,6.1659999999999995,81,Metinic
3477,2021-04-27T13:36:07Z,6.1659999999999995,59,Metinic
3478,2021-04-27T13:41:07Z,6.1659999999999995,63,Metinic
3479,2021-04-27T13:46:07Z,6.1659999999999995,62,Metinic
3480,2021-04-27T13:51:07Z,6.1659999999999995,61,Metinic
3481,2021-04-27T13:56:07Z,6.1659999999999995,78,Metinic
3482,2021-04-27T14:01:07Z,6.1659999999999995,124,Metinic
3483,2021-04-27T14:06:07Z,6.1659999999999995,70,Metinic
3484,2021-04-27T14:11:07Z,6.1659999999999995,70,Metinic
3485,2021-04-27T14:16:07Z,6.1659999999999995,73,Metinic
3486,2021-04-27T14:21:07Z,6.1659999999999995,68,Metinic
3487,2021-04-27T14:26:07Z,6.1659999999999995,83,Metinic
3488,2021-04-27T14:31:07Z,6.1659999999999995,81,Metinic
3489,2021-04-27T14:36:07Z,6.1659999999999995,77,Metinic
3490,2021-04-27T14:41:07Z,6.1659999999999995,84,Metinic
3491,2021-04-27T14:46:07Z,6.1659999999999995,85,Metinic
3492,2021-04-27T14:51:07Z,6.268,76,Metinic
3493,2021-04-27T14:56:07Z,6.268,88,Metinic
3494,2021-04-27T15:01:07Z,6.268,89,Metinic
3495,2021-04-27T15:06:07Z,6.37,86,Metinic
3496,2021-04-27T15:11:07Z,6.268,97,Metinic
3497,2021-04-27T15:16:07Z,6.268,74,Metinic
3498,2021-04-27T15:21:07Z,6.268,88,Metinic
3499,2021-04-27T15:26:07Z,6.268,97,Metinic
3500,2021-04-27T15:31:07Z,6.268,90,Metinic
3501,2021-04-27T15:36:07Z,6.268,102,Metinic
3502,2021-04-27T15:41:07Z,6.268,96,Metinic
3503,2021-04-27T15:46:07Z,6.268,105,Metinic
3504,2021-04-27T15:51:07Z,6.268,108,Metinic
3505,2021-04-27T15:56:07Z,6.37,88,Metinic
3506,2021-04-27T16:01:07Z,6.37,108,Metinic
3507,2021-04-27T16:06:07Z,6.37,111,Metinic
3508,2021-04-27T16:11:07Z,6.37,117,Metinic
3509,2021-04-27T16:16:07Z,6.37,122,Metinic
3510,2021-04-27T16:21:07Z,6.37,113,Metinic
3511,2021-04-27T16:26:07Z,6.37,84,Metinic
3512,2021-04-27T16:31:07Z,6.37,39,Metinic
3513,2021-04-27T16:36:07Z,6.37,123,Metinic
3514,2021-04-27T16:41:07Z,6.37,112,Metinic
3515,2021-04-27T16:46:07Z,6.37,136,Metinic
3516,2021-04-27T16:51:07Z,6.37,176,Metinic
3517,2021-04-27T16:56:07Z,6.471000000000001,232,Metinic
3518,2021-04-27T17:01:07Z,6.471000000000001,74,Metinic
3519,2021-04-27T17:06:07Z,6.471000000000001,115,Metinic
3520,2021-04-27T17:11:07Z,6.471000000000001,136,Metinic
3521,2021-04-27T17:16:07Z,6.471000000000001,127,Metinic
3522,2021-04-27T17:21:07Z,6.471000000000001,224,Metinic
3523,2021-04-27T17:26:07Z,6.471000000000001,160,Metinic
3524,2021-04-27T17:31:07Z,6.471000000000001,184,Metinic
3525,2021-04-27T17:36:07Z,6.37,208,Metinic
3526,2021-04-27T17:41:07Z,6.37,168,Metinic
3527,2021-04-27T17:46:07Z,6.471000000000001,240,Metinic
3528,2021-04-27T17:51:07Z,6.471000000000001,144,Metinic
3529,2021-04-27T17:56:07Z,6.471000000000001,152,Metinic
3530,2021-04-27T18:01:07Z,6.471000000000001,184,Metinic
3531,2021-04-27T18:06:07Z,6.471000000000001,84,Metinic
3532,2021-04-27T18:11:07Z,6.471000000000001,256,Metinic
3533,2021-04-27T18:16:07Z,6.471000000000001,232,Metinic
3534,2021-04-27T18:21:07Z,6.573,60,Metinic
3535,2021-04-27T18:26:07Z,6.573,304,Metinic
3536,2021-04-27T18:31:07Z,6.573,192,Metinic
3537,2021-04-27T18:36:07Z,6.573,208,Metinic
3538,2021-04-27T18:41:07Z,6.6739999999999995,80,Metinic
3539,2021-04-27T18:46:07Z,6.6739999999999995,256,Metinic
3540,2021-04-27T18:51:07Z,6.6739999999999995,232,Metinic
3541,2021-04-27T18:56:07Z,6.6739999999999995,248,Metinic
3542,2021-04-27T19:01:07Z,6.775,256,Metinic
3543,2021-04-27T19:06:07Z,6.775,232,Metinic
3544,2021-04-27T19:11:07Z,6.6739999999999995,256,Metinic
3545,2021-04-27T19:16:07Z,6.6739999999999995,368,Metinic
3546,2021-04-27T19:21:07Z,6.6739999999999995,256,Metinic
3547,2021-04-27T19:26:07Z,6.6739999999999995,224,Metinic
3548,2021-04-27T19:31:07Z,6.6739999999999995,304,Metinic
3549,2021-04-27T19:36:07Z,6.775,432,Metinic
3550,2021-04-27T19:41:07Z,6.6739999999999995,232,Metinic
3551,2021-04-27T19:46:07Z,6.6739999999999995,416,Metinic
3552,2021-04-27T19:51:07Z,6.6739999999999995,272,Metinic
3553,2021-04-27T19:56:07Z,6.6739999999999995,320,Metinic
3554,2021-04-27T20:01:07Z,6.775,160,Metinic
3555,2021-04-27T20:06:07Z,6.6739999999999995,90,Metinic
3556,2021-04-27T20:11:07Z,6.6739999999999995,288,Metinic
3557,2021-04-27T20:16:07Z,6.6739999999999995,128,Metinic
3558,2021-04-27T20:21:07Z,6.6739999999999995,320,Metinic
3559,2021-04-27T20:26:07Z,6.6739999999999995,336,Metinic
3560,2021-04-27T20:31:07Z,6.6739999999999995,72,Metinic
3561,2021-04-27T20:36:07Z,6.6739999999999995,184,Metinic
3562,2021-04-27T20:41:07Z,6.6739999999999995,512,Metinic
3563,2021-04-27T20:46:07Z,6.6739999999999995,272,Metinic
3564,2021-04-27T20:51:07Z,6.6739999999999995,400,Metinic
3565,2021-04-27T20:56:07Z,6.6739999999999995,336,Metinic
3566,2021-04-27T21:01:07Z,6.6739999999999995,192,Metinic
3567,2021-04-27T21:06:07Z,6.6739999999999995,352,Metinic
3568,2021-04-27T21:11:07Z,6.6739999999999995,216,Metinic
3569,2021-04-27T21:16:07Z,6.6739999999999995,256,Metinic
3570,2021-04-27T21:21:07Z,6.775,160,Metinic
3571,2021-04-27T21:26:07Z,6.6739999999999995,200,Metinic
3572,2021-04-27T21:31:07Z,6.6739999999999995,248,Metinic
3573,2021-04-27T21:36:07Z,6.6739999999999995,240,Metinic
3574,2021-04-27T21:41:07Z,6.6739999999999995,200,Metinic
3575,2021-04-27T21:46:07Z,6.6739999999999995,192,Metinic
3576,2021-04-27T21:51:07Z,6.6739999999999995,114,Metinic
3577,2021-04-27T21:56:07Z,6.573,256,Metinic
3578,2021-04-27T22:01:07Z,6.573,102,Metinic
3579,2021-04-27T22:06:07Z,6.471000000000001,136,Metinic
3580,2021-04-27T22:11:07Z,6.471000000000001,144,Metinic
3581,2021-04-27T22:16:07Z,6.37,128,Metinic
3582,2021-04-27T22:21:07Z,6.37,136,Metinic
3583,2021-04-27T22:26:07Z,6.37,79,Metinic
3584,2021-04-27T22:31:07Z,6.37,82,Metinic
3585,2021-04-27T22:36:07Z,6.37,105,Metinic
3586,2021-04-27T22:41:07Z,6.471000000000001,53,Metinic
3587,2021-04-27T22:46:07Z,6.471000000000001,45,Metinic
3588,2021-04-27T22:51:07Z,6.471000000000001,42,Metinic
3589,2021-04-27T22:56:07Z,6.471000000000001,24,Metinic
3590,2021-04-27T23:01:07Z,6.471000000000001,23,Metinic
3591,2021-04-27T23:06:07Z,6.471000000000001,14,Metinic
3592,2021-04-27T23:11:07Z,6.471000000000001,10,Metinic
3593,2021-04-27T23:16:07Z,6.471000000000001,9,Metinic
3594,2021-04-27T23:21:07Z,6.471000000000001,6,Metinic
3595,2021-04-27T23:26:07Z,6.471000000000001,5,Metinic
3596,2021-04-27T23:31:07Z,6.471000000000001,2,Metinic
3597,2021-04-27T23:36:07Z,6.471000000000001,1,Metinic
3598,2021-04-27T23:41:07Z,6.471000000000001,0,Metinic
3599,2021-04-27T23:46:07Z,6.471000000000001,0,Metinic
3600,2021-04-27T23:51:07Z,6.471000000000001,0,Metinic
3601,2021-04-27T23:56:07Z,6.471000000000001,0,Metinic
3602,2021-04-28T00:01:07Z,6.471000000000001,0,Metinic
3603,2021-04-28T00:06:07Z,6.471000000000001,0,Metinic
3604,2021-04-28T00:11:07Z,6.471000000000001,0,Metinic
3605,2021-04-28T00:16:07Z,6.471000000000001,0,Metinic
3606,2021-04-28T00:21:07Z,6.471000000000001,0,Metinic
3607,2021-04-28T00:26:07Z,6.471000000000001,0,Metinic
3608,2021-04-28T00:31:07Z,6.471000000000001,0,Metinic
3609,2021-04-28T00:36:07Z,6.471000000000001,0,Metinic
3610,2021-04-28T00:41:07Z,6.471000000000001,0,Metinic
3611,2021-04-28T00:46:07Z,6.471000000000001,0,Metinic
3612,2021-04-28T00:51:07Z,6.471000000000001,0,Metinic
3613,2021-04-28T00:56:07Z,6.471000000000001,0,Metinic
3614,2021-04-28T01:01:07Z,6.471000000000001,0,Metinic
3615,2021-04-28T01:06:07Z,6.471000000000001,0,Metinic
3616,2021-04-28T01:11:07Z,6.471000000000001,0,Metinic
3617,2021-04-28T01:16:07Z,6.471000000000001,0,Metinic
3618,2021-04-28T01:21:07Z,6.573,0,Metinic
3619,2021-04-28T01:26:07Z,6.573,0,Metinic
3620,2021-04-28T01:31:07Z,6.573,0,Metinic
3621,2021-04-28T01:36:07Z,6.573,0,Metinic
3622,2021-04-28T01:41:07Z,6.573,0,Metinic
3623,2021-04-28T01:46:07Z,6.573,0,Metinic
3624,2021-04-28T01:51:07Z,6.573,0,Metinic
3625,2021-04-28T01:56:07Z,6.573,0,Metinic
3626,2021-04-28T02:01:07Z,6.573,0,Metinic
3627,2021-04-28T02:06:07Z,6.573,0,Metinic
3628,2021-04-28T02:11:07Z,6.573,0,Metinic
3629,2021-04-28T02:16:07Z,6.573,0,Metinic
3630,2021-04-28T02:21:07Z,6.573,0,Metinic
3631,2021-04-28T02:26:07Z,6.573,0,Metinic
3632,2021-04-28T02:31:07Z,6.573,0,Metinic
3633,2021-04-28T02:36:07Z,6.6739999999999995,0,Metinic
3634,2021-04-28T02:41:07Z,6.6739999999999995,0,Metinic
3635,2021-04-28T02:46:07Z,6.6739999999999995,0,Metinic
3636,2021-04-28T02:51:07Z,6.6739999999999995,0,Metinic
3637,2021-04-28T02:56:07Z,6.6739999999999995,0,Metinic
3638,2021-04-28T03:01:07Z,6.6739999999999995,0,Metinic
3639,2021-04-28T03:06:07Z,6.6739999999999995,0,Metinic
3640,2021-04-28T03:11:07Z,6.6739999999999995,0,Metinic
3641,2021-04-28T03:16:07Z,6.6739999999999995,0,Metinic
3642,2021-04-28T03:21:07Z,6.6739999999999995,0,Metinic
3643,2021-04-28T03:26:07Z,6.6739999999999995,0,Metinic
3644,2021-04-28T03:31:07Z,6.6739999999999995,0,Metinic
3645,2021-04-28T03:36:07Z,6.6739999999999995,0,Metinic
3646,2021-04-28T03:41:07Z,6.6739999999999995,0,Metinic
3647,2021-04-28T03:46:07Z,6.6739999999999995,0,Metinic
3648,2021-04-28T03:51:07Z,6.6739999999999995,0,Metinic
3649,2021-04-28T03:56:07Z,6.6739999999999995,0,Metinic
3650,2021-04-28T04:01:07Z,6.6739999999999995,0,Metinic
3651,2021-04-28T04:06:07Z,6.6739999999999995,0,Metinic
3652,2021-04-28T04:11:07Z,6.6739999999999995,0,Metinic
3653,2021-04-28T04:16:07Z,6.6739999999999995,0,Metinic
3654,2021-04-28T04:21:07Z,6.573,0,Metinic
3655,2021-04-28T04:26:07Z,6.6739999999999995,0,Metinic
3656,2021-04-28T04:31:07Z,6.573,0,Metinic
3657,2021-04-28T04:36:07Z,6.573,0,Metinic
3658,2021-04-28T04:41:07Z,6.573,0,Metinic
3659,2021-04-28T04:46:07Z,6.573,0,Metinic
3660,2021-04-28T04:51:07Z,6.573,0,Metinic
3661,2021-04-28T04:56:07Z,6.6739999999999995,0,Metinic
3662,2021-04-28T05:01:07Z,6.6739999999999995,0,Metinic
3663,2021-04-28T05:06:07Z,6.6739999999999995,0,Metinic
3664,2021-04-28T05:11:07Z,6.6739999999999995,0,Metinic
3665,2021-04-28T05:16:07Z,6.6739999999999995,0,Metinic
3666,2021-04-28T05:21:07Z,6.6739999999999995,0,Metinic
3667,2021-04-28T05:26:07Z,6.6739999999999995,0,Metinic
3668,2021-04-28T05:31:07Z,6.6739999999999995,0,Metinic
3669,2021-04-28T05:36:07Z,6.6739999999999995,0,Metinic
3670,2021-04-28T05:41:07Z,6.6739999999999995,0,Metinic
3671,2021-04-28T05:46:07Z,6.6739999999999995,0,Metinic
3672,2021-04-28T05:51:07Z,6.6739999999999995,0,Metinic
3673,2021-04-28T05:56:07Z,6.6739999999999995,0,Metinic
3674,2021-04-28T06:01:07Z,6.6739999999999995,0,Metinic
3675,2021-04-28T06:06:07Z,6.6739999999999995,0,Metinic
3676,2021-04-28T06:11:07Z,6.6739999999999995,0,Metinic
3677,2021-04-28T06:16:07Z,6.6739999999999995,0,Metinic
3678,2021-04-28T06:21:07Z,6.6739999999999995,0,Metinic
3679,2021-04-28T06:26:07Z,6.6739999999999995,0,Metinic
3680,2021-04-28T06:31:07Z,6.6739999999999995,0,Metinic
3681,2021-04-28T06:36:07Z,6.573,0,Metinic
3682,2021-04-28T06:41:07Z,6.573,0,Metinic
3683,2021-04-28T06:46:07Z,6.573,0,Metinic
3684,2021-04-28T06:51:07Z,6.573,0,Metinic
3685,2021-04-28T06:56:07Z,6.573,0,Metinic
3686,2021-04-28T07:01:07Z,6.573,0,Metinic
3687,2021-04-28T07:06:07Z,6.573,0,Metinic
3688,2021-04-28T07:11:07Z,6.573,0,Metinic
3689,2021-04-28T07:16:07Z,6.573,0,Metinic
3690,2021-04-28T07:21:07Z,6.573,0,Metinic
3691,2021-04-28T07:26:07Z,6.573,0,Metinic
3692,2021-04-28T07:31:07Z,6.573,0,Metinic
3693,2021-04-28T07:36:07Z,6.573,0,Metinic
3694,2021-04-28T07:41:07Z,6.573,0,Metinic
3695,2021-04-28T07:46:07Z,6.573,0,Metinic
3696,2021-04-28T07:51:07Z,6.573,0,Metinic
3697,2021-04-28T07:56:07Z,6.471000000000001,0,Metinic
3698,2021-04-28T08:01:07Z,6.471000000000001,0,Metinic
3699,2021-04-28T08:06:07Z,6.471000000000001,0,Metinic
3700,2021-04-28T08:11:07Z,6.37,0,Metinic
3701,2021-04-28T08:16:07Z,6.37,0,Metinic
3702,2021-04-28T08:21:07Z,6.37,0,Metinic
3703,2021-04-28T08:26:07Z,6.37,0,Metinic
3704,2021-04-28T08:31:07Z,6.37,0,Metinic
3705,2021-04-28T08:36:07Z,6.37,0,Metinic
3706,2021-04-28T08:41:07Z,6.37,0,Metinic
3707,2021-04-28T08:46:07Z,6.37,0,Metinic
3708,2021-04-28T08:51:07Z,6.37,0,Metinic
3709,2021-04-28T08:56:07Z,6.37,0,Metinic
3710,2021-04-28T09:01:07Z,6.37,0,Metinic
3711,2021-04-28T09:06:07Z,6.37,0,Metinic
3712,2021-04-28T09:11:07Z,6.37,0,Metinic
3713,2021-04-28T09:16:07Z,6.37,0,Metinic
3714,2021-04-28T09:21:07Z,6.37,0,Metinic
3715,2021-04-28T09:26:07Z,6.37,0,Metinic
3716,2021-04-28T09:31:07Z,6.37,0,Metinic
3717,2021-04-28T09:36:07Z,6.37,0,Metinic
3718,2021-04-28T09:41:07Z,6.37,1,Metinic
3719,2021-04-28T09:46:07Z,6.37,2,Metinic
3720,2021-04-28T09:51:07Z,6.37,4,Metinic
3721,2021-04-28T09:56:07Z,6.37,6,Metinic
3722,2021-04-28T10:01:07Z,6.37,4,Metinic
3723,2021-04-28T10:06:07Z,6.37,8,Metinic
3724,2021-04-28T10:11:07Z,6.471000000000001,13,Metinic
3725,2021-04-28T10:16:07Z,6.471000000000001,11,Metinic
3726,2021-04-28T10:21:07Z,6.471000000000001,15,Metinic
3727,2021-04-28T10:26:07Z,6.471000000000001,16,Metinic
3728,2021-04-28T10:31:07Z,6.573,35,Metinic
3729,2021-04-28T10:36:07Z,6.573,19,Metinic
3730,2021-04-28T10:41:07Z,6.573,19,Metinic
3731,2021-04-28T10:46:07Z,6.573,25,Metinic
3732,2021-04-28T10:51:07Z,6.471000000000001,27,Metinic
3733,2021-04-28T10:56:07Z,6.471000000000001,39,Metinic
3734,2021-04-28T11:01:07Z,6.37,26,Metinic
3735,2021-04-28T11:06:07Z,6.37,27,Metinic
3736,2021-04-28T11:11:07Z,6.37,24,Metinic
3737,2021-04-28T11:16:07Z,6.37,40,Metinic
3738,2021-04-28T11:21:07Z,6.37,31,Metinic
3739,2021-04-28T11:26:07Z,6.471000000000001,35,Metinic
3740,2021-04-28T11:31:07Z,6.471000000000001,20,Metinic
3741,2021-04-28T11:36:07Z,6.471000000000001,53,Metinic
3742,2021-04-28T11:41:07Z,6.471000000000001,57,Metinic
3743,2021-04-28T11:46:07Z,6.471000000000001,62,Metinic
3744,2021-04-28T11:51:07Z,6.471000000000001,71,Metinic
3745,2021-04-28T11:56:07Z,6.471000000000001,80,Metinic
3746,2021-04-28T12:01:07Z,6.471000000000001,19,Metinic
3747,2021-04-28T12:06:07Z,6.471000000000001,72,Metinic
3748,2021-04-28T12:11:07Z,6.471000000000001,89,Metinic
3749,2021-04-28T12:16:07Z,6.471000000000001,79,Metinic
3750,2021-04-28T12:21:07Z,6.37,70,Metinic
3751,2021-04-28T12:26:07Z,6.37,65,Metinic
3752,2021-04-28T12:31:07Z,6.37,59,Metinic
3753,2021-04-28T12:36:07Z,6.37,66,Metinic
3754,2021-04-28T12:41:07Z,6.37,68,Metinic
3755,2021-04-28T12:46:07Z,6.37,63,Metinic
3756,2021-04-28T12:51:07Z,6.37,60,Metinic
3757,2021-04-28T12:56:07Z,6.471000000000001,93,Metinic
3758,2021-04-28T13:01:07Z,6.471000000000001,59,Metinic
3759,2021-04-28T13:06:07Z,6.37,79,Metinic
3760,2021-04-28T13:11:07Z,6.471000000000001,66,Metinic
3761,2021-04-28T13:16:07Z,6.471000000000001,85,Metinic
3762,2021-04-28T13:21:07Z,6.471000000000001,65,Metinic
3763,2021-04-28T13:26:07Z,6.471000000000001,74,Metinic
3764,2021-04-28T13:31:07Z,6.573,92,Metinic
3765,2021-04-28T13:36:07Z,6.471000000000001,69,Metinic
3766,2021-04-28T13:41:07Z,6.471000000000001,53,Metinic
3767,2021-04-28T13:46:07Z,6.471000000000001,58,Metinic
3768,2021-04-28T13:51:07Z,6.471000000000001,61,Metinic
3769,2021-04-28T13:56:07Z,6.471000000000001,61,Metinic
3770,2021-04-28T14:01:07Z,6.573,65,Metinic
3771,2021-04-28T14:06:07Z,6.573,66,Metinic
3772,2021-04-28T14:11:07Z,6.573,69,Metinic
3773,2021-04-28T14:16:07Z,6.573,101,Metinic
3774,2021-04-28T14:21:07Z,6.471000000000001,78,Metinic
3775,2021-04-28T14:26:07Z,6.573,78,Metinic
3776,2021-04-28T14:31:07Z,6.471000000000001,78,Metinic
3777,2021-04-28T14:36:07Z,6.573,89,Metinic
3778,2021-04-28T14:41:07Z,6.573,57,Metinic
3779,2021-04-28T14:46:07Z,6.573,73,Metinic
3780,2021-04-28T14:51:07Z,6.573,70,Metinic
3781,2021-04-28T14:56:07Z,6.573,82,Metinic
3782,2021-04-28T15:01:07Z,6.573,67,Metinic
3783,2021-04-28T15:06:07Z,6.573,71,Metinic
3784,2021-04-28T15:11:07Z,6.573,105,Metinic
3785,2021-04-28T15:16:07Z,6.573,73,Metinic
3786,2021-04-28T15:21:07Z,6.573,92,Metinic
3787,2021-04-28T15:26:07Z,6.573,80,Metinic
3788,2021-04-28T15:31:07Z,6.573,84,Metinic
3789,2021-04-28T15:36:07Z,6.573,124,Metinic
3790,2021-04-28T15:41:07Z,6.573,101,Metinic
3791,2021-04-28T15:46:07Z,6.573,81,Metinic
3792,2021-04-28T15:51:07Z,6.6739999999999995,93,Metinic
3793,2021-04-28T15:56:07Z,6.6739999999999995,184,Metinic
3794,2021-04-28T16:01:07Z,6.6739999999999995,55,Metinic
3795,2021-04-28T16:06:07Z,6.6739999999999995,95,Metinic
3796,2021-04-28T16:11:07Z,6.6739999999999995,109,Metinic
3797,2021-04-28T16:16:07Z,6.775,105,Metinic
3798,2021-04-28T16:21:07Z,6.775,105,Metinic
3799,2021-04-28T16:26:07Z,6.775,107,Metinic
3800,2021-04-28T16:31:07Z,6.775,160,Metinic
3801,2021-04-28T16:36:07Z,6.775,109,Metinic
3802,2021-04-28T16:41:07Z,6.775,111,Metinic
3803,2021-04-28T16:46:07Z,6.775,104,Metinic
3804,2021-04-28T16:51:07Z,6.775,115,Metinic
3805,2021-04-28T16:56:07Z,6.978000000000001,111,Metinic
3806,2021-04-28T17:01:07Z,6.978000000000001,107,Metinic
3807,2021-04-28T17:06:07Z,6.978000000000001,95,Metinic
3808,2021-04-28T17:11:07Z,6.978000000000001,98,Metinic
3809,2021-04-28T17:16:07Z,6.978000000000001,115,Metinic
3810,2021-04-28T17:21:07Z,6.978000000000001,112,Metinic
3811,2021-04-28T17:26:07Z,6.978000000000001,121,Metinic
3812,2021-04-28T17:31:07Z,7.079000000000001,136,Metinic
3813,2021-04-28T17:36:07Z,7.079000000000001,136,Metinic
3814,2021-04-28T17:41:07Z,7.179,144,Metinic
3815,2021-04-28T17:46:07Z,7.179,152,Metinic
3816,2021-04-28T17:51:07Z,7.179,152,Metinic
3817,2021-04-28T17:56:07Z,7.179,144,Metinic
3818,2021-04-28T18:01:07Z,7.179,168,Metinic
3819,2021-04-28T18:06:07Z,7.179,168,Metinic
3820,2021-04-28T18:11:07Z,7.179,136,Metinic
3821,2021-04-28T18:16:07Z,7.079000000000001,144,Metinic
3822,2021-04-28T18:21:07Z,6.877,168,Metinic
3823,2021-04-28T18:26:07Z,6.775,128,Metinic
3824,2021-04-28T18:31:07Z,6.775,152,Metinic
3825,2021-04-28T18:36:07Z,6.775,122,Metinic
3826,2021-04-28T18:41:07Z,6.775,121,Metinic
3827,2021-04-28T18:46:07Z,6.877,224,Metinic
3828,2021-04-28T18:51:07Z,6.877,208,Metinic
3829,2021-04-28T18:56:07Z,6.877,208,Metinic
3830,2021-04-28T19:01:07Z,6.877,200,Metinic
3831,2021-04-28T19:06:07Z,6.877,160,Metinic
3832,2021-04-28T19:11:07Z,6.775,208,Metinic
3833,2021-04-28T19:16:07Z,6.6739999999999995,184,Metinic
3834,2021-04-28T19:21:07Z,6.6739999999999995,128,Metinic
3835,2021-04-28T19:26:07Z,6.6739999999999995,184,Metinic
3836,2021-04-28T19:31:07Z,6.6739999999999995,184,Metinic
3837,2021-04-28T19:36:07Z,6.6739999999999995,152,Metinic
3838,2021-04-28T19:41:07Z,6.6739999999999995,152,Metinic
3839,2021-04-28T19:46:07Z,6.6739999999999995,240,Metinic
3840,2021-04-28T19:51:07Z,6.775,81,Metinic
3841,2021-04-28T19:56:07Z,6.877,116,Metinic
3842,2021-04-28T20:01:07Z,6.877,107,Metinic
3843,2021-04-28T20:06:07Z,6.978000000000001,98,Metinic
3844,2021-04-28T20:11:07Z,6.978000000000001,97,Metinic
3845,2021-04-28T20:16:07Z,6.877,88,Metinic
3846,2021-04-28T20:21:07Z,6.877,200,Metinic
3847,2021-04-28T20:26:07Z,6.877,108,Metinic
3848,2021-04-28T20:31:07Z,6.775,121,Metinic
3849,2021-04-28T20:36:07Z,6.775,160,Metinic
3850,2021-04-28T20:41:07Z,6.775,122,Metinic
3851,2021-04-28T20:46:07Z,6.6739999999999995,73,Metinic
3852,2021-04-28T20:51:07Z,6.6739999999999995,66,Metinic
3853,2021-04-28T20:56:07Z,6.6739999999999995,99,Metinic
3854,2021-04-28T21:01:07Z,6.6739999999999995,77,Metinic
3855,2021-04-28T21:06:07Z,6.573,58,Metinic
3856,2021-04-28T21:11:07Z,6.573,52,Metinic
3857,2021-04-28T21:16:07Z,6.573,44,Metinic
3858,2021-04-28T21:21:07Z,6.6739999999999995,45,Metinic
3859,2021-04-28T21:26:07Z,6.6739999999999995,35,Metinic
3860,2021-04-28T21:31:07Z,6.6739999999999995,33,Metinic
3861,2021-04-28T21:36:07Z,6.6739999999999995,23,Metinic
3862,2021-04-28T21:41:07Z,6.573,17,Metinic
3863,2021-04-28T21:46:07Z,6.573,17,Metinic
3864,2021-04-28T21:51:07Z,6.573,9,Metinic
3865,2021-04-28T21:56:07Z,6.573,20,Metinic
3866,2021-04-28T22:01:07Z,6.573,8,Metinic
3867,2021-04-28T22:06:07Z,6.573,7,Metinic
3868,2021-04-28T22:11:07Z,6.573,11,Metinic
3869,2021-04-28T22:16:07Z,6.573,8,Metinic
3870,2021-04-28T22:21:07Z,6.573,5,Metinic
3871,2021-04-28T22:26:07Z,6.471000000000001,4,Metinic
3872,2021-04-28T22:31:07Z,6.471000000000001,7,Metinic
3873,2021-04-28T22:36:07Z,6.471000000000001,5,Metinic
3874,2021-04-28T22:41:07Z,6.471000000000001,7,Metinic
3875,2021-04-28T22:46:07Z,6.471000000000001,3,Metinic
3876,2021-04-28T22:51:07Z,6.471000000000001,2,Metinic
3877,2021-04-28T22:56:07Z,6.471000000000001,1,Metinic
3878,2021-04-28T23:01:07Z,6.573,1,Metinic
3879,2021-04-28T23:06:07Z,6.573,0,Metinic
3880,2021-04-28T23:11:07Z,6.573,0,Metinic
3881,2021-04-28T23:16:07Z,6.471000000000001,0,Metinic
3882,2021-04-28T23:21:07Z,6.471000000000001,0,Metinic
3883,2021-04-28T23:26:07Z,6.471000000000001,0,Metinic
3884,2021-04-28T23:31:07Z,6.471000000000001,0,Metinic
3885,2021-04-28T23:36:07Z,6.471000000000001,0,Metinic
3886,2021-04-28T23:41:07Z,6.471000000000001,0,Metinic
3887,2021-04-28T23:46:07Z,6.471000000000001,0,Metinic
3888,2021-04-28T23:51:07Z,6.471000000000001,0,Metinic
3889,2021-04-28T23:56:07Z,6.471000000000001,0,Metinic
3890,2021-04-29T00:01:07Z,6.471000000000001,0,Metinic
3891,2021-04-29T00:06:07Z,6.471000000000001,0,Metinic
3892,2021-04-29T00:11:07Z,6.471000000000001,0,Metinic
3893,2021-04-29T00:16:07Z,6.471000000000001,0,Metinic
3894,2021-04-29T00:21:07Z,6.471000000000001,0,Metinic
3895,2021-04-29T00:26:07Z,6.471000000000001,0,Metinic
3896,2021-04-29T00:31:07Z,6.37,0,Metinic
3897,2021-04-29T00:36:07Z,6.37,0,Metinic
3898,2021-04-29T00:41:07Z,6.37,0,Metinic
3899,2021-04-29T00:46:07Z,6.37,0,Metinic
3900,2021-04-29T00:51:07Z,6.37,0,Metinic
3901,2021-04-29T00:56:07Z,6.37,0,Metinic
3902,2021-04-29T01:01:07Z,6.37,0,Metinic
3903,2021-04-29T01:06:07Z,6.37,0,Metinic
3904,2021-04-29T01:11:07Z,6.37,0,Metinic
3905,2021-04-29T01:16:07Z,6.37,0,Metinic
3906,2021-04-29T01:21:07Z,6.37,0,Metinic
3907,2021-04-29T01:26:07Z,6.37,0,Metinic
3908,2021-04-29T01:31:07Z,6.37,0,Metinic
3909,2021-04-29T01:36:07Z,6.37,0,Metinic
3910,2021-04-29T01:41:07Z,6.37,0,Metinic
3911,2021-04-29T01:46:07Z,6.37,0,Metinic
3912,2021-04-29T01:51:07Z,6.37,0,Metinic
3913,2021-04-29T01:56:07Z,6.37,0,Metinic
3914,2021-04-29T02:01:07Z,6.37,0,Metinic
3915,2021-04-29T02:06:07Z,6.37,0,Metinic
3916,2021-04-29T02:11:07Z,6.37,0,Metinic
3917,2021-04-29T02:16:07Z,6.37,0,Metinic
3918,2021-04-29T02:21:07Z,6.37,0,Metinic
3919,2021-04-29T02:26:07Z,6.37,0,Metinic
3920,2021-04-29T02:31:07Z,6.37,0,Metinic
3921,2021-04-29T02:36:07Z,6.37,0,Metinic
3922,2021-04-29T02:41:07Z,6.37,0,Metinic
3923,2021-04-29T02:46:07Z,6.37,0,Metinic
3924,2021-04-29T02:51:07Z,6.37,0,Metinic
3925,2021-04-29T02:56:07Z,6.37,0,Metinic
3926,2021-04-29T03:01:07Z,6.37,0,Metinic
3927,2021-04-29T03:06:07Z,6.37,0,Metinic
3928,2021-04-29T03:11:07Z,6.37,0,Metinic
3929,2021-04-29T03:16:07Z,6.37,0,Metinic
3930,2021-04-29T03:21:07Z,6.37,0,Metinic
3931,2021-04-29T03:26:07Z,6.37,0,Metinic
3932,2021-04-29T03:31:07Z,6.37,0,Metinic
3933,2021-04-29T03:36:07Z,6.37,0,Metinic
3934,2021-04-29T03:41:07Z,6.37,0,Metinic
3935,2021-04-29T03:46:07Z,6.37,0,Metinic
3936,2021-04-29T03:51:07Z,6.37,0,Metinic
3937,2021-04-29T03:56:07Z,6.37,0,Metinic
3938,2021-04-29T04:01:07Z,6.37,0,Metinic
3939,2021-04-29T04:06:07Z,6.37,0,Metinic
3940,2021-04-29T04:11:07Z,6.37,0,Metinic
3941,2021-04-29T04:16:07Z,6.37,0,Metinic
3942,2021-04-29T04:21:07Z,6.37,0,Metinic
3943,2021-04-29T04:26:07Z,6.37,0,Metinic
3944,2021-04-29T04:31:07Z,6.37,0,Metinic
3945,2021-04-29T04:36:07Z,6.37,0,Metinic
3946,2021-04-29T04:41:07Z,6.37,0,Metinic
3947,2021-04-29T04:46:07Z,6.37,0,Metinic
3948,2021-04-29T04:51:07Z,6.37,0,Metinic
3949,2021-04-29T04:56:07Z,6.37,0,Metinic
3950,2021-04-29T05:01:07Z,6.37,0,Metinic
3951,2021-04-29T05:06:07Z,6.37,0,Metinic
3952,2021-04-29T05:11:07Z,6.37,0,Metinic
3953,2021-04-29T05:16:07Z,6.37,0,Metinic
3954,2021-04-29T05:21:07Z,6.37,0,Metinic
3955,2021-04-29T05:26:07Z,6.37,0,Metinic
3956,2021-04-29T05:31:07Z,6.471000000000001,0,Metinic
3957,2021-04-29T05:36:07Z,6.37,0,Metinic
3958,2021-04-29T05:41:07Z,6.471000000000001,0,Metinic
3959,2021-04-29T05:46:07Z,6.471000000000001,0,Metinic
3960,2021-04-29T05:51:07Z,6.471000000000001,0,Metinic
3961,2021-04-29T05:56:07Z,6.471000000000001,0,Metinic
3962,2021-04-29T06:01:07Z,6.471000000000001,0,Metinic
3963,2021-04-29T06:06:07Z,6.471000000000001,0,Metinic
3964,2021-04-29T06:11:07Z,6.471000000000001,0,Metinic
3965,2021-04-29T06:16:07Z,6.471000000000001,0,Metinic
3966,2021-04-29T06:21:07Z,6.471000000000001,0,Metinic
3967,2021-04-29T06:26:07Z,6.471000000000001,0,Metinic
3968,2021-04-29T06:31:07Z,6.37,0,Metinic
3969,2021-04-29T06:36:07Z,6.37,0,Metinic
3970,2021-04-29T06:41:07Z,6.37,0,Metinic
3971,2021-04-29T06:46:07Z,6.471000000000001,0,Metinic
3972,2021-04-29T06:51:07Z,6.471000000000001,0,Metinic
3973,2021-04-29T06:56:07Z,6.471000000000001,0,Metinic
3974,2021-04-29T07:01:07Z,6.471000000000001,0,Metinic
3975,2021-04-29T07:06:07Z,6.471000000000001,0,Metinic
3976,2021-04-29T07:11:07Z,6.471000000000001,0,Metinic
3977,2021-04-29T07:16:07Z,6.471000000000001,0,Metinic
3978,2021-04-29T07:21:07Z,6.471000000000001,0,Metinic
3979,2021-04-29T07:26:07Z,6.471000000000001,0,Metinic
3980,2021-04-29T07:31:07Z,6.471000000000001,0,Metinic
3981,2021-04-29T07:36:07Z,6.471000000000001,0,Metinic
3982,2021-04-29T07:41:07Z,6.471000000000001,0,Metinic
3983,2021-04-29T07:46:07Z,6.573,0,Metinic
3984,2021-04-29T07:51:07Z,6.573,0,Metinic
3985,2021-04-29T07:56:07Z,6.573,0,Metinic
3986,2021-04-29T08:01:07Z,6.573,0,Metinic
3987,2021-04-29T08:06:07Z,6.573,0,Metinic
3988,2021-04-29T08:11:07Z,6.573,0,Metinic
3989,2021-04-29T08:16:07Z,6.573,0,Metinic
3990,2021-04-29T08:21:07Z,6.573,0,Metinic
3991,2021-04-29T08:26:07Z,6.573,0,Metinic
3992,2021-04-29T08:31:07Z,6.573,0,Metinic
3993,2021-04-29T08:36:07Z,6.573,0,Metinic
3994,2021-04-29T08:41:07Z,6.573,0,Metinic
3995,2021-04-29T08:46:07Z,6.573,0,Metinic
3996,2021-04-29T08:51:07Z,6.573,0,Metinic
3997,2021-04-29T08:56:07Z,6.573,0,Metinic
3998,2021-04-29T09:01:07Z,6.573,0,Metinic
3999,2021-04-29T09:06:07Z,6.573,0,Metinic
4000,2021-04-29T09:11:07Z,6.573,0,Metinic
4001,2021-04-29T09:16:07Z,6.573,0,Metinic
4002,2021-04-29T09:21:07Z,6.471000000000001,0,Metinic
4003,2021-04-29T09:26:07Z,6.37,0,Metinic
4004,2021-04-29T09:31:07Z,6.37,0,Metinic
4005,2021-04-29T09:36:07Z,6.37,0,Metinic
4006,2021-04-29T09:41:07Z,6.37,1,Metinic
4007,2021-04-29T09:46:07Z,6.37,2,Metinic
4008,2021-04-29T09:51:07Z,6.37,2,Metinic
4009,2021-04-29T09:56:07Z,6.37,3,Metinic
4010,2021-04-29T10:01:07Z,6.37,6,Metinic
4011,2021-04-29T10:06:07Z,6.37,7,Metinic
4012,2021-04-29T10:11:07Z,6.37,7,Metinic
4013,2021-04-29T10:16:07Z,6.37,9,Metinic
4014,2021-04-29T10:21:07Z,6.37,11,Metinic
4015,2021-04-29T10:26:07Z,6.37,14,Metinic
4016,2021-04-29T10:31:07Z,6.37,9,Metinic
4017,2021-04-29T10:36:07Z,6.37,9,Metinic
4018,2021-04-29T10:41:07Z,6.37,12,Metinic
4019,2021-04-29T10:46:07Z,6.37,11,Metinic
4020,2021-04-29T10:51:07Z,6.471000000000001,14,Metinic
4021,2021-04-29T10:56:07Z,6.471000000000001,13,Metinic
4022,2021-04-29T11:01:07Z,6.471000000000001,20,Metinic
4023,2021-04-29T11:06:07Z,6.471000000000001,27,Metinic
4024,2021-04-29T11:11:07Z,6.471000000000001,28,Metinic
4025,2021-04-29T11:16:07Z,6.471000000000001,22,Metinic
4026,2021-04-29T11:21:07Z,6.471000000000001,48,Metinic
4027,2021-04-29T11:26:07Z,6.471000000000001,106,Metinic
4028,2021-04-29T11:31:07Z,6.471000000000001,62,Metinic
4029,2021-04-29T11:36:07Z,6.573,84,Metinic
4030,2021-04-29T11:41:07Z,6.573,168,Metinic
4031,2021-04-29T11:46:07Z,6.573,71,Metinic
4032,2021-04-29T11:51:07Z,6.573,70,Metinic
4033,2021-04-29T11:56:07Z,6.573,65,Metinic
4034,2021-04-29T12:01:07Z,6.471000000000001,49,Metinic
4035,2021-04-29T12:06:07Z,6.573,99,Metinic
4036,2021-04-29T12:11:07Z,6.573,75,Metinic
4037,2021-04-29T12:16:07Z,6.573,27,Metinic
4038,2021-04-29T12:21:07Z,6.573,47,Metinic
4039,2021-04-29T12:26:07Z,6.471000000000001,32,Metinic
4040,2021-04-29T12:31:07Z,6.471000000000001,35,Metinic
4041,2021-04-29T12:36:07Z,6.471000000000001,38,Metinic
4042,2021-04-29T12:41:07Z,6.471000000000001,33,Metinic
4043,2021-04-29T12:46:07Z,6.471000000000001,36,Metinic
4044,2021-04-29T12:51:07Z,6.471000000000001,49,Metinic
4045,2021-04-29T12:56:07Z,6.471000000000001,52,Metinic
4046,2021-04-29T13:01:07Z,6.471000000000001,54,Metinic
4047,2021-04-29T13:06:07Z,6.471000000000001,70,Metinic
4048,2021-04-29T13:11:07Z,6.471000000000001,71,Metinic
4049,2021-04-29T13:16:07Z,6.471000000000001,76,Metinic
4050,2021-04-29T13:21:07Z,6.37,41,Metinic
4051,2021-04-29T13:26:07Z,6.471000000000001,54,Metinic
4052,2021-04-29T13:31:07Z,6.37,34,Metinic
4053,2021-04-29T13:36:07Z,6.471000000000001,47,Metinic
4054,2021-04-29T13:41:07Z,6.471000000000001,47,Metinic
4055,2021-04-29T13:46:07Z,6.471000000000001,53,Metinic
4056,2021-04-29T13:51:07Z,6.471000000000001,39,Metinic
4057,2021-04-29T13:56:07Z,6.471000000000001,48,Metinic
4058,2021-04-29T14:01:07Z,6.471000000000001,37,Metinic
4059,2021-04-29T14:06:07Z,6.471000000000001,57,Metinic
4060,2021-04-29T14:11:07Z,6.471000000000001,52,Metinic
4061,2021-04-29T14:16:07Z,6.471000000000001,46,Metinic
4062,2021-04-29T14:21:07Z,6.471000000000001,67,Metinic
4063,2021-04-29T14:26:07Z,6.471000000000001,33,Metinic
4064,2021-04-29T14:31:07Z,6.37,27,Metinic
4065,2021-04-29T14:36:07Z,6.471000000000001,36,Metinic
4066,2021-04-29T14:41:07Z,6.37,35,Metinic
4067,2021-04-29T14:46:07Z,6.37,39,Metinic
4068,2021-04-29T14:51:07Z,6.37,51,Metinic
4069,2021-04-29T14:56:07Z,6.37,48,Metinic
4070,2021-04-29T15:01:07Z,6.37,38,Metinic
4071,2021-04-29T15:06:07Z,6.37,34,Metinic
4072,2021-04-29T15:11:07Z,6.37,33,Metinic
4073,2021-04-29T15:16:07Z,6.37,29,Metinic
4074,2021-04-29T15:21:07Z,6.37,40,Metinic
4075,2021-04-29T15:26:07Z,6.37,42,Metinic
4076,2021-04-29T15:31:07Z,6.37,36,Metinic
4077,2021-04-29T15:36:07Z,6.37,27,Metinic
4078,2021-04-29T15:41:07Z,6.37,42,Metinic
4079,2021-04-29T15:46:07Z,6.471000000000001,44,Metinic
4080,2021-04-29T15:51:07Z,6.471000000000001,64,Metinic
4081,2021-04-29T15:56:07Z,6.471000000000001,92,Metinic
4082,2021-04-29T16:01:07Z,6.37,53,Metinic
4083,2021-04-29T16:06:07Z,6.37,62,Metinic
4084,2021-04-29T16:11:07Z,6.37,36,Metinic
4085,2021-04-29T16:16:07Z,6.37,43,Metinic
4086,2021-04-29T16:21:07Z,6.37,52,Metinic
4087,2021-04-29T16:26:07Z,6.37,43,Metinic
4088,2021-04-29T16:31:07Z,6.471000000000001,78,Metinic
4089,2021-04-29T16:36:07Z,6.471000000000001,62,Metinic
4090,2021-04-29T16:41:07Z,6.471000000000001,114,Metinic
4091,2021-04-29T16:46:07Z,6.471000000000001,119,Metinic
4092,2021-04-29T16:51:07Z,6.471000000000001,121,Metinic
4093,2021-04-29T16:56:07Z,6.471000000000001,114,Metinic
4094,2021-04-29T17:01:07Z,6.471000000000001,105,Metinic
4095,2021-04-29T17:06:07Z,6.471000000000001,102,Metinic
4096,2021-04-29T17:11:07Z,6.471000000000001,108,Metinic
4097,2021-04-29T17:16:07Z,6.471000000000001,82,Metinic
4098,2021-04-29T17:21:07Z,6.471000000000001,86,Metinic
4099,2021-04-29T17:26:07Z,6.471000000000001,97,Metinic
4100,2021-04-29T17:31:07Z,6.471000000000001,50,Metinic
4101,2021-04-29T17:36:07Z,6.471000000000001,98,Metinic
4102,2021-04-29T17:41:07Z,6.471000000000001,39,Metinic
4103,2021-04-29T17:46:07Z,6.471000000000001,29,Metinic
4104,2021-04-29T17:51:07Z,6.471000000000001,40,Metinic
4105,2021-04-29T17:56:07Z,6.471000000000001,33,Metinic
4106,2021-04-29T18:01:07Z,6.573,36,Metinic
4107,2021-04-29T18:06:07Z,6.573,32,Metinic
4108,2021-04-29T18:11:07Z,6.573,37,Metinic
4109,2021-04-29T18:16:07Z,6.573,56,Metinic
4110,2021-04-29T18:21:07Z,6.573,50,Metinic
4111,2021-04-29T18:26:07Z,6.573,32,Metinic
4112,2021-04-29T18:31:07Z,6.573,37,Metinic
4113,2021-04-29T18:36:07Z,6.573,38,Metinic
4114,2021-04-29T18:41:07Z,6.573,30,Metinic
4115,2021-04-29T18:46:07Z,6.573,46,Metinic
4116,2021-04-29T18:51:07Z,6.573,24,Metinic
4117,2021-04-29T18:56:07Z,6.573,34,Metinic
4118,2021-04-29T19:01:07Z,6.573,26,Metinic
4119,2021-04-29T19:06:07Z,6.573,25,Metinic
4120,2021-04-29T19:11:07Z,6.573,26,Metinic
4121,2021-04-29T19:16:07Z,6.573,22,Metinic
4122,2021-04-29T19:21:07Z,6.573,32,Metinic
4123,2021-04-29T19:26:07Z,6.573,20,Metinic
4124,2021-04-29T19:31:07Z,6.573,21,Metinic
4125,2021-04-29T19:36:07Z,6.573,17,Metinic
4126,2021-04-29T19:41:07Z,6.573,19,Metinic
4127,2021-04-29T19:46:07Z,6.573,18,Metinic
4128,2021-04-29T19:51:07Z,6.573,18,Metinic
4129,2021-04-29T19:56:07Z,6.573,18,Metinic
4130,2021-04-29T20:01:07Z,6.573,20,Metinic
4131,2021-04-29T20:06:07Z,6.573,19,Metinic
4132,2021-04-29T20:11:07Z,6.573,19,Metinic
4133,2021-04-29T20:16:07Z,6.573,20,Metinic
4134,2021-04-29T20:21:07Z,6.573,21,Metinic
4135,2021-04-29T20:26:07Z,6.573,25,Metinic
4136,2021-04-29T20:31:07Z,6.573,14,Metinic
4137,2021-04-29T20:36:07Z,6.573,12,Metinic
4138,2021-04-29T20:41:07Z,6.573,16,Metinic
4139,2021-04-29T20:46:07Z,6.573,13,Metinic
4140,2021-04-29T20:51:07Z,6.573,10,Metinic
4141,2021-04-29T20:56:07Z,6.573,14,Metinic
4142,2021-04-29T21:01:07Z,6.573,9,Metinic
4143,2021-04-29T21:06:07Z,6.573,9,Metinic
4144,2021-04-29T21:11:07Z,6.573,8,Metinic
4145,2021-04-29T21:16:07Z,6.573,6,Metinic
4146,2021-04-29T21:21:07Z,6.573,6,Metinic
4147,2021-04-29T21:26:07Z,6.573,5,Metinic
4148,2021-04-29T21:31:07Z,6.573,6,Metinic
4149,2021-04-29T21:36:07Z,6.573,8,Metinic
4150,2021-04-29T21:41:07Z,6.573,8,Metinic
4151,2021-04-29T21:46:07Z,6.573,4,Metinic
4152,2021-04-29T21:51:07Z,6.573,4,Metinic
4153,2021-04-29T21:56:07Z,6.573,7,Metinic
4154,2021-04-29T22:01:07Z,6.573,5,Metinic
4155,2021-04-29T22:06:07Z,6.573,11,Metinic
4156,2021-04-29T22:11:07Z,6.573,12,Metinic
4157,2021-04-29T22:16:07Z,6.573,7,Metinic
4158,2021-04-29T22:21:07Z,6.471000000000001,4,Metinic
4159,2021-04-29T22:26:07Z,6.471000000000001,6,Metinic
4160,2021-04-29T22:31:07Z,6.37,8,Metinic
4161,2021-04-29T22:36:07Z,6.37,4,Metinic
4162,2021-04-29T22:41:07Z,6.37,3,Metinic
4163,2021-04-29T22:46:07Z,6.37,3,Metinic
4164,2021-04-29T22:51:07Z,6.37,1,Metinic
4165,2021-04-29T22:56:07Z,6.37,1,Metinic
4166,2021-04-29T23:01:07Z,6.37,1,Metinic
4167,2021-04-29T23:06:07Z,6.37,0,Metinic
4168,2021-04-29T23:11:07Z,6.37,0,Metinic
4169,2021-04-29T23:16:07Z,6.37,0,Metinic
4170,2021-04-29T23:21:07Z,6.471000000000001,0,Metinic
4171,2021-04-29T23:26:07Z,6.471000000000001,0,Metinic
4172,2021-04-29T23:31:07Z,6.471000000000001,0,Metinic
4173,2021-04-29T23:36:07Z,6.471000000000001,0,Metinic
4174,2021-04-29T23:41:07Z,6.471000000000001,0,Metinic
4175,2021-04-29T23:46:07Z,6.573,0,Metinic
4176,2021-04-29T23:51:07Z,6.573,0,Metinic
4177,2021-04-29T23:56:07Z,6.471000000000001,0,Metinic
4178,2021-04-30T00:01:07Z,6.471000000000001,0,Metinic
4179,2021-04-30T00:06:07Z,6.471000000000001,0,Metinic
4180,2021-04-30T00:11:07Z,6.573,0,Metinic
4181,2021-04-30T00:16:07Z,6.573,0,Metinic
4182,2021-04-30T00:21:07Z,6.573,0,Metinic
4183,2021-04-30T00:26:07Z,6.573,0,Metinic
4184,2021-04-30T00:31:07Z,6.573,0,Metinic
4185,2021-04-30T00:36:07Z,6.573,0,Metinic
4186,2021-04-30T00:41:07Z,6.573,0,Metinic
4187,2021-04-30T00:46:07Z,6.573,0,Metinic
4188,2021-04-30T00:51:07Z,6.573,0,Metinic
4189,2021-04-30T00:56:07Z,6.573,0,Metinic
4190,2021-04-30T01:01:07Z,6.573,0,Metinic
4191,2021-04-30T01:06:07Z,6.573,0,Metinic
4192,2021-04-30T01:11:07Z,6.573,0,Metinic
4193,2021-04-30T01:16:07Z,6.573,0,Metinic
4194,2021-04-30T01:21:07Z,6.573,0,Metinic
4195,2021-04-30T01:26:07Z,6.573,0,Metinic
4196,2021-04-30T01:31:07Z,6.573,0,Metinic
4197,2021-04-30T01:36:07Z,6.573,0,Metinic
4198,2021-04-30T01:41:07Z,6.573,0,Metinic
4199,2021-04-30T01:46:07Z,6.573,0,Metinic
4200,2021-04-30T01:51:07Z,6.471000000000001,0,Metinic
4201,2021-04-30T01:56:07Z,6.471000000000001,0,Metinic
4202,2021-04-30T02:01:07Z,6.471000000000001,0,Metinic
4203,2021-04-30T02:06:07Z,6.471000000000001,0,Metinic
4204,2021-04-30T02:11:07Z,6.471000000000001,0,Metinic
4205,2021-04-30T02:16:07Z,6.471000000000001,0,Metinic
4206,2021-04-30T02:21:07Z,6.471000000000001,0,Metinic
4207,2021-04-30T02:26:07Z,6.471000000000001,0,Metinic
4208,2021-04-30T02:31:07Z,6.471000000000001,0,Metinic
4209,2021-04-30T02:36:07Z,6.471000000000001,0,Metinic
4210,2021-04-30T02:41:07Z,6.471000000000001,0,Metinic
4211,2021-04-30T02:46:07Z,6.471000000000001,0,Metinic
4212,2021-04-30T02:51:07Z,6.471000000000001,0,Metinic
4213,2021-04-30T02:56:07Z,6.471000000000001,0,Metinic
4214,2021-04-30T03:01:07Z,6.471000000000001,0,Metinic
4215,2021-04-30T03:06:07Z,6.471000000000001,0,Metinic
4216,2021-04-30T03:11:07Z,6.471000000000001,0,Metinic
4217,2021-04-30T03:16:07Z,6.471000000000001,0,Metinic
4218,2021-04-30T03:21:07Z,6.471000000000001,0,Metinic
4219,2021-04-30T03:26:07Z,6.471000000000001,0,Metinic
4220,2021-04-30T03:31:07Z,6.471000000000001,0,Metinic
4221,2021-04-30T03:36:07Z,6.471000000000001,0,Metinic
4222,2021-04-30T03:41:07Z,6.471000000000001,0,Metinic
4223,2021-04-30T03:46:07Z,6.471000000000001,0,Metinic
4224,2021-04-30T03:51:07Z,6.471000000000001,0,Metinic
4225,2021-04-30T03:56:07Z,6.471000000000001,0,Metinic
4226,2021-04-30T04:01:07Z,6.471000000000001,0,Metinic
4227,2021-04-30T04:06:07Z,6.37,0,Metinic
4228,2021-04-30T04:11:07Z,6.37,0,Metinic
4229,2021-04-30T04:16:07Z,6.37,0,Metinic
4230,2021-04-30T04:21:07Z,6.37,0,Metinic
4231,2021-04-30T04:26:07Z,6.37,0,Metinic
4232,2021-04-30T04:31:07Z,6.37,0,Metinic
4233,2021-04-30T04:36:07Z,6.37,0,Metinic
4234,2021-04-30T04:41:07Z,6.37,0,Metinic
4235,2021-04-30T04:46:07Z,6.37,0,Metinic
4236,2021-04-30T04:51:07Z,6.37,0,Metinic
4237,2021-04-30T04:56:07Z,6.37,0,Metinic
4238,2021-04-30T05:01:07Z,6.37,0,Metinic
4239,2021-04-30T05:06:07Z,6.37,0,Metinic
4240,2021-04-30T05:11:07Z,6.37,0,Metinic
4241,2021-04-30T05:16:07Z,6.37,0,Metinic
4242,2021-04-30T05:21:07Z,6.37,0,Metinic
4243,2021-04-30T05:26:07Z,6.471000000000001,0,Metinic
4244,2021-04-30T05:31:07Z,6.471000000000001,0,Metinic
4245,2021-04-30T05:36:07Z,6.37,0,Metinic
4246,2021-04-30T05:41:07Z,6.471000000000001,0,Metinic
4247,2021-04-30T05:46:07Z,6.37,0,Metinic
4248,2021-04-30T05:51:07Z,6.37,0,Metinic
4249,2021-04-30T05:56:07Z,6.471000000000001,0,Metinic
4250,2021-04-30T06:01:07Z,6.471000000000001,0,Metinic
4251,2021-04-30T06:06:07Z,6.471000000000001,0,Metinic
4252,2021-04-30T06:11:07Z,6.471000000000001,0,Metinic
4253,2021-04-30T06:16:07Z,6.471000000000001,0,Metinic
4254,2021-04-30T06:21:07Z,6.471000000000001,0,Metinic
4255,2021-04-30T06:26:07Z,6.573,0,Metinic
4256,2021-04-30T06:31:07Z,6.471000000000001,0,Metinic
4257,2021-04-30T06:36:07Z,6.471000000000001,0,Metinic
4258,2021-04-30T06:41:07Z,6.471000000000001,0,Metinic
4259,2021-04-30T06:46:07Z,6.573,0,Metinic
4260,2021-04-30T06:51:07Z,6.573,0,Metinic
4261,2021-04-30T06:56:07Z,6.573,0,Metinic
4262,2021-04-30T07:01:07Z,6.573,0,Metinic
4263,2021-04-30T07:06:07Z,6.573,0,Metinic
4264,2021-04-30T07:11:07Z,6.573,0,Metinic
4265,2021-04-30T07:16:07Z,6.471000000000001,0,Metinic
4266,2021-04-30T07:21:07Z,6.471000000000001,0,Metinic
4267,2021-04-30T07:26:07Z,6.471000000000001,0,Metinic
4268,2021-04-30T07:31:07Z,6.471000000000001,0,Metinic
4269,2021-04-30T07:36:07Z,6.471000000000001,0,Metinic
4270,2021-04-30T07:41:07Z,6.471000000000001,0,Metinic
4271,2021-04-30T07:46:07Z,6.471000000000001,0,Metinic
4272,2021-04-30T07:51:07Z,6.573,0,Metinic
4273,2021-04-30T07:56:07Z,6.573,0,Metinic
4274,2021-04-30T08:01:07Z,6.573,0,Metinic
4275,2021-04-30T08:06:07Z,6.573,0,Metinic
4276,2021-04-30T08:11:07Z,6.573,0,Metinic
4277,2021-04-30T08:16:07Z,6.573,0,Metinic
4278,2021-04-30T08:21:07Z,6.573,0,Metinic
4279,2021-04-30T08:26:07Z,6.573,0,Metinic
4280,2021-04-30T08:31:07Z,6.573,0,Metinic
4281,2021-04-30T08:36:07Z,6.573,0,Metinic
4282,2021-04-30T08:41:07Z,6.573,0,Metinic
4283,2021-04-30T08:46:07Z,6.573,0,Metinic
4284,2021-04-30T08:51:07Z,6.471000000000001,0,Metinic
4285,2021-04-30T08:56:07Z,6.471000000000001,0,Metinic
4286,2021-04-30T09:01:07Z,6.471000000000001,0,Metinic
4287,2021-04-30T09:06:07Z,6.471000000000001,0,Metinic
4288,2021-04-30T09:11:07Z,6.471000000000001,0,Metinic
4289,2021-04-30T09:16:07Z,6.573,0,Metinic
4290,2021-04-30T09:21:07Z,6.573,0,Metinic
4291,2021-04-30T09:26:07Z,6.573,0,Metinic
4292,2021-04-30T09:31:07Z,6.573,0,Metinic
4293,2021-04-30T09:36:07Z,6.471000000000001,0,Metinic
4294,2021-04-30T09:41:07Z,6.471000000000001,0,Metinic
4295,2021-04-30T09:46:07Z,6.471000000000001,0,Metinic
4296,2021-04-30T09:51:07Z,6.471000000000001,0,Metinic
4297,2021-04-30T09:56:07Z,6.471000000000001,0,Metinic
4298,2021-04-30T10:01:07Z,6.471000000000001,0,Metinic
4299,2021-04-30T10:06:07Z,6.471000000000001,1,Metinic
4300,2021-04-30T10:11:07Z,6.471000000000001,0,Metinic
4301,2021-04-30T10:16:07Z,6.471000000000001,2,Metinic
4302,2021-04-30T10:21:07Z,6.471000000000001,2,Metinic
4303,2021-04-30T10:26:07Z,6.471000000000001,3,Metinic
4304,2021-04-30T10:31:07Z,6.471000000000001,1,Metinic
4305,2021-04-30T10:36:07Z,6.37,2,Metinic
4306,2021-04-30T10:41:07Z,6.37,3,Metinic
4307,2021-04-30T10:46:07Z,6.37,4,Metinic
4308,2021-04-30T10:51:07Z,6.37,6,Metinic
4309,2021-04-30T10:56:07Z,6.37,9,Metinic
4310,2021-04-30T11:01:07Z,6.37,3,Metinic
4311,2021-04-30T11:06:07Z,6.37,6,Metinic
4312,2021-04-30T11:11:07Z,6.37,8,Metinic
4313,2021-04-30T11:16:07Z,6.37,6,Metinic
4314,2021-04-30T11:21:07Z,6.37,1,Metinic
4315,2021-04-30T11:26:07Z,6.37,11,Metinic
4316,2021-04-30T11:31:07Z,6.37,8,Metinic
4317,2021-04-30T11:36:07Z,6.37,4,Metinic
4318,2021-04-30T11:41:07Z,6.37,4,Metinic
4319,2021-04-30T11:46:07Z,6.37,4,Metinic
4320,2021-04-30T11:51:07Z,6.471000000000001,11,Metinic
4321,2021-04-30T11:56:07Z,6.471000000000001,20,Metinic
4322,2021-04-30T12:01:07Z,6.471000000000001,16,Metinic
4323,2021-04-30T12:06:07Z,6.471000000000001,34,Metinic
4324,2021-04-30T12:11:07Z,6.471000000000001,8,Metinic
4325,2021-04-30T12:16:07Z,6.471000000000001,2,Metinic
4326,2021-04-30T12:21:07Z,6.471000000000001,18,Metinic
4327,2021-04-30T12:26:07Z,6.471000000000001,6,Metinic
4328,2021-04-30T12:31:07Z,6.471000000000001,5,Metinic
4329,2021-04-30T12:36:07Z,6.471000000000001,11,Metinic
4330,2021-04-30T12:41:07Z,6.471000000000001,38,Metinic
4331,2021-04-30T12:46:07Z,6.471000000000001,3,Metinic
4332,2021-04-30T12:51:07Z,6.471000000000001,66,Metinic
4333,2021-04-30T12:56:07Z,6.471000000000001,42,Metinic
4334,2021-04-30T13:01:07Z,6.471000000000001,15,Metinic
4335,2021-04-30T13:06:07Z,6.573,21,Metinic
4336,2021-04-30T13:11:07Z,6.573,28,Metinic
4337,2021-04-30T13:16:07Z,6.573,60,Metinic
4338,2021-04-30T13:21:07Z,6.471000000000001,27,Metinic
4339,2021-04-30T13:26:07Z,6.471000000000001,116,Metinic
4340,2021-04-30T13:31:07Z,6.471000000000001,110,Metinic
4341,2021-04-30T13:36:07Z,6.471000000000001,58,Metinic
4342,2021-04-30T13:41:07Z,6.471000000000001,65,Metinic
4343,2021-04-30T13:46:07Z,6.471000000000001,54,Metinic
4344,2021-04-30T13:51:07Z,6.37,50,Metinic
4345,2021-04-30T13:56:07Z,6.37,51,Metinic
4346,2021-04-30T14:01:07Z,6.471000000000001,37,Metinic
4347,2021-04-30T14:06:07Z,6.471000000000001,56,Metinic
4348,2021-04-30T14:11:07Z,6.471000000000001,53,Metinic
4349,2021-04-30T14:16:07Z,6.471000000000001,31,Metinic
4350,2021-04-30T14:21:07Z,6.37,78,Metinic
4351,2021-04-30T14:26:07Z,6.37,72,Metinic
4352,2021-04-30T14:31:07Z,6.471000000000001,85,Metinic
4353,2021-04-30T14:36:07Z,6.471000000000001,29,Metinic
4354,2021-04-30T14:41:07Z,6.471000000000001,38,Metinic
4355,2021-04-30T14:46:07Z,6.471000000000001,184,Metinic
4356,2021-04-30T14:51:07Z,6.471000000000001,83,Metinic
4357,2021-04-30T14:56:07Z,6.471000000000001,54,Metinic
4358,2021-04-30T15:01:07Z,6.471000000000001,101,Metinic
4359,2021-04-30T15:06:07Z,6.37,65,Metinic
4360,2021-04-30T15:11:07Z,6.37,168,Metinic
4361,2021-04-30T15:16:07Z,6.471000000000001,38,Metinic
4362,2021-04-30T15:21:07Z,6.471000000000001,33,Metinic
4363,2021-04-30T15:26:07Z,6.471000000000001,152,Metinic
4364,2021-04-30T15:31:07Z,6.471000000000001,216,Metinic
4365,2021-04-30T15:36:07Z,6.471000000000001,94,Metinic
4366,2021-04-30T15:41:07Z,6.471000000000001,127,Metinic
4367,2021-04-30T15:46:07Z,6.471000000000001,118,Metinic
4368,2021-04-30T15:51:07Z,6.471000000000001,79,Metinic
4369,2021-04-30T15:56:07Z,6.471000000000001,59,Metinic
4370,2021-04-30T16:01:07Z,6.471000000000001,97,Metinic
4371,2021-04-30T16:06:07Z,6.471000000000001,31,Metinic
4372,2021-04-30T16:11:07Z,6.471000000000001,59,Metinic
4373,2021-04-30T16:16:07Z,6.471000000000001,47,Metinic
4374,2021-04-30T16:21:07Z,6.471000000000001,18,Metinic
4375,2021-04-30T16:26:07Z,6.471000000000001,79,Metinic
4376,2021-04-30T16:31:07Z,6.471000000000001,62,Metinic
4377,2021-04-30T16:36:07Z,6.471000000000001,54,Metinic
4378,2021-04-30T16:41:07Z,6.471000000000001,36,Metinic
4379,2021-04-30T16:46:07Z,6.471000000000001,65,Metinic
4380,2021-04-30T16:51:07Z,6.471000000000001,118,Metinic
4381,2021-04-30T16:56:07Z,6.471000000000001,30,Metinic
4382,2021-04-30T17:01:07Z,6.471000000000001,39,Metinic
4383,2021-04-30T17:06:07Z,6.471000000000001,26,Metinic
4384,2021-04-30T17:11:07Z,6.471000000000001,42,Metinic
4385,2021-04-30T17:16:07Z,6.471000000000001,45,Metinic
4386,2021-04-30T17:21:07Z,6.37,28,Metinic
4387,2021-04-30T17:26:07Z,6.37,28,Metinic
4388,2021-04-30T17:31:07Z,6.471000000000001,59,Metinic
4389,2021-04-30T17:36:07Z,6.471000000000001,28,Metinic
4390,2021-04-30T17:41:07Z,6.471000000000001,14,Metinic
4391,2021-04-30T17:46:07Z,6.471000000000001,15,Metinic
4392,2021-04-30T17:51:07Z,6.471000000000001,11,Metinic
4393,2021-04-30T17:56:07Z,6.471000000000001,10,Metinic
4394,2021-04-30T18:01:07Z,6.471000000000001,14,Metinic
4395,2021-04-30T18:06:07Z,6.471000000000001,26,Metinic
4396,2021-04-30T18:11:07Z,6.471000000000001,20,Metinic
4397,2021-04-30T18:16:07Z,6.471000000000001,34,Metinic
4398,2021-04-30T18:21:07Z,6.471000000000001,69,Metinic
4399,2021-04-30T18:26:07Z,6.471000000000001,27,Metinic
4400,2021-04-30T18:31:07Z,6.471000000000001,16,Metinic
4401,2021-04-30T18:36:07Z,6.471000000000001,19,Metinic
4402,2021-04-30T18:41:07Z,6.471000000000001,15,Metinic
4403,2021-04-30T18:46:07Z,6.573,13,Metinic
4404,2021-04-30T18:51:07Z,6.573,17,Metinic
4405,2021-04-30T18:56:07Z,6.573,21,Metinic
4406,2021-04-30T19:01:07Z,6.573,27,Metinic
4407,2021-04-30T19:06:07Z,6.573,35,Metinic
4408,2021-04-30T19:11:07Z,6.573,9,Metinic
4409,2021-04-30T19:16:07Z,6.573,14,Metinic
4410,2021-04-30T19:21:07Z,6.573,13,Metinic
4411,2021-04-30T19:26:07Z,6.573,8,Metinic
4412,2021-04-30T19:31:07Z,6.573,21,Metinic
4413,2021-04-30T19:36:07Z,6.573,16,Metinic
4414,2021-04-30T19:41:07Z,6.573,17,Metinic
4415,2021-04-30T19:46:07Z,6.573,14,Metinic
4416,2021-04-30T19:51:07Z,6.573,22,Metinic
4417,2021-04-30T19:56:07Z,6.573,12,Metinic
4418,2021-04-30T20:01:07Z,6.573,16,Metinic
4419,2021-04-30T20:06:07Z,6.573,15,Metinic
4420,2021-04-30T20:11:07Z,6.573,14,Metinic
4421,2021-04-30T20:16:07Z,6.573,18,Metinic
4422,2021-04-30T20:21:07Z,6.573,16,Metinic
4423,2021-04-30T20:26:07Z,6.573,17,Metinic
4424,2021-04-30T20:31:07Z,6.573,16,Metinic
4425,2021-04-30T20:36:07Z,6.573,14,Metinic
4426,2021-04-30T20:41:07Z,6.573,15,Metinic
4427,2021-04-30T20:46:07Z,6.573,9,Metinic
4428,2021-04-30T20:51:07Z,6.573,16,Metinic
4429,2021-04-30T20:56:07Z,6.573,19,Metinic
4430,2021-04-30T21:01:07Z,6.573,22,Metinic
4431,2021-04-30T21:06:07Z,6.573,26,Metinic
4432,2021-04-30T21:11:07Z,6.573,21,Metinic
4433,2021-04-30T21:16:07Z,6.573,17,Metinic
4434,2021-04-30T21:21:07Z,6.573,31,Metinic
4435,2021-04-30T21:26:07Z,6.573,33,Metinic
4436,2021-04-30T21:31:07Z,6.573,30,Metinic
4437,2021-04-30T21:36:07Z,6.573,28,Metinic
4438,2021-04-30T21:41:07Z,6.573,26,Metinic
4439,2021-04-30T21:46:07Z,6.573,24,Metinic
4440,2021-04-30T21:51:07Z,6.573,34,Metinic
4441,2021-04-30T21:56:07Z,6.573,30,Metinic
4442,2021-04-30T22:01:07Z,6.573,25,Metinic
4443,2021-04-30T22:06:07Z,6.573,8,Metinic
4444,2021-04-30T22:11:07Z,6.573,5,Metinic
4445,2021-04-30T22:16:07Z,6.573,6,Metinic
4446,2021-04-30T22:21:07Z,6.573,7,Metinic
4447,2021-04-30T22:26:07Z,6.573,20,Metinic
4448,2021-04-30T22:31:07Z,6.573,15,Metinic
4449,2021-04-30T22:36:07Z,6.573,8,Metinic
4450,2021-04-30T22:41:07Z,6.573,6,Metinic
4451,2021-04-30T22:46:07Z,6.573,3,Metinic
4452,2021-04-30T22:51:07Z,6.573,5,Metinic
4453,2021-04-30T22:56:07Z,6.471000000000001,5,Metinic
4454,2021-04-30T23:01:07Z,6.471000000000001,11,Metinic
4455,2021-04-30T23:06:07Z,6.471000000000001,4,Metinic
4456,2021-04-30T23:11:07Z,6.471000000000001,7,Metinic
4457,2021-04-30T23:16:07Z,6.471000000000001,7,Metinic
4458,2021-04-30T23:21:07Z,6.471000000000001,2,Metinic
4459,2021-04-30T23:26:07Z,6.471000000000001,1,Metinic
4460,2021-04-30T23:31:07Z,6.471000000000001,1,Metinic
4461,2021-04-30T23:36:07Z,6.471000000000001,0,Metinic
4462,2021-04-30T23:41:07Z,6.471000000000001,0,Metinic
4463,2021-04-30T23:46:07Z,6.471000000000001,0,Metinic
4464,2021-04-30T23:51:07Z,6.471000000000001,0,Metinic
4465,2021-04-30T23:56:07Z,6.471000000000001,0,Metinic
4466,2021-05-01T00:01:07Z,6.37,0,Metinic
4467,2021-05-01T00:06:07Z,6.471000000000001,0,Metinic
4468,2021-05-01T00:11:07Z,6.37,0,Metinic
4469,2021-05-01T00:16:07Z,6.471000000000001,0,Metinic
4470,2021-05-01T00:21:07Z,6.37,0,Metinic
4471,2021-05-01T00:26:07Z,6.471000000000001,0,Metinic
4472,2021-05-01T00:31:07Z,6.471000000000001,0,Metinic
4473,2021-05-01T00:36:07Z,6.471000000000001,0,Metinic
4474,2021-05-01T00:41:07Z,6.471000000000001,0,Metinic
4475,2021-05-01T00:46:07Z,6.471000000000001,0,Metinic
4476,2021-05-01T00:51:07Z,6.573,0,Metinic
4477,2021-05-01T00:56:07Z,6.471000000000001,0,Metinic
4478,2021-05-01T01:01:07Z,6.471000000000001,0,Metinic
4479,2021-05-01T01:06:07Z,6.471000000000001,0,Metinic
4480,2021-05-01T01:11:07Z,6.471000000000001,0,Metinic
4481,2021-05-01T01:16:07Z,6.471000000000001,0,Metinic
4482,2021-05-01T01:21:07Z,6.471000000000001,0,Metinic
4483,2021-05-01T01:26:07Z,6.471000000000001,0,Metinic
4484,2021-05-01T01:31:07Z,6.471000000000001,0,Metinic
4485,2021-05-01T01:36:07Z,6.471000000000001,0,Metinic
4486,2021-05-01T01:41:07Z,6.471000000000001,0,Metinic
4487,2021-05-01T01:46:07Z,6.471000000000001,0,Metinic
4488,2021-05-01T01:51:07Z,6.471000000000001,0,Metinic
4489,2021-05-01T01:56:07Z,6.471000000000001,0,Metinic
4490,2021-05-01T02:01:07Z,6.471000000000001,0,Metinic
4491,2021-05-01T02:06:07Z,6.471000000000001,0,Metinic
4492,2021-05-01T02:11:07Z,6.471000000000001,0,Metinic
4493,2021-05-01T02:16:07Z,6.471000000000001,0,Metinic
4494,2021-05-01T02:21:07Z,6.471000000000001,0,Metinic
4495,2021-05-01T02:26:07Z,6.471000000000001,0,Metinic
4496,2021-05-01T02:31:07Z,6.471000000000001,0,Metinic
4497,2021-05-01T02:36:07Z,6.37,0,Metinic
4498,2021-05-01T02:41:07Z,6.37,0,Metinic
4499,2021-05-01T02:46:07Z,6.37,0,Metinic
4500,2021-05-01T02:51:07Z,6.37,0,Metinic
4501,2021-05-01T02:56:07Z,6.37,0,Metinic
4502,2021-05-01T03:01:07Z,6.37,0,Metinic
4503,2021-05-01T03:06:07Z,6.37,0,Metinic
4504,2021-05-01T03:11:07Z,6.37,0,Metinic
4505,2021-05-01T03:16:07Z,6.37,0,Metinic
4506,2021-05-01T03:21:07Z,6.37,0,Metinic
4507,2021-05-01T03:26:07Z,6.37,0,Metinic
4508,2021-05-01T03:31:07Z,6.37,0,Metinic
4509,2021-05-01T03:36:07Z,6.37,0,Metinic
4510,2021-05-01T03:41:07Z,6.471000000000001,0,Metinic
4511,2021-05-01T03:46:07Z,6.471000000000001,0,Metinic
4512,2021-05-01T03:51:07Z,6.37,0,Metinic
4513,2021-05-01T03:56:07Z,6.471000000000001,0,Metinic
4514,2021-05-01T04:01:07Z,6.471000000000001,0,Metinic
4515,2021-05-01T04:06:07Z,6.471000000000001,0,Metinic
4516,2021-05-01T04:11:07Z,6.471000000000001,0,Metinic
4517,2021-05-01T04:16:07Z,6.471000000000001,0,Metinic
4518,2021-05-01T04:21:07Z,6.37,0,Metinic
4519,2021-05-01T04:26:07Z,6.37,0,Metinic
4520,2021-05-01T04:31:07Z,6.37,0,Metinic
4521,2021-05-01T04:36:07Z,6.37,0,Metinic
4522,2021-05-01T04:41:07Z,6.37,0,Metinic
4523,2021-05-01T04:46:07Z,6.37,0,Metinic
4524,2021-05-01T04:51:07Z,6.37,0,Metinic
4525,2021-05-01T04:56:07Z,6.471000000000001,0,Metinic
4526,2021-05-01T05:01:07Z,6.471000000000001,0,Metinic
4527,2021-05-01T05:06:07Z,6.471000000000001,0,Metinic
4528,2021-05-01T05:11:07Z,6.471000000000001,0,Metinic
4529,2021-05-01T05:16:07Z,6.471000000000001,0,Metinic
4530,2021-05-01T05:21:07Z,6.471000000000001,0,Metinic
4531,2021-05-01T05:26:07Z,6.471000000000001,0,Metinic
4532,2021-05-01T05:31:07Z,6.471000000000001,0,Metinic
4533,2021-05-01T05:36:07Z,6.37,0,Metinic
4534,2021-05-01T05:41:07Z,6.37,0,Metinic
4535,2021-05-01T05:46:07Z,6.37,0,Metinic
4536,2021-05-01T05:51:07Z,6.37,0,Metinic
4537,2021-05-01T05:56:07Z,6.37,0,Metinic
4538,2021-05-01T06:01:07Z,6.37,0,Metinic
4539,2021-05-01T06:06:07Z,6.37,0,Metinic
4540,2021-05-01T06:11:07Z,6.37,0,Metinic
4541,2021-05-01T06:16:07Z,6.37,0,Metinic
4542,2021-05-01T06:21:07Z,6.37,0,Metinic
4543,2021-05-01T06:26:07Z,6.37,0,Metinic
4544,2021-05-01T06:31:07Z,6.37,0,Metinic
4545,2021-05-01T06:36:07Z,6.37,0,Metinic
4546,2021-05-01T06:41:07Z,6.37,0,Metinic
4547,2021-05-01T06:46:07Z,6.37,0,Metinic
4548,2021-05-01T06:51:07Z,6.37,0,Metinic
4549,2021-05-01T06:56:07Z,6.37,0,Metinic
4550,2021-05-01T07:01:07Z,6.37,0,Metinic
4551,2021-05-01T07:06:07Z,6.37,0,Metinic
4552,2021-05-01T07:11:07Z,6.37,0,Metinic
4553,2021-05-01T07:16:07Z,6.37,0,Metinic
4554,2021-05-01T07:21:07Z,6.37,0,Metinic
4555,2021-05-01T07:26:07Z,6.471000000000001,0,Metinic
4556,2021-05-01T07:31:07Z,6.471000000000001,0,Metinic
4557,2021-05-01T07:36:07Z,6.471000000000001,0,Metinic
4558,2021-05-01T07:41:07Z,6.471000000000001,0,Metinic
4559,2021-05-01T07:46:07Z,6.471000000000001,0,Metinic
4560,2021-05-01T07:51:07Z,6.471000000000001,0,Metinic
4561,2021-05-01T07:56:07Z,6.471000000000001,0,Metinic
4562,2021-05-01T08:01:07Z,6.471000000000001,0,Metinic
4563,2021-05-01T08:06:07Z,6.471000000000001,0,Metinic
4564,2021-05-01T08:11:07Z,6.471000000000001,0,Metinic
4565,2021-05-01T08:16:07Z,6.471000000000001,0,Metinic
4566,2021-05-01T08:21:07Z,6.471000000000001,0,Metinic
4567,2021-05-01T08:26:07Z,6.471000000000001,0,Metinic
4568,2021-05-01T08:31:07Z,6.471000000000001,0,Metinic
4569,2021-05-01T08:36:07Z,6.471000000000001,0,Metinic
4570,2021-05-01T08:41:07Z,6.471000000000001,0,Metinic
4571,2021-05-01T08:46:07Z,6.471000000000001,0,Metinic
4572,2021-05-01T08:51:07Z,6.471000000000001,0,Metinic
4573,2021-05-01T08:56:07Z,6.37,0,Metinic
4574,2021-05-01T09:01:07Z,6.37,0,Metinic
4575,2021-05-01T09:06:07Z,6.37,0,Metinic
4576,2021-05-01T09:11:07Z,6.471000000000001,0,Metinic
4577,2021-05-01T09:16:07Z,6.471000000000001,0,Metinic
4578,2021-05-01T09:21:07Z,6.471000000000001,0,Metinic
4579,2021-05-01T09:26:07Z,6.471000000000001,0,Metinic
4580,2021-05-01T09:31:07Z,6.471000000000001,0,Metinic
4581,2021-05-01T09:36:07Z,6.471000000000001,0,Metinic
4582,2021-05-01T09:41:07Z,6.471000000000001,2,Metinic
4583,2021-05-01T09:46:07Z,6.471000000000001,2,Metinic
4584,2021-05-01T09:51:07Z,6.471000000000001,2,Metinic
4585,2021-05-01T09:56:07Z,6.471000000000001,6,Metinic
4586,2021-05-01T10:01:07Z,6.471000000000001,7,Metinic
4587,2021-05-01T10:06:07Z,6.471000000000001,8,Metinic
4588,2021-05-01T10:11:07Z,6.573,13,Metinic
4589,2021-05-01T10:16:07Z,6.573,21,Metinic
4590,2021-05-01T10:21:07Z,6.573,18,Metinic
4591,2021-05-01T10:26:07Z,6.6739999999999995,35,Metinic
4592,2021-05-01T10:31:07Z,6.6739999999999995,23,Metinic
4593,2021-05-01T10:36:07Z,6.6739999999999995,25,Metinic
4594,2021-05-01T10:41:07Z,6.6739999999999995,28,Metinic
4595,2021-05-01T10:46:07Z,6.6739999999999995,30,Metinic
4596,2021-05-01T10:51:07Z,6.6739999999999995,34,Metinic
4597,2021-05-01T10:56:07Z,6.6739999999999995,33,Metinic
4598,2021-05-01T11:01:07Z,6.6739999999999995,39,Metinic
4599,2021-05-01T11:06:07Z,6.6739999999999995,69,Metinic
4600,2021-05-01T11:11:07Z,6.6739999999999995,41,Metinic
4601,2021-05-01T11:16:07Z,6.6739999999999995,93,Metinic
4602,2021-05-01T11:21:07Z,6.6739999999999995,45,Metinic
4603,2021-05-01T11:26:07Z,6.6739999999999995,44,Metinic
4604,2021-05-01T11:31:07Z,6.6739999999999995,26,Metinic
4605,2021-05-01T11:36:07Z,6.6739999999999995,70,Metinic
4606,2021-05-01T11:41:07Z,6.6739999999999995,65,Metinic
4607,2021-05-01T11:46:07Z,6.6739999999999995,53,Metinic
4608,2021-05-01T11:51:07Z,6.775,67,Metinic
4609,2021-05-01T11:56:07Z,6.6739999999999995,60,Metinic
4610,2021-05-01T12:01:07Z,6.6739999999999995,100,Metinic
4611,2021-05-01T12:06:07Z,6.6739999999999995,136,Metinic
4612,2021-05-01T12:11:07Z,6.6739999999999995,66,Metinic
4613,2021-05-01T12:16:07Z,6.775,99,Metinic
4614,2021-05-01T12:21:07Z,6.775,68,Metinic
4615,2021-05-01T12:26:07Z,6.775,63,Metinic
4616,2021-05-01T12:31:07Z,6.775,77,Metinic
4617,2021-05-01T12:36:07Z,6.775,69,Metinic
4618,2021-05-01T12:41:07Z,6.775,104,Metinic
4619,2021-05-01T12:46:07Z,6.775,75,Metinic
4620,2021-05-01T12:51:07Z,6.775,68,Metinic
4621,2021-05-01T12:56:07Z,6.775,67,Metinic
4622,2021-05-01T13:01:07Z,6.775,94,Metinic
4623,2021-05-01T13:06:07Z,6.877,152,Metinic
4624,2021-05-01T13:11:07Z,6.877,94,Metinic
4625,2021-05-01T13:16:07Z,6.877,105,Metinic
4626,2021-05-01T13:21:07Z,6.877,144,Metinic
4627,2021-05-01T13:26:07Z,6.775,114,Metinic
4628,2021-05-01T13:31:07Z,6.877,272,Metinic
4629,2021-05-01T13:36:07Z,6.775,87,Metinic
4630,2021-05-01T13:41:07Z,6.775,91,Metinic
4631,2021-05-01T13:46:07Z,6.775,136,Metinic
4632,2021-05-01T13:51:07Z,6.6739999999999995,62,Metinic
4633,2021-05-01T13:56:07Z,6.6739999999999995,109,Metinic
4634,2021-05-01T14:01:07Z,6.6739999999999995,43,Metinic
4635,2021-05-01T14:06:07Z,6.775,168,Metinic
4636,2021-05-01T14:11:07Z,6.775,123,Metinic
4637,2021-05-01T14:16:07Z,6.775,95,Metinic
4638,2021-05-01T14:21:07Z,6.877,116,Metinic
4639,2021-05-01T14:26:07Z,6.877,94,Metinic
4640,2021-05-01T14:31:07Z,6.877,71,Metinic
4641,2021-05-01T14:36:07Z,6.775,106,Metinic
4642,2021-05-01T14:41:07Z,6.775,113,Metinic
4643,2021-05-01T14:46:07Z,6.775,107,Metinic
4644,2021-05-01T14:51:07Z,6.775,120,Metinic
4645,2021-05-01T14:56:07Z,6.877,256,Metinic
4646,2021-05-01T15:01:07Z,6.877,118,Metinic
4647,2021-05-01T15:06:07Z,6.877,113,Metinic
4648,2021-05-01T15:11:07Z,6.877,73,Metinic
4649,2021-05-01T15:16:07Z,6.877,70,Metinic
4650,2021-05-01T15:21:07Z,6.877,80,Metinic
4651,2021-05-01T15:26:07Z,6.877,128,Metinic
4652,2021-05-01T15:31:07Z,6.877,208,Metinic
4653,2021-05-01T15:36:07Z,6.877,168,Metinic
4654,2021-05-01T15:41:07Z,6.877,216,Metinic
4655,2021-05-01T15:46:07Z,6.877,192,Metinic
4656,2021-05-01T15:51:07Z,6.978000000000001,117,Metinic
4657,2021-05-01T15:56:07Z,6.978000000000001,288,Metinic
4658,2021-05-01T16:01:07Z,6.978000000000001,200,Metinic
4659,2021-05-01T16:06:07Z,6.978000000000001,117,Metinic
4660,2021-05-01T16:11:07Z,6.978000000000001,200,Metinic
4661,2021-05-01T16:16:07Z,6.978000000000001,152,Metinic
4662,2021-05-01T16:21:07Z,6.978000000000001,288,Metinic
4663,2021-05-01T16:26:07Z,6.877,115,Metinic
4664,2021-05-01T16:31:07Z,6.877,136,Metinic
4665,2021-05-01T16:36:07Z,6.877,75,Metinic
4666,2021-05-01T16:41:07Z,6.978000000000001,144,Metinic
4667,2021-05-01T16:46:07Z,6.978000000000001,136,Metinic
4668,2021-05-01T16:51:07Z,6.877,152,Metinic
4669,2021-05-01T16:56:07Z,6.877,136,Metinic
4670,2021-05-01T17:01:07Z,6.877,232,Metinic
4671,2021-05-01T17:06:07Z,6.877,176,Metinic
4672,2021-05-01T17:11:07Z,6.877,136,Metinic
4673,2021-05-01T17:16:07Z,6.877,304,Metinic
4674,2021-05-01T17:21:07Z,6.877,128,Metinic
4675,2021-05-01T17:26:07Z,6.877,68,Metinic
4676,2021-05-01T17:31:07Z,6.877,152,Metinic
4677,2021-05-01T17:36:07Z,6.877,176,Metinic
4678,2021-05-01T17:41:07Z,6.877,64,Metinic
4679,2021-05-01T17:46:07Z,6.877,118,Metinic
4680,2021-05-01T17:51:07Z,6.775,224,Metinic
4681,2021-05-01T17:56:07Z,6.877,272,Metinic
4682,2021-05-01T18:01:07Z,6.775,109,Metinic
4683,2021-05-01T18:06:07Z,6.775,176,Metinic
4684,2021-05-01T18:11:07Z,6.775,86,Metinic
4685,2021-05-01T18:16:07Z,6.775,152,Metinic
4686,2021-05-01T18:21:07Z,6.877,184,Metinic
4687,2021-05-01T18:26:07Z,6.877,336,Metinic
4688,2021-05-01T18:31:07Z,6.877,200,Metinic
4689,2021-05-01T18:36:07Z,6.877,55,Metinic
4690,2021-05-01T18:41:07Z,6.877,116,Metinic
4691,2021-05-01T18:46:07Z,6.775,144,Metinic
4692,2021-05-01T18:51:07Z,6.775,160,Metinic
4693,2021-05-01T18:56:07Z,6.775,184,Metinic
4694,2021-05-01T19:01:07Z,6.775,400,Metinic
4695,2021-05-01T19:06:07Z,6.775,304,Metinic
4696,2021-05-01T19:11:07Z,6.877,368,Metinic
4697,2021-05-01T19:16:07Z,6.877,192,Metinic
4698,2021-05-01T19:21:07Z,6.877,136,Metinic
4699,2021-05-01T19:26:07Z,6.877,120,Metinic
4700,2021-05-01T19:31:07Z,6.877,160,Metinic
4701,2021-05-01T19:36:07Z,6.877,288,Metinic
4702,2021-05-01T19:41:07Z,6.978000000000001,82,Metinic
4703,2021-05-01T19:46:07Z,6.978000000000001,160,Metinic
4704,2021-05-01T19:51:07Z,6.978000000000001,144,Metinic
4705,2021-05-01T19:56:07Z,6.978000000000001,136,Metinic
4706,2021-05-01T20:01:07Z,7.079000000000001,184,Metinic
4707,2021-05-01T20:06:07Z,7.079000000000001,168,Metinic
4708,2021-05-01T20:11:07Z,7.079000000000001,192,Metinic
4709,2021-05-01T20:16:07Z,7.079000000000001,160,Metinic
4710,2021-05-01T20:21:07Z,7.079000000000001,304,Metinic
4711,2021-05-01T20:26:07Z,7.079000000000001,152,Metinic
4712,2021-05-01T20:31:07Z,7.079000000000001,160,Metinic
4713,2021-05-01T20:36:07Z,6.978000000000001,168,Metinic
4714,2021-05-01T20:41:07Z,7.079000000000001,192,Metinic
4715,2021-05-01T20:46:07Z,7.079000000000001,224,Metinic
4716,2021-05-01T20:51:07Z,7.079000000000001,160,Metinic
4717,2021-05-01T20:56:07Z,6.978000000000001,144,Metinic
4718,2021-05-01T21:01:07Z,6.978000000000001,152,Metinic
4719,2021-05-01T21:06:07Z,6.978000000000001,176,Metinic
4720,2021-05-01T21:11:07Z,6.978000000000001,136,Metinic
4721,2021-05-01T21:16:07Z,7.079000000000001,124,Metinic
4722,2021-05-01T21:21:07Z,7.079000000000001,98,Metinic
4723,2021-05-01T21:26:07Z,7.079000000000001,128,Metinic
4724,2021-05-01T21:31:07Z,7.079000000000001,144,Metinic
4725,2021-05-01T21:36:07Z,6.978000000000001,136,Metinic
4726,2021-05-01T21:41:07Z,7.079000000000001,92,Metinic
4727,2021-05-01T21:46:07Z,7.079000000000001,144,Metinic
4728,2021-05-01T21:51:07Z,7.079000000000001,109,Metinic
4729,2021-05-01T21:56:07Z,7.079000000000001,81,Metinic
4730,2021-05-01T22:01:07Z,7.079000000000001,34,Metinic
4731,2021-05-01T22:06:07Z,7.079000000000001,74,Metinic
4732,2021-05-01T22:11:07Z,7.079000000000001,68,Metinic
4733,2021-05-01T22:16:07Z,7.079000000000001,44,Metinic
4734,2021-05-01T22:21:07Z,7.079000000000001,88,Metinic
4735,2021-05-01T22:26:07Z,7.079000000000001,76,Metinic
4736,2021-05-01T22:31:07Z,7.179,33,Metinic
4737,2021-05-01T22:36:07Z,7.179,62,Metinic
4738,2021-05-01T22:41:07Z,7.179,59,Metinic
4739,2021-05-01T22:46:07Z,7.179,46,Metinic
4740,2021-05-01T22:51:07Z,7.179,44,Metinic
4741,2021-05-01T22:56:07Z,7.179,33,Metinic
4742,2021-05-01T23:01:07Z,7.179,25,Metinic
4743,2021-05-01T23:06:07Z,7.179,20,Metinic
4744,2021-05-01T23:11:07Z,7.179,17,Metinic
4745,2021-05-01T23:16:07Z,7.179,24,Metinic
4746,2021-05-01T23:21:07Z,7.179,15,Metinic
4747,2021-05-01T23:26:07Z,7.179,8,Metinic
4748,2021-05-01T23:31:07Z,7.179,4,Metinic
4749,2021-05-01T23:36:07Z,7.179,2,Metinic
4750,2021-05-01T23:41:07Z,7.179,1,Metinic
4751,2021-05-01T23:46:07Z,7.179,0,Metinic
4752,2021-05-01T23:51:07Z,7.079000000000001,0,Metinic
4753,2021-05-01T23:56:07Z,7.079000000000001,0,Metinic
4754,2021-05-02T00:01:07Z,7.079000000000001,0,Metinic
4755,2021-05-02T00:06:07Z,7.079000000000001,0,Metinic
4756,2021-05-02T00:11:07Z,7.079000000000001,0,Metinic
4757,2021-05-02T00:16:07Z,7.079000000000001,0,Metinic
4758,2021-05-02T00:21:07Z,7.079000000000001,0,Metinic
4759,2021-05-02T00:26:07Z,7.079000000000001,0,Metinic
4760,2021-05-02T00:31:07Z,7.079000000000001,0,Metinic
4761,2021-05-02T00:36:07Z,7.079000000000001,0,Metinic
4762,2021-05-02T00:41:07Z,6.978000000000001,0,Metinic
4763,2021-05-02T00:46:07Z,6.978000000000001,0,Metinic
4764,2021-05-02T00:51:07Z,6.978000000000001,0,Metinic
4765,2021-05-02T00:56:07Z,7.079000000000001,0,Metinic
4766,2021-05-02T01:01:07Z,6.978000000000001,0,Metinic
4767,2021-05-02T01:06:07Z,6.978000000000001,0,Metinic
4768,2021-05-02T01:11:07Z,6.978000000000001,0,Metinic
4769,2021-05-02T01:16:07Z,6.978000000000001,0,Metinic
4770,2021-05-02T01:21:07Z,6.978000000000001,0,Metinic
4771,2021-05-02T01:26:07Z,6.978000000000001,0,Metinic
4772,2021-05-02T01:31:07Z,7.079000000000001,0,Metinic
4773,2021-05-02T01:36:07Z,7.079000000000001,0,Metinic
4774,2021-05-02T01:41:07Z,7.079000000000001,0,Metinic
4775,2021-05-02T01:46:07Z,7.079000000000001,0,Metinic
4776,2021-05-02T01:51:07Z,7.079000000000001,0,Metinic
4777,2021-05-02T01:56:07Z,7.079000000000001,0,Metinic
4778,2021-05-02T02:01:07Z,7.079000000000001,0,Metinic
4779,2021-05-02T02:06:07Z,7.079000000000001,0,Metinic
4780,2021-05-02T02:11:07Z,7.079000000000001,0,Metinic
4781,2021-05-02T02:16:07Z,7.179,0,Metinic
4782,2021-05-02T02:21:07Z,7.079000000000001,0,Metinic
4783,2021-05-02T02:26:07Z,7.079000000000001,0,Metinic
4784,2021-05-02T02:31:07Z,7.079000000000001,0,Metinic
4785,2021-05-02T02:36:07Z,7.079000000000001,0,Metinic
4786,2021-05-02T02:41:07Z,7.079000000000001,0,Metinic
4787,2021-05-02T02:46:07Z,7.079000000000001,0,Metinic
4788,2021-05-02T02:51:07Z,7.079000000000001,0,Metinic
4789,2021-05-02T02:56:07Z,7.079000000000001,0,Metinic
4790,2021-05-02T03:01:07Z,6.978000000000001,0,Metinic
4791,2021-05-02T03:06:07Z,6.978000000000001,0,Metinic
4792,2021-05-02T03:11:07Z,7.079000000000001,0,Metinic
4793,2021-05-02T03:16:07Z,7.079000000000001,0,Metinic
4794,2021-05-02T03:21:07Z,7.079000000000001,0,Metinic
4795,2021-05-02T03:26:07Z,7.079000000000001,0,Metinic
4796,2021-05-02T03:31:07Z,7.079000000000001,0,Metinic
4797,2021-05-02T03:36:07Z,7.079000000000001,0,Metinic
4798,2021-05-02T03:41:07Z,7.079000000000001,0,Metinic
4799,2021-05-02T03:46:07Z,7.079000000000001,0,Metinic
4800,2021-05-02T03:51:07Z,7.079000000000001,0,Metinic
4801,2021-05-02T03:56:07Z,7.079000000000001,0,Metinic
4802,2021-05-02T04:01:07Z,7.079000000000001,0,Metinic
4803,2021-05-02T04:06:07Z,7.079000000000001,0,Metinic
4804,2021-05-02T04:11:07Z,7.079000000000001,0,Metinic
4805,2021-05-02T04:16:07Z,7.079000000000001,0,Metinic
4806,2021-05-02T04:21:07Z,7.079000000000001,0,Metinic
4807,2021-05-02T04:26:07Z,7.079000000000001,0,Metinic
4808,2021-05-02T04:31:07Z,7.079000000000001,0,Metinic
4809,2021-05-02T04:36:07Z,7.079000000000001,0,Metinic
4810,2021-05-02T04:41:07Z,7.079000000000001,0,Metinic
4811,2021-05-02T04:46:07Z,7.079000000000001,0,Metinic
4812,2021-05-02T04:51:07Z,7.079000000000001,0,Metinic
4813,2021-05-02T04:56:07Z,7.079000000000001,0,Metinic
4814,2021-05-02T05:01:07Z,6.978000000000001,0,Metinic
4815,2021-05-02T05:06:07Z,6.978000000000001,0,Metinic
4816,2021-05-02T05:11:07Z,6.978000000000001,0,Metinic
4817,2021-05-02T05:16:07Z,6.978000000000001,0,Metinic
4818,2021-05-02T05:21:07Z,6.978000000000001,0,Metinic
4819,2021-05-02T05:26:07Z,6.978000000000001,0,Metinic
4820,2021-05-02T05:31:07Z,6.978000000000001,0,Metinic
4821,2021-05-02T05:36:07Z,6.978000000000001,0,Metinic
4822,2021-05-02T05:41:07Z,7.079000000000001,0,Metinic
4823,2021-05-02T05:46:07Z,7.079000000000001,0,Metinic
4824,2021-05-02T05:51:07Z,7.079000000000001,0,Metinic
4825,2021-05-02T05:56:07Z,7.079000000000001,0,Metinic
4826,2021-05-02T06:01:07Z,7.079000000000001,0,Metinic
4827,2021-05-02T06:06:07Z,7.079000000000001,0,Metinic
4828,2021-05-02T06:11:07Z,7.079000000000001,0,Metinic
4829,2021-05-02T06:16:07Z,7.079000000000001,0,Metinic
4830,2021-05-02T06:21:07Z,7.079000000000001,0,Metinic
4831,2021-05-02T06:26:07Z,7.079000000000001,0,Metinic
4832,2021-05-02T06:31:07Z,7.079000000000001,0,Metinic
4833,2021-05-02T06:36:07Z,7.079000000000001,0,Metinic
4834,2021-05-02T06:41:07Z,7.079000000000001,0,Metinic
4835,2021-05-02T06:46:07Z,7.079000000000001,0,Metinic
4836,2021-05-02T06:51:07Z,7.079000000000001,0,Metinic
4837,2021-05-02T06:56:07Z,7.079000000000001,0,Metinic
4838,2021-05-02T07:01:07Z,7.079000000000001,0,Metinic
4839,2021-05-02T07:06:07Z,7.079000000000001,0,Metinic
4840,2021-05-02T07:11:07Z,7.079000000000001,0,Metinic
4841,2021-05-02T07:16:07Z,7.079000000000001,0,Metinic
4842,2021-05-02T07:21:07Z,7.079000000000001,0,Metinic
4843,2021-05-02T07:26:07Z,7.079000000000001,0,Metinic
4844,2021-05-02T07:31:07Z,7.079000000000001,0,Metinic
4845,2021-05-02T07:36:07Z,7.079000000000001,0,Metinic
4846,2021-05-02T07:41:07Z,7.079000000000001,0,Metinic
4847,2021-05-02T07:46:07Z,7.079000000000001,0,Metinic
4848,2021-05-02T07:51:07Z,7.079000000000001,0,Metinic
4849,2021-05-02T07:56:07Z,7.079000000000001,0,Metinic
4850,2021-05-02T08:01:07Z,7.079000000000001,0,Metinic
4851,2021-05-02T08:06:07Z,7.079000000000001,0,Metinic
4852,2021-05-02T08:11:07Z,7.079000000000001,0,Metinic
4853,2021-05-02T08:16:07Z,7.079000000000001,0,Metinic
4854,2021-05-02T08:21:07Z,7.079000000000001,0,Metinic
4855,2021-05-02T08:26:07Z,7.079000000000001,0,Metinic
4856,2021-05-02T08:31:07Z,7.079000000000001,0,Metinic
4857,2021-05-02T08:36:07Z,7.079000000000001,0,Metinic
4858,2021-05-02T08:41:07Z,7.079000000000001,0,Metinic
4859,2021-05-02T08:46:07Z,7.079000000000001,0,Metinic
4860,2021-05-02T08:51:07Z,7.079000000000001,0,Metinic
4861,2021-05-02T08:56:07Z,7.079000000000001,0,Metinic
4862,2021-05-02T09:01:07Z,7.079000000000001,0,Metinic
4863,2021-05-02T09:06:07Z,7.079000000000001,0,Metinic
4864,2021-05-02T09:11:07Z,7.079000000000001,0,Metinic
4865,2021-05-02T09:16:07Z,7.079000000000001,0,Metinic
4866,2021-05-02T09:21:07Z,7.079000000000001,0,Metinic
4867,2021-05-02T09:26:07Z,7.079000000000001,0,Metinic
4868,2021-05-02T09:31:07Z,7.079000000000001,0,Metinic
4869,2021-05-02T09:36:07Z,7.079000000000001,0,Metinic
4870,2021-05-02T09:41:07Z,7.079000000000001,0,Metinic
4871,2021-05-02T09:46:07Z,7.079000000000001,0,Metinic
4872,2021-05-02T09:51:07Z,7.079000000000001,0,Metinic
4873,2021-05-02T09:56:07Z,7.079000000000001,0,Metinic
4874,2021-05-02T10:01:07Z,7.079000000000001,0,Metinic
4875,2021-05-02T10:06:07Z,7.079000000000001,0,Metinic
4876,2021-05-02T10:11:07Z,7.079000000000001,0,Metinic
4877,2021-05-02T10:16:07Z,7.079000000000001,0,Metinic
4878,2021-05-02T10:21:07Z,7.079000000000001,1,Metinic
4879,2021-05-02T10:26:07Z,7.079000000000001,1,Metinic
4880,2021-05-02T10:31:07Z,7.079000000000001,2,Metinic
4881,2021-05-02T10:36:07Z,7.079000000000001,3,Metinic
4882,2021-05-02T10:41:07Z,7.079000000000001,3,Metinic
4883,2021-05-02T10:46:07Z,7.079000000000001,5,Metinic
4884,2021-05-02T10:51:07Z,7.079000000000001,11,Metinic
4885,2021-05-02T10:56:07Z,7.079000000000001,13,Metinic
4886,2021-05-02T11:01:07Z,7.079000000000001,10,Metinic
4887,2021-05-02T11:06:07Z,7.079000000000001,10,Metinic
4888,2021-05-02T11:11:07Z,7.079000000000001,9,Metinic
4889,2021-05-02T11:16:07Z,7.079000000000001,11,Metinic
4890,2021-05-02T11:21:07Z,7.079000000000001,16,Metinic
4891,2021-05-02T11:26:07Z,7.079000000000001,20,Metinic
4892,2021-05-02T11:31:07Z,7.079000000000001,16,Metinic
4893,2021-05-02T11:36:07Z,7.079000000000001,18,Metinic
4894,2021-05-02T11:41:07Z,7.079000000000001,24,Metinic
4895,2021-05-02T11:46:07Z,7.079000000000001,27,Metinic
4896,2021-05-02T11:51:07Z,7.079000000000001,29,Metinic
4897,2021-05-02T11:56:07Z,7.079000000000001,58,Metinic
4898,2021-05-02T12:01:07Z,7.079000000000001,37,Metinic
4899,2021-05-02T12:06:07Z,7.079000000000001,52,Metinic
4900,2021-05-02T12:11:07Z,6.978000000000001,33,Metinic
4901,2021-05-02T12:16:07Z,6.978000000000001,41,Metinic
4902,2021-05-02T12:21:07Z,6.978000000000001,69,Metinic
4903,2021-05-02T12:26:07Z,6.978000000000001,38,Metinic
4904,2021-05-02T12:31:07Z,6.978000000000001,55,Metinic
4905,2021-05-02T12:36:07Z,7.079000000000001,120,Metinic
4906,2021-05-02T12:41:07Z,6.978000000000001,87,Metinic
4907,2021-05-02T12:46:07Z,6.978000000000001,90,Metinic
4908,2021-05-02T12:51:07Z,6.978000000000001,95,Metinic
4909,2021-05-02T12:56:07Z,6.978000000000001,94,Metinic
4910,2021-05-02T13:01:07Z,6.978000000000001,106,Metinic
4911,2021-05-02T13:06:07Z,6.978000000000001,84,Metinic
4912,2021-05-02T13:11:07Z,6.978000000000001,136,Metinic
4913,2021-05-02T13:16:07Z,6.978000000000001,256,Metinic
4914,2021-05-02T13:21:07Z,6.978000000000001,114,Metinic
4915,2021-05-02T13:26:07Z,6.978000000000001,152,Metinic
4916,2021-05-02T13:31:07Z,6.978000000000001,108,Metinic
4917,2021-05-02T13:36:07Z,6.978000000000001,128,Metinic
4918,2021-05-02T13:41:07Z,6.978000000000001,125,Metinic
4919,2021-05-02T13:46:07Z,7.079000000000001,120,Metinic
4920,2021-05-02T13:51:07Z,6.978000000000001,128,Metinic
4921,2021-05-02T13:56:07Z,6.978000000000001,118,Metinic
4922,2021-05-02T14:01:07Z,6.978000000000001,114,Metinic
4923,2021-05-02T14:06:07Z,6.978000000000001,69,Metinic
4924,2021-05-02T14:11:07Z,6.978000000000001,112,Metinic
4925,2021-05-02T14:16:07Z,6.978000000000001,240,Metinic
4926,2021-05-02T14:21:07Z,6.978000000000001,368,Metinic
4927,2021-05-02T14:26:07Z,6.978000000000001,256,Metinic
4928,2021-05-02T14:31:07Z,6.877,116,Metinic
4929,2021-05-02T14:36:07Z,6.978000000000001,116,Metinic
4930,2021-05-02T14:41:07Z,7.079000000000001,111,Metinic
4931,2021-05-02T14:46:07Z,7.079000000000001,168,Metinic
4932,2021-05-02T14:51:07Z,7.079000000000001,184,Metinic
4933,2021-05-02T14:56:07Z,7.079000000000001,110,Metinic
4934,2021-05-02T15:01:07Z,7.179,104,Metinic
4935,2021-05-02T15:06:07Z,7.179,128,Metinic
4936,2021-05-02T15:11:07Z,7.179,76,Metinic
4937,2021-05-02T15:16:07Z,7.28,256,Metinic
4938,2021-05-02T15:21:07Z,7.179,144,Metinic
4939,2021-05-02T15:26:07Z,7.28,192,Metinic
4940,2021-05-02T15:31:07Z,7.28,152,Metinic
4941,2021-05-02T15:36:07Z,6.978000000000001,168,Metinic
4942,2021-05-02T15:41:07Z,6.978000000000001,128,Metinic
4943,2021-05-02T15:46:07Z,6.877,128,Metinic
4944,2021-05-02T15:51:07Z,6.775,192,Metinic
4945,2021-05-02T15:56:07Z,6.775,92,Metinic
4946,2021-05-02T16:01:07Z,6.775,64,Metinic
4947,2021-05-02T16:06:07Z,6.775,103,Metinic
4948,2021-05-02T16:11:07Z,6.775,93,Metinic
4949,2021-05-02T16:16:07Z,6.775,60,Metinic
4950,2021-05-02T16:21:07Z,6.775,57,Metinic
4951,2021-05-02T16:26:07Z,6.775,79,Metinic
4952,2021-05-02T16:31:07Z,6.877,77,Metinic
4953,2021-05-02T16:36:07Z,6.775,75,Metinic
4954,2021-05-02T16:41:07Z,6.877,76,Metinic
4955,2021-05-02T16:46:07Z,6.877,98,Metinic
4956,2021-05-02T16:51:07Z,6.877,109,Metinic
4957,2021-05-02T16:56:07Z,6.775,115,Metinic
4958,2021-05-02T17:01:07Z,6.877,200,Metinic
4959,2021-05-02T17:06:07Z,6.877,121,Metinic
4960,2021-05-02T17:11:07Z,6.775,192,Metinic
4961,2021-05-02T17:16:07Z,6.775,99,Metinic
4962,2021-05-02T17:21:07Z,6.877,184,Metinic
4963,2021-05-02T17:26:07Z,6.877,160,Metinic
4964,2021-05-02T17:31:07Z,6.877,480,Metinic
4965,2021-05-02T17:36:07Z,6.978000000000001,152,Metinic
4966,2021-05-02T17:41:07Z,6.978000000000001,144,Metinic
4967,2021-05-02T17:46:07Z,6.978000000000001,288,Metinic
4968,2021-05-02T17:51:07Z,6.978000000000001,103,Metinic
4969,2021-05-02T17:56:07Z,6.877,86,Metinic
4970,2021-05-02T18:01:07Z,6.877,184,Metinic
4971,2021-05-02T18:06:07Z,6.877,256,Metinic
4972,2021-05-02T18:11:07Z,6.877,160,Metinic
4973,2021-05-02T18:16:07Z,6.775,66,Metinic
4974,2021-05-02T18:21:07Z,6.877,136,Metinic
4975,2021-05-02T18:26:07Z,6.877,136,Metinic
4976,2021-05-02T18:31:07Z,6.877,128,Metinic
4977,2021-05-02T18:36:07Z,6.978000000000001,118,Metinic
4978,2021-05-02T18:41:07Z,7.079000000000001,152,Metinic
4979,2021-05-02T18:46:07Z,7.079000000000001,152,Metinic
4980,2021-05-02T18:51:07Z,7.079000000000001,136,Metinic
4981,2021-05-02T18:56:07Z,7.079000000000001,77,Metinic
4982,2021-05-02T19:01:07Z,7.179,152,Metinic
4983,2021-05-02T19:06:07Z,7.179,102,Metinic
4984,2021-05-02T19:11:07Z,7.179,144,Metinic
4985,2021-05-02T19:16:07Z,7.179,104,Metinic
4986,2021-05-02T19:21:07Z,7.179,136,Metinic
4987,2021-05-02T19:26:07Z,7.179,59,Metinic
4988,2021-05-02T19:31:07Z,7.28,49,Metinic
4989,2021-05-02T19:36:07Z,7.28,69,Metinic
4990,2021-05-02T19:41:07Z,7.28,47,Metinic
4991,2021-05-02T19:46:07Z,7.28,63,Metinic
4992,2021-05-02T19:51:07Z,7.28,61,Metinic
4993,2021-05-02T19:56:07Z,7.079000000000001,117,Metinic
4994,2021-05-02T20:01:07Z,7.079000000000001,126,Metinic
4995,2021-05-02T20:06:07Z,7.079000000000001,176,Metinic
4996,2021-05-02T20:11:07Z,7.079000000000001,102,Metinic
4997,2021-05-02T20:16:07Z,7.079000000000001,144,Metinic
4998,2021-05-02T20:21:07Z,7.079000000000001,200,Metinic
4999,2021-05-02T20:26:07Z,7.079000000000001,184,Metinic
5000,2021-05-02T20:31:07Z,6.978000000000001,80,Metinic
5001,2021-05-02T20:36:07Z,6.978000000000001,65,Metinic
5002,2021-05-02T20:41:07Z,7.079000000000001,106,Metinic
5003,2021-05-02T20:46:07Z,7.179,176,Metinic
5004,2021-05-02T20:51:07Z,7.179,128,Metinic
5005,2021-05-02T20:56:07Z,7.28,184,Metinic
5006,2021-05-02T21:01:07Z,7.381,111,Metinic
5007,2021-05-02T21:06:07Z,7.381,128,Metinic
5008,2021-05-02T21:11:07Z,7.381,128,Metinic
5009,2021-05-02T21:16:07Z,7.481000000000001,144,Metinic
5010,2021-05-02T21:21:07Z,7.481000000000001,101,Metinic
5011,2021-05-02T21:26:07Z,7.481000000000001,125,Metinic
5012,2021-05-02T21:31:07Z,7.481000000000001,96,Metinic
5013,2021-05-02T21:36:07Z,7.481000000000001,83,Metinic
5014,2021-05-02T21:41:07Z,7.481000000000001,95,Metinic
5015,2021-05-02T21:46:07Z,7.481000000000001,83,Metinic
5016,2021-05-02T21:51:07Z,7.481000000000001,94,Metinic
5017,2021-05-02T21:56:07Z,7.381,78,Metinic
5018,2021-05-02T22:01:07Z,7.381,84,Metinic
5019,2021-05-02T22:06:07Z,7.481000000000001,64,Metinic
5020,2021-05-02T22:11:07Z,7.381,62,Metinic
5021,2021-05-02T22:16:07Z,7.481000000000001,58,Metinic
5022,2021-05-02T22:21:07Z,7.481000000000001,49,Metinic
5023,2021-05-02T22:26:07Z,7.381,49,Metinic
5024,2021-05-02T22:31:07Z,7.381,45,Metinic
5025,2021-05-02T22:36:07Z,7.381,42,Metinic
5026,2021-05-02T22:41:07Z,7.381,32,Metinic
5027,2021-05-02T22:46:07Z,7.381,17,Metinic
5028,2021-05-02T22:51:07Z,7.381,23,Metinic
5029,2021-05-02T22:56:07Z,7.381,15,Metinic
5030,2021-05-02T23:01:07Z,7.381,11,Metinic
5031,2021-05-02T23:06:07Z,7.381,12,Metinic
5032,2021-05-02T23:11:07Z,7.381,6,Metinic
5033,2021-05-02T23:16:07Z,7.381,6,Metinic
5034,2021-05-02T23:21:07Z,7.28,7,Metinic
5035,2021-05-02T23:26:07Z,7.28,4,Metinic
5036,2021-05-02T23:31:07Z,7.179,1,Metinic
5037,2021-05-02T23:36:07Z,7.179,2,Metinic
5038,2021-05-02T23:41:07Z,7.079000000000001,0,Metinic
5039,2021-05-02T23:46:07Z,6.978000000000001,0,Metinic
5040,2021-05-02T23:51:07Z,6.978000000000001,0,Metinic
5041,2021-05-02T23:56:07Z,6.978000000000001,0,Metinic
5042,2021-05-03T00:01:07Z,6.978000000000001,0,Metinic
5043,2021-05-03T00:06:07Z,6.978000000000001,0,Metinic
5044,2021-05-03T00:11:07Z,6.877,0,Metinic
5045,2021-05-03T00:16:07Z,6.877,0,Metinic
5046,2021-05-03T00:21:07Z,6.877,0,Metinic
5047,2021-05-03T00:26:07Z,6.877,0,Metinic
5048,2021-05-03T00:31:07Z,6.877,0,Metinic
5049,2021-05-03T00:36:07Z,6.775,0,Metinic
5050,2021-05-03T00:41:07Z,6.775,0,Metinic
5051,2021-05-03T00:46:07Z,6.775,0,Metinic
5052,2021-05-03T00:51:07Z,6.775,0,Metinic
5053,2021-05-03T00:56:07Z,6.775,0,Metinic
5054,2021-05-03T01:01:07Z,6.775,0,Metinic
5055,2021-05-03T01:06:07Z,6.775,0,Metinic
5056,2021-05-03T01:11:07Z,6.775,0,Metinic
5057,2021-05-03T01:16:07Z,6.775,0,Metinic
5058,2021-05-03T01:21:07Z,6.775,0,Metinic
5059,2021-05-03T01:26:07Z,6.775,0,Metinic
5060,2021-05-03T01:31:07Z,6.775,0,Metinic
5061,2021-05-03T01:36:07Z,6.775,0,Metinic
5062,2021-05-03T01:41:07Z,6.775,0,Metinic
5063,2021-05-03T01:46:07Z,6.775,0,Metinic
5064,2021-05-03T01:51:07Z,6.775,0,Metinic
5065,2021-05-03T01:56:07Z,6.775,0,Metinic
5066,2021-05-03T02:01:07Z,6.775,0,Metinic
5067,2021-05-03T02:06:07Z,6.775,0,Metinic
5068,2021-05-03T02:11:07Z,6.775,0,Metinic
5069,2021-05-03T02:16:07Z,6.6739999999999995,0,Metinic
5070,2021-05-03T02:21:07Z,6.6739999999999995,0,Metinic
5071,2021-05-03T02:26:07Z,6.6739999999999995,0,Metinic
5072,2021-05-03T02:31:07Z,6.6739999999999995,0,Metinic
5073,2021-05-03T02:36:07Z,6.775,0,Metinic
5074,2021-05-03T02:41:07Z,6.6739999999999995,0,Metinic
5075,2021-05-03T02:46:07Z,6.775,0,Metinic
5076,2021-05-03T02:51:07Z,6.775,0,Metinic
5077,2021-05-03T02:56:07Z,6.775,0,Metinic
5078,2021-05-03T03:01:07Z,6.775,0,Metinic
5079,2021-05-03T03:06:07Z,6.775,0,Metinic
5080,2021-05-03T03:11:07Z,6.775,0,Metinic
5081,2021-05-03T03:16:07Z,6.775,0,Metinic
5082,2021-05-03T03:21:07Z,6.775,0,Metinic
5083,2021-05-03T03:26:07Z,6.775,0,Metinic
5084,2021-05-03T03:31:07Z,6.775,0,Metinic
5085,2021-05-03T03:36:07Z,6.6739999999999995,0,Metinic
5086,2021-05-03T03:41:07Z,6.6739999999999995,0,Metinic
5087,2021-05-03T03:46:07Z,6.6739999999999995,0,Metinic
5088,2021-05-03T03:51:07Z,6.6739999999999995,0,Metinic
5089,2021-05-03T03:56:07Z,6.6739999999999995,0,Metinic
5090,2021-05-03T04:01:07Z,6.6739999999999995,0,Metinic
5091,2021-05-03T04:06:07Z,6.6739999999999995,0,Metinic
5092,2021-05-03T04:11:07Z,6.6739999999999995,0,Metinic
5093,2021-05-03T04:16:07Z,6.6739999999999995,0,Metinic
5094,2021-05-03T04:21:07Z,6.6739999999999995,0,Metinic
5095,2021-05-03T04:26:07Z,6.6739999999999995,0,Metinic
5096,2021-05-03T04:31:07Z,6.6739999999999995,0,Metinic
5097,2021-05-03T04:36:07Z,6.6739999999999995,0,Metinic
5098,2021-05-03T04:41:07Z,6.6739999999999995,0,Metinic
5099,2021-05-03T04:46:07Z,6.6739999999999995,0,Metinic
5100,2021-05-03T04:51:07Z,6.775,0,Metinic
5101,2021-05-03T04:56:07Z,6.775,0,Metinic
5102,2021-05-03T05:01:07Z,6.775,0,Metinic
5103,2021-05-03T05:06:07Z,6.775,0,Metinic
5104,2021-05-03T05:11:07Z,6.775,0,Metinic
5105,2021-05-03T05:16:07Z,6.775,0,Metinic
5106,2021-05-03T05:21:07Z,6.775,0,Metinic
5107,2021-05-03T05:26:07Z,6.775,0,Metinic
5108,2021-05-03T05:31:07Z,6.775,0,Metinic
5109,2021-05-03T05:36:07Z,6.775,0,Metinic
5110,2021-05-03T05:41:07Z,6.775,0,Metinic
5111,2021-05-03T05:46:07Z,6.775,0,Metinic
5112,2021-05-03T05:51:07Z,6.775,0,Metinic
5113,2021-05-03T05:56:07Z,6.775,0,Metinic
5114,2021-05-03T06:01:07Z,6.775,0,Metinic
5115,2021-05-03T06:06:07Z,6.775,0,Metinic
5116,2021-05-03T06:11:07Z,6.775,0,Metinic
5117,2021-05-03T06:16:07Z,6.775,0,Metinic
5118,2021-05-03T06:21:07Z,6.775,0,Metinic
5119,2021-05-03T06:26:07Z,6.6739999999999995,0,Metinic
5120,2021-05-03T06:31:07Z,6.6739999999999995,0,Metinic
5121,2021-05-03T06:36:07Z,6.6739999999999995,0,Metinic
5122,2021-05-03T06:41:07Z,6.775,0,Metinic
5123,2021-05-03T06:46:07Z,6.775,0,Metinic
5124,2021-05-03T06:51:07Z,6.775,0,Metinic
5125,2021-05-03T06:56:07Z,6.775,0,Metinic
5126,2021-05-03T07:01:07Z,6.775,0,Metinic
5127,2021-05-03T07:06:07Z,6.775,0,Metinic
5128,2021-05-03T07:11:07Z,6.877,0,Metinic
5129,2021-05-03T07:16:07Z,6.775,0,Metinic
5130,2021-05-03T07:21:07Z,6.775,0,Metinic
5131,2021-05-03T07:26:07Z,6.775,0,Metinic
5132,2021-05-03T07:31:07Z,6.775,0,Metinic
5133,2021-05-03T07:36:07Z,6.775,0,Metinic
5134,2021-05-03T07:41:07Z,6.775,0,Metinic
5135,2021-05-03T07:46:07Z,6.775,0,Metinic
5136,2021-05-03T07:51:07Z,6.877,0,Metinic
5137,2021-05-03T07:56:07Z,6.775,0,Metinic
5138,2021-05-03T08:01:07Z,6.775,0,Metinic
5139,2021-05-03T08:06:07Z,6.775,0,Metinic
5140,2021-05-03T08:11:07Z,6.775,0,Metinic
5141,2021-05-03T08:16:07Z,6.775,0,Metinic
5142,2021-05-03T08:21:07Z,6.775,0,Metinic
5143,2021-05-03T08:26:07Z,6.775,0,Metinic
5144,2021-05-03T08:31:07Z,6.775,0,Metinic
5145,2021-05-03T08:36:07Z,6.775,0,Metinic
5146,2021-05-03T08:41:07Z,6.877,0,Metinic
5147,2021-05-03T08:46:07Z,6.877,0,Metinic
5148,2021-05-03T08:51:07Z,6.877,0,Metinic
5149,2021-05-03T08:56:07Z,6.978000000000001,0,Metinic
5150,2021-05-03T09:01:07Z,6.978000000000001,0,Metinic
5151,2021-05-03T09:06:07Z,6.877,0,Metinic
5152,2021-05-03T09:11:07Z,6.877,0,Metinic
5153,2021-05-03T09:16:07Z,6.877,0,Metinic
5154,2021-05-03T09:21:07Z,6.978000000000001,0,Metinic
5155,2021-05-03T09:26:07Z,6.978000000000001,0,Metinic
5156,2021-05-03T09:31:07Z,6.978000000000001,0,Metinic
5157,2021-05-03T09:36:07Z,6.978000000000001,0,Metinic
5158,2021-05-03T09:41:07Z,7.079000000000001,0,Metinic
5159,2021-05-03T09:46:07Z,7.079000000000001,1,Metinic
5160,2021-05-03T09:51:07Z,7.079000000000001,1,Metinic
5161,2021-05-03T09:56:07Z,7.079000000000001,1,Metinic
5162,2021-05-03T10:01:07Z,7.079000000000001,3,Metinic
5163,2021-05-03T10:06:07Z,7.079000000000001,2,Metinic
5164,2021-05-03T10:11:07Z,7.079000000000001,3,Metinic
5165,2021-05-03T10:16:07Z,7.079000000000001,1,Metinic
5166,2021-05-03T10:21:07Z,7.179,4,Metinic
5167,2021-05-03T10:26:07Z,7.179,9,Metinic
5168,2021-05-03T10:31:07Z,7.179,7,Metinic
5169,2021-05-03T10:36:07Z,7.179,11,Metinic
5170,2021-05-03T10:41:07Z,7.179,8,Metinic
5171,2021-05-03T10:46:07Z,7.179,15,Metinic
5172,2021-05-03T10:51:07Z,7.179,10,Metinic
5173,2021-05-03T10:56:07Z,7.179,30,Metinic
5174,2021-05-03T11:01:07Z,7.179,13,Metinic
5175,2021-05-03T11:06:07Z,7.179,18,Metinic
5176,2021-05-03T11:11:07Z,7.179,23,Metinic
5177,2021-05-03T11:16:07Z,7.179,27,Metinic
5178,2021-05-03T11:21:07Z,7.179,20,Metinic
5179,2021-05-03T11:26:07Z,7.179,19,Metinic
5180,2021-05-03T11:31:07Z,7.179,26,Metinic
5181,2021-05-03T11:36:07Z,7.179,28,Metinic
5182,2021-05-03T11:41:07Z,7.179,38,Metinic
5183,2021-05-03T11:46:07Z,7.079000000000001,21,Metinic
5184,2021-05-03T11:51:07Z,7.179,27,Metinic
5185,2021-05-03T11:56:07Z,7.179,37,Metinic
5186,2021-05-03T12:01:07Z,7.179,58,Metinic
5187,2021-05-03T12:06:07Z,7.179,33,Metinic
5188,2021-05-03T12:11:07Z,7.079000000000001,34,Metinic
5189,2021-05-03T12:16:07Z,7.079000000000001,34,Metinic
5190,2021-05-03T12:21:07Z,7.079000000000001,55,Metinic
5191,2021-05-03T12:26:07Z,7.079000000000001,64,Metinic
5192,2021-05-03T12:31:07Z,7.179,80,Metinic
5193,2021-05-03T12:36:07Z,7.179,66,Metinic
5194,2021-05-03T12:41:07Z,7.179,40,Metinic
5195,2021-05-03T12:46:07Z,7.179,44,Metinic
5196,2021-05-03T12:51:07Z,7.179,59,Metinic
5197,2021-05-03T12:56:07Z,7.179,36,Metinic
5198,2021-05-03T13:01:07Z,7.28,49,Metinic
5199,2021-05-03T13:06:07Z,7.28,75,Metinic
5200,2021-05-03T13:11:07Z,7.28,31,Metinic
5201,2021-05-03T13:16:07Z,7.28,116,Metinic
5202,2021-05-03T13:21:07Z,7.179,103,Metinic
5203,2021-05-03T13:26:07Z,7.179,136,Metinic
5204,2021-05-03T13:31:07Z,7.179,224,Metinic
5205,2021-05-03T13:36:07Z,7.179,99,Metinic
5206,2021-05-03T13:41:07Z,7.179,192,Metinic
5207,2021-05-03T13:46:07Z,7.179,240,Metinic
5208,2021-05-03T13:51:07Z,7.179,76,Metinic
5209,2021-05-03T13:56:07Z,7.179,55,Metinic
5210,2021-05-03T14:01:07Z,7.381,123,Metinic
5211,2021-05-03T14:06:07Z,7.381,168,Metinic
5212,2021-05-03T14:11:07Z,7.481000000000001,103,Metinic
5213,2021-05-03T14:16:07Z,7.481000000000001,80,Metinic
5214,2021-05-03T14:21:07Z,7.481000000000001,102,Metinic
5215,2021-05-03T14:26:07Z,7.481000000000001,128,Metinic
5216,2021-05-03T14:31:07Z,7.481000000000001,124,Metinic
5217,2021-05-03T14:36:07Z,7.481000000000001,216,Metinic
5218,2021-05-03T14:41:07Z,7.582,200,Metinic
5219,2021-05-03T14:46:07Z,7.481000000000001,98,Metinic
5220,2021-05-03T14:51:07Z,7.481000000000001,123,Metinic
5221,2021-05-03T14:56:07Z,7.481000000000001,184,Metinic
5222,2021-05-03T15:01:07Z,7.582,79,Metinic
5223,2021-05-03T15:06:07Z,7.481000000000001,110,Metinic
5224,2021-05-03T15:11:07Z,7.481000000000001,320,Metinic
5225,2021-05-03T15:16:07Z,7.481000000000001,136,Metinic
5226,2021-05-03T15:21:07Z,7.481000000000001,111,Metinic
5227,2021-05-03T15:26:07Z,7.481000000000001,98,Metinic
5228,2021-05-03T15:31:07Z,7.28,176,Metinic
5229,2021-05-03T15:36:07Z,7.28,74,Metinic
5230,2021-05-03T15:41:07Z,7.28,105,Metinic
5231,2021-05-03T15:46:07Z,7.28,184,Metinic
5232,2021-05-03T15:51:07Z,7.28,200,Metinic
5233,2021-05-03T15:56:07Z,7.28,136,Metinic
5234,2021-05-03T16:01:07Z,7.179,96,Metinic
5235,2021-05-03T16:06:07Z,7.179,176,Metinic
5236,2021-05-03T16:11:07Z,7.079000000000001,112,Metinic
5237,2021-05-03T16:16:07Z,7.079000000000001,144,Metinic
5238,2021-05-03T16:21:07Z,7.179,160,Metinic
5239,2021-05-03T16:26:07Z,7.179,120,Metinic
5240,2021-05-03T16:31:07Z,7.179,176,Metinic
5241,2021-05-03T16:36:07Z,7.28,152,Metinic
5242,2021-05-03T16:41:07Z,7.28,128,Metinic
5243,2021-05-03T16:46:07Z,7.179,288,Metinic
5244,2021-05-03T16:51:07Z,7.28,160,Metinic
5245,2021-05-03T16:56:07Z,7.179,184,Metinic
5246,2021-05-03T17:01:07Z,7.28,114,Metinic
5247,2021-05-03T17:06:07Z,7.28,115,Metinic
5248,2021-05-03T17:11:07Z,7.381,248,Metinic
5249,2021-05-03T17:16:07Z,7.381,192,Metinic
5250,2021-05-03T17:21:07Z,7.381,119,Metinic
5251,2021-05-03T17:26:07Z,7.381,102,Metinic
5252,2021-05-03T17:31:07Z,7.179,136,Metinic
5253,2021-05-03T17:36:07Z,7.179,48,Metinic
5254,2021-05-03T17:41:07Z,7.28,73,Metinic
5255,2021-05-03T17:46:07Z,7.28,74,Metinic
5256,2021-05-03T17:51:07Z,7.28,192,Metinic
5257,2021-05-03T17:56:07Z,7.179,83,Metinic
5258,2021-05-03T18:01:07Z,7.179,99,Metinic
5259,2021-05-03T18:06:07Z,7.179,176,Metinic
5260,2021-05-03T18:11:07Z,7.179,75,Metinic
5261,2021-05-03T18:16:07Z,7.28,64,Metinic
5262,2021-05-03T18:21:07Z,7.28,64,Metinic
5263,2021-05-03T18:26:07Z,7.28,17,Metinic
5264,2021-05-03T18:31:07Z,7.179,19,Metinic
5265,2021-05-03T18:36:07Z,7.179,33,Metinic
5266,2021-05-03T18:41:07Z,7.179,29,Metinic
5267,2021-05-03T18:46:07Z,7.28,41,Metinic
5268,2021-05-03T18:51:07Z,7.28,31,Metinic
5269,2021-05-03T18:56:07Z,7.28,38,Metinic
5270,2021-05-03T19:01:07Z,7.28,44,Metinic
5271,2021-05-03T19:06:07Z,7.381,40,Metinic
5272,2021-05-03T19:11:07Z,7.381,17,Metinic
5273,2021-05-03T19:16:07Z,7.381,40,Metinic
5274,2021-05-03T19:21:07Z,7.381,27,Metinic
5275,2021-05-03T19:26:07Z,7.381,25,Metinic
5276,2021-05-03T19:31:07Z,7.28,31,Metinic
5277,2021-05-03T19:36:07Z,7.28,18,Metinic
5278,2021-05-03T19:41:07Z,7.179,17,Metinic
5279,2021-05-03T19:46:07Z,7.179,16,Metinic
5280,2021-05-03T19:51:07Z,7.179,19,Metinic
5281,2021-05-03T19:56:07Z,7.179,24,Metinic
5282,2021-05-03T20:01:07Z,7.179,24,Metinic
5283,2021-05-03T20:06:07Z,7.179,50,Metinic
5284,2021-05-03T20:11:07Z,7.179,30,Metinic
5285,2021-05-03T20:16:07Z,7.179,27,Metinic
5286,2021-05-03T20:21:07Z,7.179,52,Metinic
5287,2021-05-03T20:26:07Z,7.179,35,Metinic
5288,2021-05-03T20:31:07Z,7.179,19,Metinic
5289,2021-05-03T20:36:07Z,7.179,13,Metinic
5290,2021-05-03T20:41:07Z,7.179,11,Metinic
5291,2021-05-03T20:46:07Z,7.179,12,Metinic
5292,2021-05-03T20:51:07Z,7.179,11,Metinic
5293,2021-05-03T20:56:07Z,7.179,14,Metinic
5294,2021-05-03T21:01:07Z,7.28,17,Metinic
5295,2021-05-03T21:06:07Z,7.179,27,Metinic
5296,2021-05-03T21:11:07Z,7.179,13,Metinic
5297,2021-05-03T21:16:07Z,7.179,27,Metinic
5298,2021-05-03T21:21:07Z,7.179,12,Metinic
5299,2021-05-03T21:26:07Z,7.28,12,Metinic
5300,2021-05-03T21:31:07Z,7.28,10,Metinic
5301,2021-05-03T21:36:07Z,7.28,10,Metinic
5302,2021-05-03T21:41:07Z,7.28,14,Metinic
5303,2021-05-03T21:46:07Z,7.28,10,Metinic
5304,2021-05-03T21:51:07Z,7.28,9,Metinic
5305,2021-05-03T21:56:07Z,7.381,8,Metinic
5306,2021-05-03T22:01:07Z,7.381,8,Metinic
5307,2021-05-03T22:06:07Z,7.381,9,Metinic
5308,2021-05-03T22:11:07Z,7.381,7,Metinic
5309,2021-05-03T22:16:07Z,7.28,9,Metinic
5310,2021-05-03T22:21:07Z,7.179,11,Metinic
5311,2021-05-03T22:26:07Z,7.28,12,Metinic
5312,2021-05-03T22:31:07Z,7.28,7,Metinic
5313,2021-05-03T22:36:07Z,7.381,23,Metinic
5314,2021-05-03T22:41:07Z,7.381,27,Metinic
5315,2021-05-03T22:46:07Z,7.381,8,Metinic
5316,2021-05-03T22:51:07Z,7.381,13,Metinic
5317,2021-05-03T22:56:07Z,7.28,13,Metinic
5318,2021-05-03T23:01:07Z,7.28,9,Metinic
5319,2021-05-03T23:06:07Z,7.28,7,Metinic
5320,2021-05-03T23:11:07Z,7.381,6,Metinic
5321,2021-05-03T23:16:07Z,7.381,6,Metinic
5322,2021-05-03T23:21:07Z,7.381,4,Metinic
5323,2021-05-03T23:26:07Z,7.381,2,Metinic
5324,2021-05-03T23:31:07Z,7.381,4,Metinic
5325,2021-05-03T23:36:07Z,7.381,1,Metinic
5326,2021-05-03T23:41:07Z,7.381,0,Metinic
5327,2021-05-03T23:46:07Z,7.381,0,Metinic
5328,2021-05-03T23:51:07Z,7.381,0,Metinic
5329,2021-05-03T23:56:07Z,7.381,0,Metinic
5330,2021-05-04T00:01:07Z,7.381,0,Metinic
5331,2021-05-04T00:06:07Z,7.381,0,Metinic
5332,2021-05-04T00:11:07Z,7.381,0,Metinic
5333,2021-05-04T00:16:07Z,7.381,0,Metinic
5334,2021-05-04T00:21:07Z,7.28,0,Metinic
5335,2021-05-04T00:26:07Z,7.28,0,Metinic
5336,2021-05-04T00:31:07Z,7.179,0,Metinic
5337,2021-05-04T00:36:07Z,7.079000000000001,0,Metinic
5338,2021-05-04T00:41:07Z,7.079000000000001,0,Metinic
5339,2021-05-04T00:46:07Z,7.079000000000001,0,Metinic
5340,2021-05-04T00:51:07Z,7.079000000000001,0,Metinic
5341,2021-05-04T00:56:07Z,6.978000000000001,0,Metinic
5342,2021-05-04T01:01:07Z,6.978000000000001,0,Metinic
5343,2021-05-04T01:06:07Z,6.978000000000001,0,Metinic
5344,2021-05-04T01:11:07Z,6.877,0,Metinic
5345,2021-05-04T01:16:07Z,6.877,0,Metinic
5346,2021-05-04T01:21:07Z,6.877,0,Metinic
5347,2021-05-04T01:26:07Z,6.877,0,Metinic
5348,2021-05-04T01:31:07Z,6.877,0,Metinic
5349,2021-05-04T01:36:07Z,6.877,0,Metinic
5350,2021-05-04T01:41:07Z,6.877,0,Metinic
5351,2021-05-04T01:46:07Z,6.877,0,Metinic
5352,2021-05-04T01:51:07Z,6.877,0,Metinic
5353,2021-05-04T01:56:07Z,6.877,0,Metinic
5354,2021-05-04T02:01:07Z,6.877,0,Metinic
5355,2021-05-04T02:06:07Z,6.877,0,Metinic
5356,2021-05-04T02:11:07Z,6.877,0,Metinic
5357,2021-05-04T02:16:07Z,6.877,0,Metinic
5358,2021-05-04T02:21:07Z,6.877,0,Metinic
5359,2021-05-04T02:26:07Z,6.877,0,Metinic
5360,2021-05-04T02:31:07Z,6.877,0,Metinic
5361,2021-05-04T02:36:07Z,6.877,0,Metinic
5362,2021-05-04T02:41:07Z,6.877,0,Metinic
5363,2021-05-04T02:46:07Z,6.978000000000001,0,Metinic
5364,2021-05-04T02:51:07Z,6.978000000000001,0,Metinic
5365,2021-05-04T02:56:07Z,6.978000000000001,0,Metinic
5366,2021-05-04T03:01:07Z,6.978000000000001,0,Metinic
5367,2021-05-04T03:06:07Z,6.978000000000001,0,Metinic
5368,2021-05-04T03:11:07Z,6.978000000000001,0,Metinic
5369,2021-05-04T03:16:07Z,6.877,0,Metinic
5370,2021-05-04T03:21:07Z,6.877,0,Metinic
5371,2021-05-04T03:26:07Z,6.877,0,Metinic
5372,2021-05-04T03:31:07Z,6.877,0,Metinic
5373,2021-05-04T03:36:07Z,6.877,0,Metinic
5374,2021-05-04T03:41:07Z,6.877,0,Metinic
5375,2021-05-04T03:46:07Z,6.877,0,Metinic
5376,2021-05-04T03:51:07Z,6.877,0,Metinic
5377,2021-05-04T03:56:07Z,6.877,0,Metinic
5378,2021-05-04T04:01:07Z,6.877,0,Metinic
5379,2021-05-04T04:06:07Z,6.877,0,Metinic
5380,2021-05-04T04:11:07Z,6.877,0,Metinic
5381,2021-05-04T04:16:07Z,6.877,0,Metinic
5382,2021-05-04T04:21:07Z,6.775,0,Metinic
5383,2021-05-04T04:26:07Z,6.775,0,Metinic
5384,2021-05-04T04:31:07Z,6.775,0,Metinic
5385,2021-05-04T04:36:07Z,6.775,0,Metinic
5386,2021-05-04T04:41:07Z,6.775,0,Metinic
5387,2021-05-04T04:46:07Z,6.775,0,Metinic
5388,2021-05-04T04:51:07Z,6.775,0,Metinic
5389,2021-05-04T04:56:07Z,6.6739999999999995,0,Metinic
5390,2021-05-04T05:01:07Z,6.6739999999999995,0,Metinic
5391,2021-05-04T05:06:07Z,6.6739999999999995,0,Metinic
5392,2021-05-04T05:11:07Z,6.6739999999999995,0,Metinic
5393,2021-05-04T05:16:07Z,6.6739999999999995,0,Metinic
5394,2021-05-04T05:21:07Z,6.6739999999999995,0,Metinic
5395,2021-05-04T05:26:07Z,6.6739999999999995,0,Metinic
5396,2021-05-04T05:31:07Z,6.6739999999999995,0,Metinic
5397,2021-05-04T05:36:07Z,6.6739999999999995,0,Metinic
5398,2021-05-04T05:41:07Z,6.775,0,Metinic
5399,2021-05-04T05:46:07Z,6.775,0,Metinic
5400,2021-05-04T05:51:07Z,6.775,0,Metinic
5401,2021-05-04T05:56:07Z,6.877,0,Metinic
5402,2021-05-04T06:01:07Z,6.877,0,Metinic
5403,2021-05-04T06:06:07Z,6.877,0,Metinic
5404,2021-05-04T06:11:07Z,6.877,0,Metinic
5405,2021-05-04T06:16:07Z,6.877,0,Metinic
5406,2021-05-04T06:21:07Z,6.877,0,Metinic
5407,2021-05-04T06:26:07Z,6.877,0,Metinic
5408,2021-05-04T06:31:07Z,6.877,0,Metinic
5409,2021-05-04T06:36:07Z,6.877,0,Metinic
5410,2021-05-04T06:41:07Z,6.877,0,Metinic
5411,2021-05-04T06:46:07Z,6.877,0,Metinic
5412,2021-05-04T06:51:07Z,6.775,0,Metinic
5413,2021-05-04T06:56:07Z,6.775,0,Metinic
5414,2021-05-04T07:01:07Z,6.775,0,Metinic
5415,2021-05-04T07:06:07Z,6.775,0,Metinic
5416,2021-05-04T07:11:07Z,6.775,0,Metinic
5417,2021-05-04T07:16:07Z,6.775,0,Metinic
5418,2021-05-04T07:21:07Z,6.775,0,Metinic
5419,2021-05-04T07:26:07Z,6.877,0,Metinic
5420,2021-05-04T07:31:07Z,6.877,0,Metinic
5421,2021-05-04T07:36:07Z,6.877,0,Metinic
5422,2021-05-04T07:41:07Z,6.877,0,Metinic
5423,2021-05-04T07:46:07Z,6.877,0,Metinic
5424,2021-05-04T07:51:07Z,6.877,0,Metinic
5425,2021-05-04T07:56:07Z,6.978000000000001,0,Metinic
5426,2021-05-04T08:01:07Z,6.978000000000001,0,Metinic
5427,2021-05-04T08:06:07Z,6.978000000000001,0,Metinic
5428,2021-05-04T08:11:07Z,6.978000000000001,0,Metinic
5429,2021-05-04T08:16:07Z,6.978000000000001,0,Metinic
5430,2021-05-04T08:21:07Z,6.978000000000001,0,Metinic
5431,2021-05-04T08:26:07Z,6.978000000000001,0,Metinic
5432,2021-05-04T08:31:07Z,6.978000000000001,0,Metinic
5433,2021-05-04T08:36:07Z,6.978000000000001,0,Metinic
5434,2021-05-04T08:41:07Z,6.978000000000001,0,Metinic
5435,2021-05-04T08:46:07Z,6.978000000000001,0,Metinic
5436,2021-05-04T08:51:07Z,6.978000000000001,0,Metinic
5437,2021-05-04T08:56:07Z,6.978000000000001,0,Metinic
5438,2021-05-04T09:01:07Z,6.978000000000001,0,Metinic
5439,2021-05-04T09:06:07Z,6.978000000000001,0,Metinic
5440,2021-05-04T09:11:07Z,6.978000000000001,0,Metinic
5441,2021-05-04T09:16:07Z,6.978000000000001,0,Metinic
5442,2021-05-04T09:21:07Z,6.978000000000001,0,Metinic
5443,2021-05-04T09:26:07Z,6.978000000000001,0,Metinic
5444,2021-05-04T09:31:07Z,6.978000000000001,0,Metinic
5445,2021-05-04T09:36:07Z,6.978000000000001,0,Metinic
5446,2021-05-04T09:41:07Z,6.978000000000001,0,Metinic
5447,2021-05-04T09:46:07Z,6.877,0,Metinic
5448,2021-05-04T09:51:07Z,6.877,4,Metinic
5449,2021-05-04T09:56:07Z,6.978000000000001,4,Metinic
5450,2021-05-04T10:01:07Z,6.978000000000001,4,Metinic
5451,2021-05-04T10:06:07Z,6.978000000000001,4,Metinic
5452,2021-05-04T10:11:07Z,6.978000000000001,5,Metinic
5453,2021-05-04T10:16:07Z,7.079000000000001,4,Metinic
5454,2021-05-04T10:21:07Z,7.179,3,Metinic
5455,2021-05-04T10:26:07Z,7.179,9,Metinic
5456,2021-05-04T10:31:07Z,7.179,8,Metinic
5457,2021-05-04T10:36:07Z,7.079000000000001,11,Metinic
5458,2021-05-04T10:41:07Z,7.079000000000001,15,Metinic
5459,2021-05-04T10:46:07Z,7.079000000000001,11,Metinic
5460,2021-05-04T10:51:07Z,7.079000000000001,15,Metinic
5461,2021-05-04T10:56:07Z,7.079000000000001,12,Metinic
5462,2021-05-04T11:01:07Z,7.079000000000001,11,Metinic
5463,2021-05-04T11:06:07Z,7.079000000000001,22,Metinic
5464,2021-05-04T11:11:07Z,7.079000000000001,22,Metinic
5465,2021-05-04T11:16:07Z,7.179,24,Metinic
5466,2021-05-04T11:21:07Z,7.179,22,Metinic
5467,2021-05-04T11:26:07Z,7.179,23,Metinic
5468,2021-05-04T11:31:07Z,7.179,35,Metinic
5469,2021-05-04T11:36:07Z,7.179,24,Metinic
5470,2021-05-04T11:41:07Z,7.179,64,Metinic
5471,2021-05-04T11:46:07Z,7.28,30,Metinic
5472,2021-05-04T11:51:07Z,7.28,54,Metinic
5473,2021-05-04T11:56:07Z,7.28,41,Metinic
5474,2021-05-04T12:01:07Z,7.28,43,Metinic
5475,2021-05-04T12:06:07Z,7.28,55,Metinic
5476,2021-05-04T12:11:07Z,7.179,48,Metinic
5477,2021-05-04T12:16:07Z,7.079000000000001,42,Metinic
5478,2021-05-04T12:21:07Z,7.079000000000001,45,Metinic
5479,2021-05-04T12:26:07Z,7.079000000000001,38,Metinic
5480,2021-05-04T12:31:07Z,6.978000000000001,43,Metinic
5481,2021-05-04T12:36:07Z,6.978000000000001,41,Metinic
5482,2021-05-04T12:41:07Z,7.079000000000001,48,Metinic
5483,2021-05-04T12:46:07Z,7.079000000000001,44,Metinic
5484,2021-05-04T12:51:07Z,7.079000000000001,48,Metinic
5485,2021-05-04T12:56:07Z,7.079000000000001,48,Metinic
5486,2021-05-04T13:01:07Z,7.079000000000001,45,Metinic
5487,2021-05-04T13:06:07Z,7.079000000000001,50,Metinic
5488,2021-05-04T13:11:07Z,7.079000000000001,50,Metinic
5489,2021-05-04T13:16:07Z,7.079000000000001,53,Metinic
5490,2021-05-04T13:21:07Z,7.079000000000001,63,Metinic
5491,2021-05-04T13:26:07Z,7.079000000000001,88,Metinic
5492,2021-05-04T13:31:07Z,7.079000000000001,64,Metinic
5493,2021-05-04T13:36:07Z,7.079000000000001,50,Metinic
5494,2021-05-04T13:41:07Z,7.079000000000001,49,Metinic
5495,2021-05-04T13:46:07Z,7.079000000000001,40,Metinic
5496,2021-05-04T13:51:07Z,7.079000000000001,43,Metinic
5497,2021-05-04T13:56:07Z,7.079000000000001,44,Metinic
5498,2021-05-04T14:01:07Z,7.079000000000001,85,Metinic
5499,2021-05-04T14:06:07Z,7.079000000000001,114,Metinic
5500,2021-05-04T14:11:07Z,7.079000000000001,54,Metinic
5501,2021-05-04T14:16:07Z,7.079000000000001,45,Metinic
5502,2021-05-04T14:21:07Z,7.079000000000001,55,Metinic
5503,2021-05-04T14:26:07Z,7.079000000000001,58,Metinic
5504,2021-05-04T14:31:07Z,7.179,73,Metinic
5505,2021-05-04T14:36:07Z,7.179,62,Metinic
5506,2021-05-04T14:41:07Z,7.179,76,Metinic
5507,2021-05-04T14:46:07Z,7.179,72,Metinic
5508,2021-05-04T14:51:07Z,7.28,69,Metinic
5509,2021-05-04T14:56:07Z,7.28,96,Metinic
5510,2021-05-04T15:01:07Z,7.381,58,Metinic
5511,2021-05-04T15:06:07Z,7.381,101,Metinic
5512,2021-05-04T15:11:07Z,7.381,89,Metinic
5513,2021-05-04T15:16:07Z,7.381,66,Metinic
5514,2021-05-04T15:21:07Z,7.381,68,Metinic
5515,2021-05-04T15:26:07Z,7.381,58,Metinic
5516,2021-05-04T15:31:07Z,7.381,70,Metinic
5517,2021-05-04T15:36:07Z,7.381,67,Metinic
5518,2021-05-04T15:41:07Z,7.381,84,Metinic
5519,2021-05-04T15:46:07Z,7.381,113,Metinic
5520,2021-05-04T15:51:07Z,7.381,103,Metinic
5521,2021-05-04T15:56:07Z,7.381,97,Metinic
5522,2021-05-04T16:01:07Z,7.381,103,Metinic
5523,2021-05-04T16:06:07Z,7.381,136,Metinic
5524,2021-05-04T16:11:07Z,7.381,120,Metinic
5525,2021-05-04T16:16:07Z,7.481000000000001,89,Metinic
5526,2021-05-04T16:21:07Z,7.481000000000001,288,Metinic
5527,2021-05-04T16:26:07Z,7.481000000000001,176,Metinic
5528,2021-05-04T16:31:07Z,7.28,152,Metinic
5529,2021-05-04T16:36:07Z,7.179,136,Metinic
5530,2021-05-04T16:41:07Z,7.179,42,Metinic
5531,2021-05-04T16:46:07Z,7.079000000000001,160,Metinic
5532,2021-05-04T16:51:07Z,7.079000000000001,126,Metinic
5533,2021-05-04T16:56:07Z,6.978000000000001,74,Metinic
5534,2021-05-04T17:01:07Z,6.978000000000001,95,Metinic
5535,2021-05-04T17:06:07Z,6.978000000000001,160,Metinic
5536,2021-05-04T17:11:07Z,6.978000000000001,136,Metinic
5537,2021-05-04T17:16:07Z,6.978000000000001,128,Metinic
5538,2021-05-04T17:21:07Z,6.978000000000001,120,Metinic
5539,2021-05-04T17:26:07Z,6.978000000000001,92,Metinic
5540,2021-05-04T17:31:07Z,6.978000000000001,107,Metinic
5541,2021-05-04T17:36:07Z,6.978000000000001,104,Metinic
5542,2021-05-04T17:41:07Z,6.978000000000001,144,Metinic
5543,2021-05-04T17:46:07Z,7.079000000000001,125,Metinic
5544,2021-05-04T17:51:07Z,7.079000000000001,77,Metinic
5545,2021-05-04T17:56:07Z,7.079000000000001,128,Metinic
5546,2021-05-04T18:01:07Z,7.179,104,Metinic
5547,2021-05-04T18:06:07Z,7.179,128,Metinic
5548,2021-05-04T18:11:07Z,7.179,144,Metinic
5549,2021-05-04T18:16:07Z,7.179,144,Metinic
5550,2021-05-04T18:21:07Z,7.28,192,Metinic
5551,2021-05-04T18:26:07Z,7.28,160,Metinic
5552,2021-05-04T18:31:07Z,7.381,192,Metinic
5553,2021-05-04T18:36:07Z,7.481000000000001,78,Metinic
5554,2021-05-04T18:41:07Z,7.481000000000001,288,Metinic
5555,2021-05-04T18:46:07Z,7.582,464,Metinic
5556,2021-05-04T18:51:07Z,7.481000000000001,98,Metinic
5557,2021-05-04T18:56:07Z,7.381,136,Metinic
5558,2021-05-04T19:01:07Z,7.381,200,Metinic
5559,2021-05-04T19:06:07Z,7.381,136,Metinic
5560,2021-05-04T19:11:07Z,7.381,128,Metinic
5561,2021-05-04T19:16:07Z,7.381,136,Metinic
5562,2021-05-04T19:21:07Z,7.28,102,Metinic
5563,2021-05-04T19:26:07Z,7.179,200,Metinic
5564,2021-05-04T19:31:07Z,7.179,128,Metinic
5565,2021-05-04T19:36:07Z,7.28,128,Metinic
5566,2021-05-04T19:41:07Z,7.28,152,Metinic
5567,2021-05-04T19:46:07Z,7.28,136,Metinic
5568,2021-05-04T19:51:07Z,7.28,33,Metinic
5569,2021-05-04T19:56:07Z,7.28,480,Metinic
5570,2021-05-04T20:01:07Z,7.28,272,Metinic
5571,2021-05-04T20:06:07Z,7.381,104,Metinic
5572,2021-05-04T20:11:07Z,7.28,75,Metinic
5573,2021-05-04T20:16:07Z,7.381,168,Metinic
5574,2021-05-04T20:21:07Z,7.381,184,Metinic
5575,2021-05-04T20:26:07Z,7.179,72,Metinic
5576,2021-05-04T20:31:07Z,7.179,54,Metinic
5577,2021-05-04T20:36:07Z,7.179,68,Metinic
5578,2021-05-04T20:41:07Z,7.079000000000001,92,Metinic
5579,2021-05-04T20:46:07Z,7.079000000000001,77,Metinic
5580,2021-05-04T20:51:07Z,7.079000000000001,136,Metinic
5581,2021-05-04T20:56:07Z,7.079000000000001,73,Metinic
5582,2021-05-04T21:01:07Z,7.079000000000001,75,Metinic
5583,2021-05-04T21:06:07Z,7.079000000000001,77,Metinic
5584,2021-05-04T21:11:07Z,7.079000000000001,61,Metinic
5585,2021-05-04T21:16:07Z,7.079000000000001,61,Metinic
5586,2021-05-04T21:21:07Z,7.179,51,Metinic
5587,2021-05-04T21:26:07Z,7.179,50,Metinic
5588,2021-05-04T21:31:07Z,7.179,50,Metinic
5589,2021-05-04T21:36:07Z,7.179,56,Metinic
5590,2021-05-04T21:41:07Z,7.179,43,Metinic
5591,2021-05-04T21:46:07Z,7.079000000000001,40,Metinic
5592,2021-05-04T21:51:07Z,7.079000000000001,39,Metinic
5593,2021-05-04T21:56:07Z,7.179,53,Metinic
5594,2021-05-04T22:01:07Z,7.079000000000001,44,Metinic
5595,2021-05-04T22:06:07Z,7.079000000000001,34,Metinic
5596,2021-05-04T22:11:07Z,7.079000000000001,34,Metinic
5597,2021-05-04T22:16:07Z,7.079000000000001,46,Metinic
5598,2021-05-04T22:21:07Z,7.179,30,Metinic
5599,2021-05-04T22:26:07Z,7.28,65,Metinic
5600,2021-05-04T22:31:07Z,7.28,34,Metinic
5601,2021-05-04T22:36:07Z,7.381,43,Metinic
5602,2021-05-04T22:41:07Z,7.381,34,Metinic
5603,2021-05-04T22:46:07Z,7.381,14,Metinic
5604,2021-05-04T22:51:07Z,7.481000000000001,12,Metinic
5605,2021-05-04T22:56:07Z,7.481000000000001,12,Metinic
5606,2021-05-04T23:01:07Z,7.481000000000001,10,Metinic
5607,2021-05-04T23:06:07Z,7.481000000000001,6,Metinic
5608,2021-05-04T23:11:07Z,7.481000000000001,8,Metinic
5609,2021-05-04T23:16:07Z,7.481000000000001,6,Metinic
5610,2021-05-04T23:21:07Z,7.381,3,Metinic
5611,2021-05-04T23:26:07Z,7.381,2,Metinic
5612,2021-05-04T23:31:07Z,7.381,1,Metinic
5613,2021-05-04T23:36:07Z,7.381,0,Metinic
5614,2021-05-04T23:41:07Z,7.381,1,Metinic
5615,2021-05-04T23:46:07Z,7.481000000000001,0,Metinic
5616,2021-05-04T23:51:07Z,7.481000000000001,0,Metinic
5617,2021-05-04T23:56:07Z,7.481000000000001,0,Metinic
5618,2021-05-05T00:01:07Z,7.481000000000001,0,Metinic
5619,2021-05-05T00:06:07Z,7.481000000000001,0,Metinic
5620,2021-05-05T00:11:07Z,7.481000000000001,0,Metinic
5621,2021-05-05T00:16:07Z,7.481000000000001,0,Metinic
5622,2021-05-05T00:21:07Z,7.481000000000001,0,Metinic
5623,2021-05-05T00:26:07Z,7.481000000000001,0,Metinic
5624,2021-05-05T00:31:07Z,7.481000000000001,0,Metinic
5625,2021-05-05T00:36:07Z,7.481000000000001,0,Metinic
5626,2021-05-05T00:41:07Z,7.481000000000001,0,Metinic
5627,2021-05-05T00:46:07Z,7.481000000000001,0,Metinic
5628,2021-05-05T00:51:07Z,7.481000000000001,0,Metinic
5629,2021-05-05T00:56:07Z,7.481000000000001,0,Metinic
5630,2021-05-05T01:01:07Z,7.381,0,Metinic
5631,2021-05-05T01:06:07Z,7.381,0,Metinic
5632,2021-05-05T01:11:07Z,7.381,0,Metinic
5633,2021-05-05T01:16:07Z,7.28,0,Metinic
5634,2021-05-05T01:21:07Z,7.28,0,Metinic
5635,2021-05-05T01:26:07Z,7.381,0,Metinic
5636,2021-05-05T01:31:07Z,7.28,0,Metinic
5637,2021-05-05T01:36:07Z,7.381,0,Metinic
5638,2021-05-05T01:41:07Z,7.28,0,Metinic
5639,2021-05-05T01:46:07Z,7.381,0,Metinic
5640,2021-05-05T01:51:07Z,7.381,0,Metinic
5641,2021-05-05T01:56:07Z,7.381,0,Metinic
5642,2021-05-05T02:01:07Z,7.381,0,Metinic
5643,2021-05-05T02:06:07Z,7.381,0,Metinic
5644,2021-05-05T02:11:07Z,7.381,0,Metinic
5645,2021-05-05T02:16:07Z,7.381,0,Metinic
5646,2021-05-05T02:21:07Z,7.381,0,Metinic
5647,2021-05-05T02:26:07Z,7.381,0,Metinic
5648,2021-05-05T02:31:07Z,7.381,0,Metinic
5649,2021-05-05T02:36:07Z,7.381,0,Metinic
5650,2021-05-05T02:41:07Z,7.381,0,Metinic
5651,2021-05-05T02:46:07Z,7.381,0,Metinic
5652,2021-05-05T02:51:07Z,7.381,0,Metinic
5653,2021-05-05T02:56:07Z,7.381,0,Metinic
5654,2021-05-05T03:01:07Z,7.28,0,Metinic
5655,2021-05-05T03:06:07Z,7.28,0,Metinic
5656,2021-05-05T03:11:07Z,7.28,0,Metinic
5657,2021-05-05T03:16:07Z,7.179,0,Metinic
5658,2021-05-05T03:21:07Z,7.179,0,Metinic
5659,2021-05-05T03:26:07Z,7.179,0,Metinic
5660,2021-05-05T03:31:07Z,7.179,0,Metinic
5661,2021-05-05T03:36:07Z,7.28,0,Metinic
5662,2021-05-05T03:41:07Z,7.28,0,Metinic
5663,2021-05-05T03:46:07Z,7.28,0,Metinic
5664,2021-05-05T03:51:07Z,7.28,0,Metinic
5665,2021-05-05T03:56:07Z,7.28,0,Metinic
5666,2021-05-05T04:01:07Z,7.28,0,Metinic
5667,2021-05-05T04:06:07Z,7.28,0,Metinic
5668,2021-05-05T04:11:07Z,7.28,0,Metinic
5669,2021-05-05T04:16:07Z,7.381,0,Metinic
5670,2021-05-05T04:21:07Z,7.381,0,Metinic
5671,2021-05-05T04:26:07Z,7.381,0,Metinic
5672,2021-05-05T04:31:07Z,7.381,0,Metinic
5673,2021-05-05T04:36:07Z,7.481000000000001,0,Metinic
5674,2021-05-05T04:41:07Z,7.381,0,Metinic
5675,2021-05-05T04:46:07Z,7.481000000000001,0,Metinic
5676,2021-05-05T04:51:07Z,7.481000000000001,0,Metinic
5677,2021-05-05T04:56:07Z,7.381,0,Metinic
5678,2021-05-05T05:01:07Z,7.381,0,Metinic
5679,2021-05-05T05:06:07Z,7.381,0,Metinic
5680,2021-05-05T05:11:07Z,7.381,0,Metinic
5681,2021-05-05T05:16:07Z,7.381,0,Metinic
5682,2021-05-05T05:21:07Z,7.179,0,Metinic
5683,2021-05-05T05:26:07Z,7.179,0,Metinic
5684,2021-05-05T05:31:07Z,7.079000000000001,0,Metinic
5685,2021-05-05T05:36:07Z,7.079000000000001,0,Metinic
5686,2021-05-05T05:41:07Z,7.079000000000001,0,Metinic
5687,2021-05-05T05:46:07Z,7.079000000000001,0,Metinic
5688,2021-05-05T05:51:07Z,6.978000000000001,0,Metinic
5689,2021-05-05T05:56:07Z,6.978000000000001,0,Metinic
5690,2021-05-05T06:01:07Z,7.079000000000001,0,Metinic
5691,2021-05-05T06:06:07Z,7.079000000000001,0,Metinic
5692,2021-05-05T06:11:07Z,7.179,0,Metinic
5693,2021-05-05T06:16:07Z,7.179,0,Metinic
5694,2021-05-05T06:21:07Z,7.179,0,Metinic
5695,2021-05-05T06:26:07Z,7.179,0,Metinic
5696,2021-05-05T06:31:07Z,7.179,0,Metinic
5697,2021-05-05T06:36:07Z,7.179,0,Metinic
5698,2021-05-05T06:41:07Z,7.179,0,Metinic
5699,2021-05-05T06:46:07Z,7.179,0,Metinic
5700,2021-05-05T06:51:07Z,7.179,0,Metinic
5701,2021-05-05T06:56:07Z,7.179,0,Metinic
5702,2021-05-05T07:01:07Z,7.179,0,Metinic
5703,2021-05-05T07:06:07Z,7.179,0,Metinic
5704,2021-05-05T07:11:07Z,7.28,0,Metinic
5705,2021-05-05T07:16:07Z,7.179,0,Metinic
5706,2021-05-05T07:21:07Z,7.179,0,Metinic
5707,2021-05-05T07:26:07Z,7.079000000000001,0,Metinic
5708,2021-05-05T07:31:07Z,7.079000000000001,0,Metinic
5709,2021-05-05T07:36:07Z,6.978000000000001,0,Metinic
5710,2021-05-05T07:41:07Z,6.978000000000001,0,Metinic
5711,2021-05-05T07:46:07Z,6.978000000000001,0,Metinic
5712,2021-05-05T07:51:07Z,6.978000000000001,0,Metinic
5713,2021-05-05T07:56:07Z,7.079000000000001,0,Metinic
5714,2021-05-05T08:01:07Z,6.978000000000001,0,Metinic
5715,2021-05-05T08:06:07Z,6.978000000000001,0,Metinic
5716,2021-05-05T08:11:07Z,6.978000000000001,0,Metinic
5717,2021-05-05T08:16:07Z,6.978000000000001,0,Metinic
5718,2021-05-05T08:21:07Z,6.978000000000001,0,Metinic
5719,2021-05-05T08:26:07Z,6.978000000000001,0,Metinic
5720,2021-05-05T08:31:07Z,6.978000000000001,0,Metinic
5721,2021-05-05T08:36:07Z,7.079000000000001,0,Metinic
5722,2021-05-05T08:41:07Z,7.079000000000001,0,Metinic
5723,2021-05-05T08:46:07Z,7.079000000000001,0,Metinic
5724,2021-05-05T08:51:07Z,7.079000000000001,0,Metinic
5725,2021-05-05T08:56:07Z,6.978000000000001,0,Metinic
5726,2021-05-05T09:01:07Z,6.978000000000001,0,Metinic
5727,2021-05-05T09:06:07Z,6.877,0,Metinic
5728,2021-05-05T09:11:07Z,6.775,0,Metinic
5729,2021-05-05T09:16:07Z,6.877,0,Metinic
5730,2021-05-05T09:21:07Z,6.877,0,Metinic
5731,2021-05-05T09:26:07Z,6.978000000000001,0,Metinic
5732,2021-05-05T09:31:07Z,6.978000000000001,0,Metinic
5733,2021-05-05T09:36:07Z,6.978000000000001,0,Metinic
5734,2021-05-05T09:41:07Z,6.978000000000001,0,Metinic
5735,2021-05-05T09:46:07Z,6.978000000000001,0,Metinic
5736,2021-05-05T09:51:07Z,6.978000000000001,0,Metinic
5737,2021-05-05T09:56:07Z,7.079000000000001,0,Metinic
5738,2021-05-05T10:01:07Z,7.079000000000001,3,Metinic
5739,2021-05-05T10:06:07Z,7.179,1,Metinic
5740,2021-05-05T10:11:07Z,7.179,1,Metinic
5741,2021-05-05T10:16:07Z,7.179,1,Metinic
5742,2021-05-05T10:21:07Z,7.179,2,Metinic
5743,2021-05-05T10:26:07Z,7.079000000000001,2,Metinic
5744,2021-05-05T10:31:07Z,7.079000000000001,4,Metinic
5745,2021-05-05T10:36:07Z,7.079000000000001,3,Metinic
5746,2021-05-05T10:41:07Z,7.079000000000001,3,Metinic
5747,2021-05-05T10:46:07Z,7.179,3,Metinic
5748,2021-05-05T10:51:07Z,7.179,8,Metinic
5749,2021-05-05T10:56:07Z,7.179,9,Metinic
5750,2021-05-05T11:01:07Z,7.179,5,Metinic
5751,2021-05-05T11:06:07Z,7.28,6,Metinic
5752,2021-05-05T11:11:07Z,7.28,8,Metinic
5753,2021-05-05T11:16:07Z,7.28,11,Metinic
5754,2021-05-05T11:21:07Z,7.28,11,Metinic
5755,2021-05-05T11:26:07Z,7.28,3,Metinic
5756,2021-05-05T11:31:07Z,7.381,14,Metinic
5757,2021-05-05T11:36:07Z,7.381,22,Metinic
5758,2021-05-05T11:41:07Z,7.381,13,Metinic
5759,2021-05-05T11:46:07Z,7.28,10,Metinic
5760,2021-05-05T11:51:07Z,7.28,9,Metinic
5761,2021-05-05T11:56:07Z,7.28,13,Metinic
5762,2021-05-05T12:01:07Z,7.28,7,Metinic
5763,2021-05-05T12:06:07Z,7.28,7,Metinic
5764,2021-05-05T12:11:07Z,7.28,9,Metinic
5765,2021-05-05T12:16:07Z,7.28,7,Metinic
5766,2021-05-05T12:21:07Z,7.28,7,Metinic
5767,2021-05-05T12:26:07Z,7.381,5,Metinic
5768,2021-05-05T12:31:07Z,7.381,13,Metinic
5769,2021-05-05T12:36:07Z,7.381,18,Metinic
5770,2021-05-05T12:41:07Z,7.381,15,Metinic
5771,2021-05-05T12:46:07Z,7.381,12,Metinic
5772,2021-05-05T12:51:07Z,7.381,12,Metinic
5773,2021-05-05T12:56:07Z,7.381,14,Metinic
5774,2021-05-05T13:01:07Z,7.381,14,Metinic
5775,2021-05-05T13:06:07Z,7.381,14,Metinic
5776,2021-05-05T13:11:07Z,7.481000000000001,12,Metinic
5777,2021-05-05T13:16:07Z,7.481000000000001,20,Metinic
5778,2021-05-05T13:21:07Z,7.481000000000001,22,Metinic
5779,2021-05-05T13:26:07Z,7.481000000000001,11,Metinic
5780,2021-05-05T13:31:07Z,7.481000000000001,11,Metinic
5781,2021-05-05T13:36:07Z,7.481000000000001,22,Metinic
5782,2021-05-05T13:41:07Z,7.481000000000001,31,Metinic
5783,2021-05-05T13:46:07Z,7.481000000000001,14,Metinic
5784,2021-05-05T13:51:07Z,7.481000000000001,21,Metinic
5785,2021-05-05T13:56:07Z,7.481000000000001,21,Metinic
5786,2021-05-05T14:01:07Z,7.481000000000001,25,Metinic
5787,2021-05-05T14:06:07Z,7.481000000000001,37,Metinic
5788,2021-05-05T14:11:07Z,7.481000000000001,45,Metinic
5789,2021-05-05T14:16:07Z,7.481000000000001,75,Metinic
5790,2021-05-05T14:21:07Z,7.481000000000001,40,Metinic
5791,2021-05-05T14:26:07Z,7.481000000000001,29,Metinic
5792,2021-05-05T14:31:07Z,7.481000000000001,29,Metinic
5793,2021-05-05T14:36:07Z,7.481000000000001,34,Metinic
5794,2021-05-05T14:41:07Z,7.481000000000001,41,Metinic
5795,2021-05-05T14:46:07Z,7.381,34,Metinic
5796,2021-05-05T14:51:07Z,7.28,56,Metinic
5797,2021-05-05T14:56:07Z,7.28,62,Metinic
5798,2021-05-05T15:01:07Z,7.28,64,Metinic
5799,2021-05-05T15:06:07Z,7.28,30,Metinic
5800,2021-05-05T15:11:07Z,7.28,103,Metinic
5801,2021-05-05T15:16:07Z,7.28,32,Metinic
5802,2021-05-05T15:21:07Z,7.28,43,Metinic
5803,2021-05-05T15:26:07Z,7.28,69,Metinic
5804,2021-05-05T15:31:07Z,7.28,22,Metinic
5805,2021-05-05T15:36:07Z,7.28,59,Metinic
5806,2021-05-05T15:41:07Z,7.28,28,Metinic
5807,2021-05-05T15:46:07Z,7.179,23,Metinic
5808,2021-05-05T15:51:07Z,7.179,24,Metinic
5809,2021-05-05T15:56:07Z,7.179,42,Metinic
5810,2021-05-05T16:01:07Z,7.179,11,Metinic
5811,2021-05-05T16:06:07Z,7.28,41,Metinic
5812,2021-05-05T16:11:07Z,7.28,43,Metinic
5813,2021-05-05T16:16:07Z,7.28,86,Metinic
5814,2021-05-05T16:21:07Z,7.28,95,Metinic
5815,2021-05-05T16:26:07Z,7.381,15,Metinic
5816,2021-05-05T16:31:07Z,7.481000000000001,32,Metinic
5817,2021-05-05T16:36:07Z,7.481000000000001,26,Metinic
5818,2021-05-05T16:41:07Z,7.582,44,Metinic
5819,2021-05-05T16:46:07Z,7.582,40,Metinic
5820,2021-05-05T16:51:07Z,7.582,50,Metinic
5821,2021-05-05T16:56:07Z,7.582,27,Metinic
5822,2021-05-05T17:01:07Z,7.582,14,Metinic
5823,2021-05-05T17:06:07Z,7.481000000000001,60,Metinic
5824,2021-05-05T17:11:07Z,7.481000000000001,27,Metinic
5825,2021-05-05T17:16:07Z,7.381,49,Metinic
5826,2021-05-05T17:21:07Z,7.381,34,Metinic
5827,2021-05-05T17:26:07Z,7.381,34,Metinic
5828,2021-05-05T17:31:07Z,7.381,53,Metinic
5829,2021-05-05T17:36:07Z,7.381,14,Metinic
5830,2021-05-05T17:41:07Z,7.381,26,Metinic
5831,2021-05-05T17:46:07Z,7.481000000000001,41,Metinic
5832,2021-05-05T17:51:07Z,7.481000000000001,57,Metinic
5833,2021-05-05T17:56:07Z,7.381,36,Metinic
5834,2021-05-05T18:01:07Z,7.481000000000001,38,Metinic
5835,2021-05-05T18:06:07Z,7.481000000000001,30,Metinic
5836,2021-05-05T18:11:07Z,7.381,33,Metinic
5837,2021-05-05T18:16:07Z,7.381,34,Metinic
5838,2021-05-05T18:21:07Z,7.381,35,Metinic
5839,2021-05-05T18:26:07Z,7.381,18,Metinic
5840,2021-05-05T18:31:07Z,7.381,46,Metinic
5841,2021-05-05T18:36:07Z,7.381,29,Metinic
5842,2021-05-05T18:41:07Z,7.381,74,Metinic
5843,2021-05-05T18:46:07Z,7.381,11,Metinic
5844,2021-05-05T18:51:07Z,7.381,30,Metinic
5845,2021-05-05T18:56:07Z,7.381,19,Metinic
5846,2021-05-05T19:01:07Z,7.381,47,Metinic
5847,2021-05-05T19:06:07Z,7.381,17,Metinic
5848,2021-05-05T19:11:07Z,7.381,23,Metinic
5849,2021-05-05T19:16:07Z,7.381,23,Metinic
5850,2021-05-05T19:21:07Z,7.381,28,Metinic
5851,2021-05-05T19:26:07Z,7.381,38,Metinic
5852,2021-05-05T19:31:07Z,7.28,27,Metinic
5853,2021-05-05T19:36:07Z,7.28,13,Metinic
5854,2021-05-05T19:41:07Z,7.381,40,Metinic
5855,2021-05-05T19:46:07Z,7.381,12,Metinic
5856,2021-05-05T19:51:07Z,7.381,22,Metinic
5857,2021-05-05T19:56:07Z,7.481000000000001,12,Metinic
5858,2021-05-05T20:01:07Z,7.481000000000001,13,Metinic
5859,2021-05-05T20:06:07Z,7.481000000000001,12,Metinic
5860,2021-05-05T20:11:07Z,7.481000000000001,21,Metinic
5861,2021-05-05T20:16:07Z,7.481000000000001,19,Metinic
5862,2021-05-05T20:21:07Z,7.481000000000001,8,Metinic
5863,2021-05-05T20:26:07Z,7.481000000000001,14,Metinic
5864,2021-05-05T20:31:07Z,7.481000000000001,10,Metinic
5865,2021-05-05T20:36:07Z,7.481000000000001,13,Metinic
5866,2021-05-05T20:41:07Z,7.481000000000001,19,Metinic
5867,2021-05-05T20:46:07Z,7.381,6,Metinic
5868,2021-05-05T20:51:07Z,7.381,1,Metinic
5869,2021-05-05T20:56:07Z,7.481000000000001,6,Metinic
5870,2021-05-05T21:01:07Z,7.481000000000001,5,Metinic
5871,2021-05-05T21:06:07Z,7.481000000000001,13,Metinic
5872,2021-05-05T21:11:07Z,7.481000000000001,5,Metinic
5873,2021-05-05T21:16:07Z,7.381,7,Metinic
5874,2021-05-05T21:21:07Z,7.381,6,Metinic
5875,2021-05-05T21:26:07Z,7.481000000000001,5,Metinic
5876,2021-05-05T21:31:07Z,7.381,5,Metinic
5877,2021-05-05T21:36:07Z,7.381,8,Metinic
5878,2021-05-05T21:41:07Z,7.381,4,Metinic
5879,2021-05-05T21:46:07Z,7.381,5,Metinic
5880,2021-05-05T21:51:07Z,7.381,3,Metinic
5881,2021-05-05T21:56:07Z,7.481000000000001,4,Metinic
5882,2021-05-05T22:01:07Z,7.481000000000001,2,Metinic
5883,2021-05-05T22:06:07Z,7.481000000000001,1,Metinic
5884,2021-05-05T22:11:07Z,7.481000000000001,4,Metinic
5885,2021-05-05T22:16:07Z,7.481000000000001,2,Metinic
5886,2021-05-05T22:21:07Z,7.481000000000001,2,Metinic
5887,2021-05-05T22:26:07Z,7.481000000000001,1,Metinic
5888,2021-05-05T22:31:07Z,7.481000000000001,3,Metinic
5889,2021-05-05T22:36:07Z,7.481000000000001,1,Metinic
5890,2021-05-05T22:41:07Z,7.481000000000001,0,Metinic
5891,2021-05-05T22:46:07Z,7.481000000000001,3,Metinic
5892,2021-05-05T22:51:07Z,7.481000000000001,1,Metinic
5893,2021-05-05T22:56:07Z,7.481000000000001,0,Metinic
5894,2021-05-05T23:01:07Z,7.481000000000001,0,Metinic
5895,2021-05-05T23:06:07Z,7.481000000000001,0,Metinic
5896,2021-05-05T23:11:07Z,7.481000000000001,0,Metinic
5897,2021-05-05T23:16:07Z,7.481000000000001,0,Metinic
5898,2021-05-05T23:21:07Z,7.481000000000001,0,Metinic
5899,2021-05-05T23:26:07Z,7.481000000000001,0,Metinic
5900,2021-05-05T23:31:07Z,7.481000000000001,0,Metinic
5901,2021-05-05T23:36:07Z,7.481000000000001,0,Metinic
5902,2021-05-05T23:41:07Z,7.481000000000001,0,Metinic
5903,2021-05-05T23:46:07Z,7.481000000000001,0,Metinic
5904,2021-05-05T23:51:07Z,7.481000000000001,0,Metinic
5905,2021-05-05T23:56:07Z,7.481000000000001,0,Metinic
5906,2021-05-06T00:01:07Z,7.481000000000001,0,Metinic
5907,2021-05-06T00:06:07Z,7.481000000000001,0,Metinic
5908,2021-05-06T00:11:07Z,7.481000000000001,0,Metinic
5909,2021-05-06T00:16:07Z,7.481000000000001,0,Metinic
5910,2021-05-06T00:21:07Z,7.481000000000001,0,Metinic
5911,2021-05-06T00:26:07Z,7.481000000000001,0,Metinic
5912,2021-05-06T00:31:07Z,7.481000000000001,0,Metinic
5913,2021-05-06T00:36:07Z,7.481000000000001,0,Metinic
5914,2021-05-06T00:41:07Z,7.481000000000001,0,Metinic
5915,2021-05-06T00:46:07Z,7.481000000000001,0,Metinic
5916,2021-05-06T00:51:07Z,7.481000000000001,0,Metinic
5917,2021-05-06T00:56:07Z,7.481000000000001,0,Metinic
5918,2021-05-06T01:01:07Z,7.481000000000001,0,Metinic
5919,2021-05-06T01:06:07Z,7.481000000000001,0,Metinic
5920,2021-05-06T01:11:07Z,7.481000000000001,0,Metinic
5921,2021-05-06T01:16:07Z,7.481000000000001,0,Metinic
5922,2021-05-06T01:21:07Z,7.481000000000001,0,Metinic
5923,2021-05-06T01:26:07Z,7.481000000000001,0,Metinic
5924,2021-05-06T01:31:07Z,7.481000000000001,0,Metinic
5925,2021-05-06T01:36:07Z,7.481000000000001,0,Metinic
5926,2021-05-06T01:41:07Z,7.481000000000001,0,Metinic
5927,2021-05-06T01:46:07Z,7.481000000000001,0,Metinic
5928,2021-05-06T01:51:07Z,7.481000000000001,0,Metinic
5929,2021-05-06T01:56:07Z,7.481000000000001,0,Metinic
5930,2021-05-06T02:01:07Z,7.481000000000001,0,Metinic
5931,2021-05-06T02:06:07Z,7.381,0,Metinic
5932,2021-05-06T02:11:07Z,7.381,0,Metinic
5933,2021-05-06T02:16:07Z,7.381,0,Metinic
5934,2021-05-06T02:21:07Z,7.381,0,Metinic
5935,2021-05-06T02:26:07Z,7.381,0,Metinic
5936,2021-05-06T02:31:07Z,7.381,0,Metinic
5937,2021-05-06T02:36:07Z,7.28,0,Metinic
5938,2021-05-06T02:41:07Z,7.28,0,Metinic
5939,2021-05-06T02:46:07Z,7.28,0,Metinic
5940,2021-05-06T02:51:07Z,7.28,0,Metinic
5941,2021-05-06T02:56:07Z,7.28,0,Metinic
5942,2021-05-06T03:01:07Z,7.28,0,Metinic
5943,2021-05-06T03:06:07Z,7.28,0,Metinic
5944,2021-05-06T03:11:07Z,7.28,0,Metinic
5945,2021-05-06T03:16:07Z,7.179,0,Metinic
5946,2021-05-06T03:21:07Z,7.179,0,Metinic
5947,2021-05-06T03:26:07Z,7.079000000000001,0,Metinic
5948,2021-05-06T03:31:07Z,7.079000000000001,0,Metinic
5949,2021-05-06T03:36:07Z,7.079000000000001,0,Metinic
5950,2021-05-06T03:41:07Z,7.179,0,Metinic
5951,2021-05-06T03:46:07Z,7.179,0,Metinic
5952,2021-05-06T03:51:07Z,7.179,0,Metinic
5953,2021-05-06T03:56:07Z,7.179,0,Metinic
5954,2021-05-06T04:01:07Z,7.179,0,Metinic
5955,2021-05-06T04:06:07Z,7.079000000000001,0,Metinic
5956,2021-05-06T04:11:07Z,7.079000000000001,0,Metinic
5957,2021-05-06T04:16:07Z,7.079000000000001,0,Metinic
5958,2021-05-06T04:21:07Z,7.079000000000001,0,Metinic
5959,2021-05-06T04:26:07Z,7.079000000000001,0,Metinic
5960,2021-05-06T04:31:07Z,7.079000000000001,0,Metinic
5961,2021-05-06T04:36:07Z,7.079000000000001,0,Metinic
5962,2021-05-06T04:41:07Z,7.179,0,Metinic
5963,2021-05-06T04:46:07Z,7.179,0,Metinic
5964,2021-05-06T04:51:07Z,7.179,0,Metinic
5965,2021-05-06T04:56:07Z,7.179,0,Metinic
5966,2021-05-06T05:01:07Z,7.179,0,Metinic
5967,2021-05-06T05:06:07Z,7.179,0,Metinic
5968,2021-05-06T05:11:07Z,7.179,0,Metinic
5969,2021-05-06T05:16:07Z,7.179,0,Metinic
5970,2021-05-06T05:21:07Z,7.179,0,Metinic
5971,2021-05-06T05:26:07Z,7.179,0,Metinic
5972,2021-05-06T05:31:07Z,7.28,0,Metinic
5973,2021-05-06T05:36:07Z,7.28,0,Metinic
5974,2021-05-06T05:41:07Z,7.28,0,Metinic
5975,2021-05-06T05:46:07Z,7.28,0,Metinic
5976,2021-05-06T05:51:07Z,7.28,0,Metinic
5977,2021-05-06T05:56:07Z,7.28,0,Metinic
5978,2021-05-06T06:01:07Z,7.079000000000001,0,Metinic
5979,2021-05-06T06:06:07Z,6.978000000000001,0,Metinic
5980,2021-05-06T06:11:07Z,6.978000000000001,0,Metinic
5981,2021-05-06T06:16:07Z,6.978000000000001,0,Metinic
5982,2021-05-06T06:21:07Z,6.978000000000001,0,Metinic
5983,2021-05-06T06:26:07Z,6.978000000000001,0,Metinic
5984,2021-05-06T06:31:07Z,6.978000000000001,0,Metinic
5985,2021-05-06T06:36:07Z,6.978000000000001,0,Metinic
5986,2021-05-06T06:41:07Z,7.079000000000001,0,Metinic
5987,2021-05-06T06:46:07Z,7.079000000000001,0,Metinic
5988,2021-05-06T06:51:07Z,7.079000000000001,0,Metinic
5989,2021-05-06T06:56:07Z,7.179,0,Metinic
5990,2021-05-06T07:01:07Z,7.079000000000001,0,Metinic
5991,2021-05-06T07:06:07Z,6.877,0,Metinic
5992,2021-05-06T07:11:07Z,6.877,0,Metinic
5993,2021-05-06T07:16:07Z,6.877,0,Metinic
5994,2021-05-06T07:21:07Z,6.978000000000001,0,Metinic
5995,2021-05-06T07:26:07Z,7.079000000000001,0,Metinic
5996,2021-05-06T07:31:07Z,7.079000000000001,0,Metinic
5997,2021-05-06T07:36:07Z,7.079000000000001,0,Metinic
5998,2021-05-06T07:41:07Z,7.079000000000001,0,Metinic
5999,2021-05-06T07:46:07Z,7.079000000000001,0,Metinic
6000,2021-05-06T07:51:07Z,7.179,0,Metinic
6001,2021-05-06T07:56:07Z,7.179,0,Metinic
6002,2021-05-06T08:01:07Z,7.179,0,Metinic
6003,2021-05-06T08:06:07Z,7.179,0,Metinic
6004,2021-05-06T08:11:07Z,7.179,0,Metinic
6005,2021-05-06T08:16:07Z,7.179,0,Metinic
6006,2021-05-06T08:21:07Z,7.179,0,Metinic
6007,2021-05-06T08:26:07Z,7.179,0,Metinic
6008,2021-05-06T08:31:07Z,7.179,0,Metinic
6009,2021-05-06T08:36:07Z,7.179,0,Metinic
6010,2021-05-06T08:41:07Z,7.079000000000001,0,Metinic
6011,2021-05-06T08:46:07Z,7.079000000000001,0,Metinic
6012,2021-05-06T08:51:07Z,7.079000000000001,0,Metinic
6013,2021-05-06T08:56:07Z,7.079000000000001,0,Metinic
6014,2021-05-06T09:01:07Z,7.079000000000001,0,Metinic
6015,2021-05-06T09:06:07Z,7.079000000000001,0,Metinic
6016,2021-05-06T09:11:07Z,7.079000000000001,0,Metinic
6017,2021-05-06T09:16:07Z,7.079000000000001,0,Metinic
6018,2021-05-06T09:21:07Z,7.079000000000001,0,Metinic
6019,2021-05-06T09:26:07Z,7.079000000000001,0,Metinic
6020,2021-05-06T09:31:07Z,7.079000000000001,0,Metinic
6021,2021-05-06T09:36:07Z,6.978000000000001,0,Metinic
6022,2021-05-06T09:41:07Z,6.978000000000001,1,Metinic
6023,2021-05-06T09:46:07Z,7.079000000000001,0,Metinic
6024,2021-05-06T09:51:07Z,7.079000000000001,1,Metinic
6025,2021-05-06T09:56:07Z,6.978000000000001,2,Metinic
6026,2021-05-06T10:01:07Z,6.978000000000001,4,Metinic
6027,2021-05-06T10:06:07Z,6.978000000000001,0,Metinic
6028,2021-05-06T10:11:07Z,6.978000000000001,0,Metinic
6029,2021-05-06T10:16:07Z,6.978000000000001,3,Metinic
6030,2021-05-06T10:21:07Z,6.978000000000001,4,Metinic
6031,2021-05-06T10:26:07Z,6.978000000000001,3,Metinic
6032,2021-05-06T10:31:07Z,6.978000000000001,8,Metinic
6033,2021-05-06T10:36:07Z,6.978000000000001,6,Metinic
6034,2021-05-06T10:41:07Z,7.079000000000001,5,Metinic
6035,2021-05-06T10:46:07Z,6.978000000000001,6,Metinic
6036,2021-05-06T10:51:07Z,6.978000000000001,2,Metinic
6037,2021-05-06T10:56:07Z,7.079000000000001,6,Metinic
6038,2021-05-06T11:01:07Z,7.079000000000001,9,Metinic
6039,2021-05-06T11:06:07Z,7.079000000000001,13,Metinic
6040,2021-05-06T11:11:07Z,7.079000000000001,6,Metinic
6041,2021-05-06T11:16:07Z,7.079000000000001,3,Metinic
6042,2021-05-06T11:21:07Z,7.179,14,Metinic
6043,2021-05-06T11:26:07Z,7.179,10,Metinic
6044,2021-05-06T11:31:07Z,7.179,26,Metinic
6045,2021-05-06T11:36:07Z,7.179,8,Metinic
6046,2021-05-06T11:41:07Z,7.179,41,Metinic
6047,2021-05-06T11:46:07Z,7.179,25,Metinic
6048,2021-05-06T11:51:07Z,7.179,22,Metinic
6049,2021-05-06T11:56:07Z,7.28,8,Metinic
6050,2021-05-06T12:01:07Z,7.381,25,Metinic
6051,2021-05-06T12:06:07Z,7.28,17,Metinic
6052,2021-05-06T12:11:07Z,7.28,14,Metinic
6053,2021-05-06T12:16:07Z,7.28,50,Metinic
6054,2021-05-06T12:21:07Z,7.381,37,Metinic
6055,2021-05-06T12:26:07Z,7.381,66,Metinic
6056,2021-05-06T12:31:07Z,7.481000000000001,28,Metinic
6057,2021-05-06T12:36:07Z,7.381,42,Metinic
6058,2021-05-06T12:41:07Z,7.381,24,Metinic
6059,2021-05-06T12:46:07Z,7.381,7,Metinic
6060,2021-05-06T12:51:07Z,7.481000000000001,26,Metinic
6061,2021-05-06T12:56:07Z,7.481000000000001,29,Metinic
6062,2021-05-06T13:01:07Z,7.481000000000001,15,Metinic
6063,2021-05-06T13:06:07Z,7.481000000000001,104,Metinic
6064,2021-05-06T13:11:07Z,7.481000000000001,28,Metinic
6065,2021-05-06T13:16:07Z,7.481000000000001,63,Metinic
6066,2021-05-06T13:21:07Z,7.481000000000001,33,Metinic
6067,2021-05-06T13:26:07Z,7.481000000000001,41,Metinic
6068,2021-05-06T13:31:07Z,7.381,14,Metinic
6069,2021-05-06T13:36:07Z,7.481000000000001,103,Metinic
6070,2021-05-06T13:41:07Z,7.481000000000001,122,Metinic
6071,2021-05-06T13:46:07Z,7.481000000000001,58,Metinic
6072,2021-05-06T13:51:07Z,7.481000000000001,60,Metinic
6073,2021-05-06T13:56:07Z,7.481000000000001,21,Metinic
6074,2021-05-06T14:01:07Z,7.481000000000001,47,Metinic
6075,2021-05-06T14:06:07Z,7.481000000000001,49,Metinic
6076,2021-05-06T14:11:07Z,7.381,79,Metinic
6077,2021-05-06T14:16:07Z,7.28,56,Metinic
6078,2021-05-06T14:21:07Z,7.28,85,Metinic
6079,2021-05-06T14:26:07Z,7.179,30,Metinic
6080,2021-05-06T14:31:07Z,7.179,64,Metinic
6081,2021-05-06T14:36:07Z,7.179,116,Metinic
6082,2021-05-06T14:41:07Z,7.179,70,Metinic
6083,2021-05-06T14:46:07Z,7.179,84,Metinic
6084,2021-05-06T14:51:07Z,7.179,23,Metinic
6085,2021-05-06T14:56:07Z,7.179,92,Metinic
6086,2021-05-06T15:01:07Z,7.179,152,Metinic
6087,2021-05-06T15:06:07Z,7.179,54,Metinic
6088,2021-05-06T15:11:07Z,7.179,14,Metinic
6089,2021-05-06T15:16:07Z,7.179,144,Metinic
6090,2021-05-06T15:21:07Z,7.179,144,Metinic
6091,2021-05-06T15:26:07Z,7.179,96,Metinic
6092,2021-05-06T15:31:07Z,7.179,50,Metinic
6093,2021-05-06T15:36:07Z,7.179,122,Metinic
6094,2021-05-06T15:41:07Z,7.28,98,Metinic
6095,2021-05-06T15:46:07Z,7.28,95,Metinic
6096,2021-05-06T15:51:07Z,7.179,144,Metinic
6097,2021-05-06T15:56:07Z,7.28,107,Metinic
6098,2021-05-06T16:01:07Z,7.28,107,Metinic
6099,2021-05-06T16:06:07Z,7.28,71,Metinic
6100,2021-05-06T16:11:07Z,7.381,82,Metinic
6101,2021-05-06T16:16:07Z,7.381,118,Metinic
6102,2021-05-06T16:21:07Z,7.381,113,Metinic
6103,2021-05-06T16:26:07Z,7.481000000000001,122,Metinic
6104,2021-05-06T16:31:07Z,7.582,176,Metinic
6105,2021-05-06T16:36:07Z,7.582,85,Metinic
6106,2021-05-06T16:41:07Z,7.6819999999999995,100,Metinic
6107,2021-05-06T16:46:07Z,7.782,106,Metinic
6108,2021-05-06T16:51:07Z,7.782,136,Metinic
6109,2021-05-06T16:56:07Z,7.882,224,Metinic
6110,2021-05-06T17:01:07Z,7.882,85,Metinic
6111,2021-05-06T17:06:07Z,7.882,136,Metinic
6112,2021-05-06T17:11:07Z,7.882,216,Metinic
6113,2021-05-06T17:16:07Z,7.882,112,Metinic
6114,2021-05-06T17:21:07Z,7.9830000000000005,128,Metinic
6115,2021-05-06T17:26:07Z,7.9830000000000005,104,Metinic
6116,2021-05-06T17:31:07Z,7.9830000000000005,232,Metinic
6117,2021-05-06T17:36:07Z,7.9830000000000005,124,Metinic
6118,2021-05-06T17:41:07Z,8.082,128,Metinic
6119,2021-05-06T17:46:07Z,8.082,144,Metinic
6120,2021-05-06T17:51:07Z,7.882,126,Metinic
6121,2021-05-06T17:56:07Z,7.9830000000000005,216,Metinic
6122,2021-05-06T18:01:07Z,7.882,124,Metinic
6123,2021-05-06T18:06:07Z,7.882,60,Metinic
6124,2021-05-06T18:11:07Z,7.9830000000000005,99,Metinic
6125,2021-05-06T18:16:07Z,7.9830000000000005,113,Metinic
6126,2021-05-06T18:21:07Z,7.9830000000000005,60,Metinic
6127,2021-05-06T18:26:07Z,7.9830000000000005,184,Metinic
6128,2021-05-06T18:31:07Z,7.9830000000000005,144,Metinic
6129,2021-05-06T18:36:07Z,7.9830000000000005,70,Metinic
6130,2021-05-06T18:41:07Z,7.882,102,Metinic
6131,2021-05-06T18:46:07Z,7.882,152,Metinic
6132,2021-05-06T18:51:07Z,7.782,95,Metinic
6133,2021-05-06T18:56:07Z,7.782,69,Metinic
6134,2021-05-06T19:01:07Z,7.782,90,Metinic
6135,2021-05-06T19:06:07Z,7.782,216,Metinic
6136,2021-05-06T19:11:07Z,7.782,102,Metinic
6137,2021-05-06T19:16:07Z,7.882,192,Metinic
6138,2021-05-06T19:21:07Z,7.782,72,Metinic
6139,2021-05-06T19:26:07Z,7.882,128,Metinic
6140,2021-05-06T19:31:07Z,7.9830000000000005,256,Metinic
6141,2021-05-06T19:36:07Z,8.082,272,Metinic
6142,2021-05-06T19:41:07Z,8.082,256,Metinic
6143,2021-05-06T19:46:07Z,8.082,672,Metinic
6144,2021-05-06T19:51:07Z,7.9830000000000005,272,Metinic
6145,2021-05-06T19:56:07Z,7.9830000000000005,256,Metinic
6146,2021-05-06T20:01:07Z,7.882,95,Metinic
6147,2021-05-06T20:06:07Z,7.882,256,Metinic
6148,2021-05-06T20:11:07Z,7.882,110,Metinic
6149,2021-05-06T20:16:07Z,7.782,53,Metinic
6150,2021-05-06T20:21:07Z,7.782,55,Metinic
6151,2021-05-06T20:26:07Z,7.782,63,Metinic
6152,2021-05-06T20:31:07Z,7.782,45,Metinic
6153,2021-05-06T20:36:07Z,7.782,44,Metinic
6154,2021-05-06T20:41:07Z,7.782,184,Metinic
6155,2021-05-06T20:46:07Z,7.9830000000000005,128,Metinic
6156,2021-05-06T20:51:07Z,8.082,121,Metinic
6157,2021-05-06T20:56:07Z,8.082,42,Metinic
6158,2021-05-06T21:01:07Z,8.182,95,Metinic
6159,2021-05-06T21:06:07Z,8.182,53,Metinic
6160,2021-05-06T21:11:07Z,8.182,34,Metinic
6161,2021-05-06T21:16:07Z,8.182,42,Metinic
6162,2021-05-06T21:21:07Z,8.182,28,Metinic
6163,2021-05-06T21:26:07Z,8.182,75,Metinic
6164,2021-05-06T21:31:07Z,8.182,25,Metinic
6165,2021-05-06T21:36:07Z,8.182,80,Metinic
6166,2021-05-06T21:41:07Z,8.182,97,Metinic
6167,2021-05-06T21:46:07Z,8.182,85,Metinic
6168,2021-05-06T21:51:07Z,8.182,64,Metinic
6169,2021-05-06T21:56:07Z,8.282,56,Metinic
6170,2021-05-06T22:01:07Z,8.282,59,Metinic
6171,2021-05-06T22:06:07Z,8.282,41,Metinic
6172,2021-05-06T22:11:07Z,8.282,36,Metinic
6173,2021-05-06T22:16:07Z,8.282,29,Metinic
6174,2021-05-06T22:21:07Z,8.282,32,Metinic
6175,2021-05-06T22:26:07Z,8.382000000000001,27,Metinic
6176,2021-05-06T22:31:07Z,8.382000000000001,7,Metinic
6177,2021-05-06T22:36:07Z,8.382000000000001,20,Metinic
6178,2021-05-06T22:41:07Z,8.382000000000001,19,Metinic
6179,2021-05-06T22:46:07Z,8.382000000000001,13,Metinic
6180,2021-05-06T22:51:07Z,8.382000000000001,8,Metinic
6181,2021-05-06T22:56:07Z,8.382000000000001,9,Metinic
6182,2021-05-06T23:01:07Z,8.481,2,Metinic
6183,2021-05-06T23:06:07Z,8.581,2,Metinic
6184,2021-05-06T23:11:07Z,8.481,2,Metinic
6185,2021-05-06T23:16:07Z,8.481,2,Metinic
6186,2021-05-06T23:21:07Z,8.481,1,Metinic
6187,2021-05-06T23:26:07Z,8.581,1,Metinic
6188,2021-05-06T23:31:07Z,8.581,0,Metinic
6189,2021-05-06T23:36:07Z,8.581,0,Metinic
6190,2021-05-06T23:41:07Z,8.581,0,Metinic
6191,2021-05-06T23:46:07Z,8.581,0,Metinic
6192,2021-05-06T23:51:07Z,8.481,0,Metinic
6193,2021-05-06T23:56:07Z,8.481,0,Metinic
6194,2021-05-07T00:01:07Z,8.382000000000001,0,Metinic
6195,2021-05-07T00:06:07Z,8.382000000000001,0,Metinic
6196,2021-05-07T00:11:07Z,8.282,0,Metinic
6197,2021-05-07T00:16:07Z,8.282,0,Metinic
6198,2021-05-07T00:21:07Z,8.282,0,Metinic
6199,2021-05-07T00:26:07Z,8.282,0,Metinic
6200,2021-05-07T00:31:07Z,8.282,0,Metinic
6201,2021-05-07T00:36:07Z,8.282,0,Metinic
6202,2021-05-07T00:41:07Z,8.282,0,Metinic
6203,2021-05-07T00:46:07Z,8.282,0,Metinic
6204,2021-05-07T00:51:07Z,8.182,0,Metinic
6205,2021-05-07T00:56:07Z,8.282,0,Metinic
6206,2021-05-07T01:01:07Z,8.282,0,Metinic
6207,2021-05-07T01:06:07Z,8.282,0,Metinic
6208,2021-05-07T01:11:07Z,8.182,0,Metinic
6209,2021-05-07T01:16:07Z,8.282,0,Metinic
6210,2021-05-07T01:21:07Z,8.182,0,Metinic
6211,2021-05-07T01:26:07Z,8.182,0,Metinic
6212,2021-05-07T01:31:07Z,8.182,0,Metinic
6213,2021-05-07T01:36:07Z,8.182,0,Metinic
6214,2021-05-07T01:41:07Z,8.282,0,Metinic
6215,2021-05-07T01:46:07Z,8.282,0,Metinic
6216,2021-05-07T01:51:07Z,8.282,0,Metinic
6217,2021-05-07T01:56:07Z,8.182,0,Metinic
6218,2021-05-07T02:01:07Z,8.082,0,Metinic
6219,2021-05-07T02:06:07Z,8.082,0,Metinic
6220,2021-05-07T02:11:07Z,7.882,0,Metinic
6221,2021-05-07T02:16:07Z,7.882,0,Metinic
6222,2021-05-07T02:21:07Z,7.882,0,Metinic
6223,2021-05-07T02:26:07Z,7.882,0,Metinic
6224,2021-05-07T02:31:07Z,7.882,0,Metinic
6225,2021-05-07T02:36:07Z,7.882,0,Metinic
6226,2021-05-07T02:41:07Z,7.882,0,Metinic
6227,2021-05-07T02:46:07Z,7.882,0,Metinic
6228,2021-05-07T02:51:07Z,7.6819999999999995,0,Metinic
6229,2021-05-07T02:56:07Z,7.582,0,Metinic
6230,2021-05-07T03:01:07Z,7.582,0,Metinic
6231,2021-05-07T03:06:07Z,7.582,0,Metinic
6232,2021-05-07T03:11:07Z,7.582,0,Metinic
6233,2021-05-07T03:16:07Z,7.582,0,Metinic
6234,2021-05-07T03:21:07Z,7.6819999999999995,0,Metinic
6235,2021-05-07T03:26:07Z,7.582,0,Metinic
6236,2021-05-07T03:31:07Z,7.582,0,Metinic
6237,2021-05-07T03:36:07Z,7.582,0,Metinic
6238,2021-05-07T03:41:07Z,7.582,0,Metinic
6239,2021-05-07T03:46:07Z,7.582,0,Metinic
6240,2021-05-07T03:51:07Z,7.582,0,Metinic
6241,2021-05-07T03:56:07Z,7.582,0,Metinic
6242,2021-05-07T04:01:07Z,7.582,0,Metinic
6243,2021-05-07T04:06:07Z,7.6819999999999995,0,Metinic
6244,2021-05-07T04:11:07Z,7.582,0,Metinic
6245,2021-05-07T04:16:07Z,7.481000000000001,0,Metinic
6246,2021-05-07T04:21:07Z,7.481000000000001,0,Metinic
6247,2021-05-07T04:26:07Z,7.582,0,Metinic
6248,2021-05-07T04:31:07Z,7.582,0,Metinic
6249,2021-05-07T04:36:07Z,7.582,0,Metinic
6250,2021-05-07T04:41:07Z,7.582,0,Metinic
6251,2021-05-07T04:46:07Z,7.481000000000001,0,Metinic
6252,2021-05-07T04:51:07Z,7.481000000000001,0,Metinic
6253,2021-05-07T04:56:07Z,7.481000000000001,0,Metinic
6254,2021-05-07T05:01:07Z,7.582,0,Metinic
6255,2021-05-07T05:06:07Z,7.6819999999999995,0,Metinic
6256,2021-05-07T05:11:07Z,7.782,0,Metinic
6257,2021-05-07T05:16:07Z,7.782,0,Metinic
6258,2021-05-07T05:21:07Z,7.9830000000000005,0,Metinic
6259,2021-05-07T05:26:07Z,8.082,0,Metinic
6260,2021-05-07T05:31:07Z,7.782,0,Metinic
6261,2021-05-07T05:36:07Z,7.782,0,Metinic
6262,2021-05-07T05:41:07Z,7.6819999999999995,0,Metinic
6263,2021-05-07T05:46:07Z,7.6819999999999995,0,Metinic
6264,2021-05-07T05:51:07Z,7.582,0,Metinic
6265,2021-05-07T05:56:07Z,7.582,0,Metinic
6266,2021-05-07T06:01:07Z,7.582,0,Metinic
6267,2021-05-07T06:06:07Z,7.582,0,Metinic
6268,2021-05-07T06:11:07Z,7.481000000000001,0,Metinic
6269,2021-05-07T06:16:07Z,7.481000000000001,0,Metinic
6270,2021-05-07T06:21:07Z,7.481000000000001,0,Metinic
6271,2021-05-07T06:26:07Z,7.481000000000001,0,Metinic
6272,2021-05-07T06:31:07Z,7.481000000000001,0,Metinic
6273,2021-05-07T06:36:07Z,7.481000000000001,0,Metinic
6274,2021-05-07T06:41:07Z,7.381,0,Metinic
6275,2021-05-07T06:46:07Z,7.481000000000001,0,Metinic
6276,2021-05-07T06:51:07Z,7.381,0,Metinic
6277,2021-05-07T06:56:07Z,7.381,0,Metinic
6278,2021-05-07T07:01:07Z,7.381,0,Metinic
6279,2021-05-07T07:06:07Z,7.381,0,Metinic
6280,2021-05-07T07:11:07Z,7.481000000000001,0,Metinic
6281,2021-05-07T07:16:07Z,7.6819999999999995,0,Metinic
6282,2021-05-07T07:21:07Z,7.6819999999999995,0,Metinic
6283,2021-05-07T07:26:07Z,7.28,0,Metinic
6284,2021-05-07T07:31:07Z,7.179,0,Metinic
6285,2021-05-07T07:36:07Z,7.079000000000001,0,Metinic
6286,2021-05-07T07:41:07Z,7.079000000000001,0,Metinic
6287,2021-05-07T07:46:07Z,7.079000000000001,0,Metinic
6288,2021-05-07T07:51:07Z,7.079000000000001,0,Metinic
6289,2021-05-07T07:56:07Z,7.079000000000001,0,Metinic
6290,2021-05-07T08:01:07Z,7.079000000000001,0,Metinic
6291,2021-05-07T08:06:07Z,7.28,0,Metinic
6292,2021-05-07T08:11:07Z,7.481000000000001,0,Metinic
6293,2021-05-07T08:16:07Z,7.6819999999999995,0,Metinic
6294,2021-05-07T08:21:07Z,7.782,0,Metinic
6295,2021-05-07T08:26:07Z,7.882,0,Metinic
6296,2021-05-07T08:31:07Z,7.782,0,Metinic
6297,2021-05-07T08:36:07Z,7.28,0,Metinic
6298,2021-05-07T08:41:07Z,7.179,0,Metinic
6299,2021-05-07T08:46:07Z,7.179,0,Metinic
6300,2021-05-07T08:51:07Z,7.28,0,Metinic
6301,2021-05-07T08:56:07Z,7.381,0,Metinic
6302,2021-05-07T09:01:07Z,7.481000000000001,0,Metinic
6303,2021-05-07T09:06:07Z,7.582,0,Metinic
6304,2021-05-07T09:11:07Z,7.582,0,Metinic
6305,2021-05-07T09:16:07Z,7.28,0,Metinic
6306,2021-05-07T09:21:07Z,7.179,0,Metinic
6307,2021-05-07T09:26:07Z,7.179,1,Metinic
6308,2021-05-07T09:31:07Z,7.179,1,Metinic
6309,2021-05-07T09:36:07Z,7.179,2,Metinic
6310,2021-05-07T09:41:07Z,7.28,3,Metinic
6311,2021-05-07T09:46:07Z,7.28,5,Metinic
6312,2021-05-07T09:51:07Z,7.381,5,Metinic
6313,2021-05-07T09:56:07Z,7.481000000000001,5,Metinic
6314,2021-05-07T10:01:07Z,7.582,6,Metinic
6315,2021-05-07T10:06:07Z,7.6819999999999995,8,Metinic
6316,2021-05-07T10:11:07Z,7.6819999999999995,8,Metinic
6317,2021-05-07T10:16:07Z,7.381,5,Metinic
6318,2021-05-07T10:21:07Z,7.28,8,Metinic
6319,2021-05-07T10:26:07Z,7.381,6,Metinic
6320,2021-05-07T10:31:07Z,7.28,12,Metinic
6321,2021-05-07T10:36:07Z,7.28,3,Metinic
6322,2021-05-07T10:41:07Z,7.381,8,Metinic
6323,2021-05-07T10:46:07Z,7.381,7,Metinic
6324,2021-05-07T10:51:07Z,7.481000000000001,12,Metinic
6325,2021-05-07T10:56:07Z,7.582,14,Metinic
6326,2021-05-07T11:01:07Z,7.582,13,Metinic
6327,2021-05-07T11:06:07Z,7.582,14,Metinic
6328,2021-05-07T11:11:07Z,7.6819999999999995,14,Metinic
6329,2021-05-07T11:16:07Z,7.6819999999999995,15,Metinic
6330,2021-05-07T11:21:07Z,7.6819999999999995,17,Metinic
6331,2021-05-07T11:26:07Z,7.6819999999999995,20,Metinic
6332,2021-05-07T11:31:07Z,7.6819999999999995,18,Metinic
6333,2021-05-07T11:36:07Z,7.782,17,Metinic
6334,2021-05-07T11:41:07Z,7.782,18,Metinic
6335,2021-05-07T11:46:07Z,7.782,19,Metinic
6336,2021-05-07T11:51:07Z,7.882,19,Metinic
6337,2021-05-07T11:56:07Z,7.882,16,Metinic
6338,2021-05-07T12:01:07Z,7.9830000000000005,14,Metinic
6339,2021-05-07T12:06:07Z,8.082,14,Metinic
6340,2021-05-07T12:11:07Z,8.082,14,Metinic
6341,2021-05-07T12:16:07Z,8.082,14,Metinic
6342,2021-05-07T12:21:07Z,8.082,11,Metinic
6343,2021-05-07T12:26:07Z,8.082,21,Metinic
6344,2021-05-07T12:31:07Z,8.082,13,Metinic
6345,2021-05-07T12:36:07Z,8.182,16,Metinic
6346,2021-05-07T12:41:07Z,8.082,19,Metinic
6347,2021-05-07T12:46:07Z,8.182,15,Metinic
6348,2021-05-07T12:51:07Z,8.182,13,Metinic
6349,2021-05-07T12:56:07Z,8.182,17,Metinic
6350,2021-05-07T13:01:07Z,8.082,17,Metinic
6351,2021-05-07T13:06:07Z,8.082,18,Metinic
6352,2021-05-07T13:11:07Z,7.9830000000000005,16,Metinic
6353,2021-05-07T13:16:07Z,7.9830000000000005,19,Metinic
6354,2021-05-07T13:21:07Z,7.9830000000000005,19,Metinic
6355,2021-05-07T13:26:07Z,7.782,19,Metinic
6356,2021-05-07T13:31:07Z,7.782,19,Metinic
6357,2021-05-07T13:36:07Z,7.782,24,Metinic
6358,2021-05-07T13:41:07Z,7.782,23,Metinic
6359,2021-05-07T13:46:07Z,7.882,35,Metinic
6360,2021-05-07T13:51:07Z,7.882,28,Metinic
6361,2021-05-07T13:56:07Z,7.882,31,Metinic
6362,2021-05-07T14:01:07Z,7.882,36,Metinic
6363,2021-05-07T14:06:07Z,7.782,30,Metinic
6364,2021-05-07T14:11:07Z,7.782,35,Metinic
6365,2021-05-07T14:16:07Z,7.6819999999999995,51,Metinic
6366,2021-05-07T14:21:07Z,7.6819999999999995,34,Metinic
6367,2021-05-07T14:26:07Z,7.782,36,Metinic
6368,2021-05-07T14:31:07Z,7.6819999999999995,38,Metinic
6369,2021-05-07T14:36:07Z,7.6819999999999995,80,Metinic
6370,2021-05-07T14:41:07Z,7.6819999999999995,42,Metinic
6371,2021-05-07T14:46:07Z,7.6819999999999995,41,Metinic
6372,2021-05-07T14:51:07Z,7.6819999999999995,40,Metinic
6373,2021-05-07T14:56:07Z,7.582,48,Metinic
6374,2021-05-07T15:01:07Z,7.582,47,Metinic
6375,2021-05-07T15:06:07Z,7.6819999999999995,42,Metinic
6376,2021-05-07T15:11:07Z,7.6819999999999995,42,Metinic
6377,2021-05-07T15:16:07Z,7.582,64,Metinic
6378,2021-05-07T15:21:07Z,7.6819999999999995,53,Metinic
6379,2021-05-07T15:26:07Z,7.582,58,Metinic
6380,2021-05-07T15:31:07Z,7.582,60,Metinic
6381,2021-05-07T15:36:07Z,7.582,68,Metinic
6382,2021-05-07T15:41:07Z,7.582,88,Metinic
6383,2021-05-07T15:46:07Z,7.582,67,Metinic
6384,2021-05-07T15:51:07Z,7.582,72,Metinic
6385,2021-05-07T15:56:07Z,7.582,110,Metinic
6386,2021-05-07T16:01:07Z,7.6819999999999995,65,Metinic
6387,2021-05-07T16:06:07Z,7.6819999999999995,61,Metinic
6388,2021-05-07T16:11:07Z,7.582,72,Metinic
6389,2021-05-07T16:16:07Z,7.582,77,Metinic
6390,2021-05-07T16:21:07Z,7.582,85,Metinic
6391,2021-05-07T16:26:07Z,7.782,71,Metinic
6392,2021-05-07T16:31:07Z,7.6819999999999995,74,Metinic
6393,2021-05-07T16:36:07Z,7.9830000000000005,84,Metinic
6394,2021-05-07T16:41:07Z,7.9830000000000005,90,Metinic
6395,2021-05-07T16:46:07Z,7.6819999999999995,38,Metinic
6396,2021-05-07T16:51:07Z,7.882,82,Metinic
6397,2021-05-07T16:56:07Z,8.082,100,Metinic
6398,2021-05-07T17:01:07Z,8.382000000000001,106,Metinic
6399,2021-05-07T17:06:07Z,8.182,95,Metinic
6400,2021-05-07T17:11:07Z,7.6819999999999995,109,Metinic
6401,2021-05-07T17:16:07Z,7.582,110,Metinic
6402,2021-05-07T17:21:07Z,7.782,94,Metinic
6403,2021-05-07T17:26:07Z,7.582,124,Metinic
6404,2021-05-07T17:31:07Z,7.782,128,Metinic
6405,2021-05-07T17:36:07Z,7.9830000000000005,121,Metinic
6406,2021-05-07T17:41:07Z,8.182,111,Metinic
6407,2021-05-07T17:46:07Z,8.481,128,Metinic
6408,2021-05-07T17:51:07Z,8.68,176,Metinic
6409,2021-05-07T17:56:07Z,8.581,232,Metinic
6410,2021-05-07T18:01:07Z,8.481,136,Metinic
6411,2021-05-07T18:06:07Z,8.581,136,Metinic
6412,2021-05-07T18:11:07Z,8.68,136,Metinic
6413,2021-05-07T18:16:07Z,8.282,126,Metinic
6414,2021-05-07T18:21:07Z,7.882,144,Metinic
6415,2021-05-07T18:26:07Z,7.882,168,Metinic
6416,2021-05-07T18:31:07Z,8.082,184,Metinic
6417,2021-05-07T18:36:07Z,8.182,168,Metinic
6418,2021-05-07T18:41:07Z,8.282,176,Metinic
6419,2021-05-07T18:46:07Z,8.282,512,Metinic
6420,2021-05-07T18:51:07Z,8.282,184,Metinic
6421,2021-05-07T18:56:07Z,8.282,152,Metinic
6422,2021-05-07T19:01:07Z,8.282,124,Metinic
6423,2021-05-07T19:06:07Z,8.382000000000001,232,Metinic
6424,2021-05-07T19:11:07Z,8.68,176,Metinic
6425,2021-05-07T19:16:07Z,8.978,116,Metinic
6426,2021-05-07T19:21:07Z,9.176,144,Metinic
6427,2021-05-07T19:26:07Z,9.275,152,Metinic
6428,2021-05-07T19:31:07Z,9.275,400,Metinic
6429,2021-05-07T19:36:07Z,9.373000000000001,224,Metinic
6430,2021-05-07T19:41:07Z,9.373000000000001,168,Metinic
6431,2021-05-07T19:46:07Z,9.373000000000001,125,Metinic
6432,2021-05-07T19:51:07Z,9.373000000000001,144,Metinic
6433,2021-05-07T19:56:07Z,9.275,248,Metinic
6434,2021-05-07T20:01:07Z,9.373000000000001,136,Metinic
6435,2021-05-07T20:06:07Z,9.373000000000001,116,Metinic
6436,2021-05-07T20:11:07Z,9.373000000000001,160,Metinic
6437,2021-05-07T20:16:07Z,9.373000000000001,152,Metinic
6438,2021-05-07T20:21:07Z,9.275,160,Metinic
6439,2021-05-07T20:26:07Z,9.176,128,Metinic
6440,2021-05-07T20:31:07Z,9.176,111,Metinic
6441,2021-05-07T20:36:07Z,9.077,144,Metinic
6442,2021-05-07T20:41:07Z,8.978,101,Metinic
6443,2021-05-07T20:46:07Z,8.978,160,Metinic
6444,2021-05-07T20:51:07Z,8.581,99,Metinic
6445,2021-05-07T20:56:07Z,8.282,50,Metinic
6446,2021-05-07T21:01:07Z,8.382000000000001,124,Metinic
6447,2021-05-07T21:06:07Z,8.382000000000001,168,Metinic
6448,2021-05-07T21:11:07Z,8.382000000000001,94,Metinic
6449,2021-05-07T21:16:07Z,8.282,119,Metinic
6450,2021-05-07T21:21:07Z,8.182,100,Metinic
6451,2021-05-07T21:26:07Z,8.082,50,Metinic
6452,2021-05-07T21:31:07Z,8.082,71,Metinic
6453,2021-05-07T21:36:07Z,8.082,86,Metinic
6454,2021-05-07T21:41:07Z,7.9830000000000005,93,Metinic
6455,2021-05-07T21:46:07Z,7.882,77,Metinic
6456,2021-05-07T21:51:07Z,7.782,72,Metinic
6457,2021-05-07T21:56:07Z,7.381,59,Metinic
6458,2021-05-07T22:01:07Z,7.381,58,Metinic
6459,2021-05-07T22:06:07Z,7.481000000000001,54,Metinic
6460,2021-05-07T22:11:07Z,7.582,45,Metinic
6461,2021-05-07T22:16:07Z,7.6819999999999995,47,Metinic
6462,2021-05-07T22:21:07Z,7.782,38,Metinic
6463,2021-05-07T22:26:07Z,7.782,21,Metinic
6464,2021-05-07T22:31:07Z,7.782,23,Metinic
6465,2021-05-07T22:36:07Z,7.782,16,Metinic
6466,2021-05-07T22:41:07Z,7.782,17,Metinic
6467,2021-05-07T22:46:07Z,7.6819999999999995,14,Metinic
6468,2021-05-07T22:51:07Z,7.6819999999999995,17,Metinic
6469,2021-05-07T22:56:07Z,7.582,11,Metinic
6470,2021-05-07T23:01:07Z,7.582,8,Metinic
6471,2021-05-07T23:06:07Z,7.6819999999999995,3,Metinic
6472,2021-05-07T23:11:07Z,7.582,2,Metinic
6473,2021-05-07T23:16:07Z,7.582,2,Metinic
6474,2021-05-07T23:21:07Z,7.582,1,Metinic
6475,2021-05-07T23:26:07Z,7.582,2,Metinic
6476,2021-05-07T23:31:07Z,7.582,0,Metinic
6477,2021-05-07T23:36:07Z,7.582,0,Metinic
6478,2021-05-07T23:41:07Z,7.582,0,Metinic
6479,2021-05-07T23:46:07Z,7.582,0,Metinic
6480,2021-05-07T23:51:07Z,7.582,0,Metinic
6481,2021-05-07T23:56:07Z,7.582,0,Metinic
6482,2021-05-08T00:01:07Z,7.582,0,Metinic
6483,2021-05-08T00:06:07Z,7.582,0,Metinic
6484,2021-05-08T00:11:07Z,7.582,0,Metinic
6485,2021-05-08T00:16:07Z,7.582,0,Metinic
6486,2021-05-08T00:21:07Z,7.582,0,Metinic
6487,2021-05-08T00:26:07Z,7.582,0,Metinic
6488,2021-05-08T00:31:07Z,7.582,0,Metinic
6489,2021-05-08T00:36:07Z,7.582,0,Metinic
6490,2021-05-08T00:41:07Z,7.6819999999999995,0,Metinic
6491,2021-05-08T00:46:07Z,7.6819999999999995,0,Metinic
6492,2021-05-08T00:51:07Z,7.6819999999999995,0,Metinic
6493,2021-05-08T00:56:07Z,7.6819999999999995,0,Metinic
6494,2021-05-08T01:01:07Z,7.6819999999999995,0,Metinic
6495,2021-05-08T01:06:07Z,7.782,0,Metinic
6496,2021-05-08T01:11:07Z,7.782,0,Metinic
6497,2021-05-08T01:16:07Z,7.6819999999999995,0,Metinic
6498,2021-05-08T01:21:07Z,7.6819999999999995,0,Metinic
6499,2021-05-08T01:26:07Z,7.6819999999999995,0,Metinic
6500,2021-05-08T01:31:07Z,7.6819999999999995,0,Metinic
6501,2021-05-08T01:36:07Z,7.6819999999999995,0,Metinic
6502,2021-05-08T01:41:07Z,7.6819999999999995,0,Metinic
6503,2021-05-08T01:46:07Z,7.6819999999999995,0,Metinic
6504,2021-05-08T01:51:07Z,7.6819999999999995,0,Metinic
6505,2021-05-08T01:56:07Z,7.782,0,Metinic
6506,2021-05-08T02:01:07Z,7.782,0,Metinic
6507,2021-05-08T02:06:07Z,7.782,0,Metinic
6508,2021-05-08T02:11:07Z,7.782,0,Metinic
6509,2021-05-08T02:16:07Z,7.782,0,Metinic
6510,2021-05-08T02:21:07Z,7.582,0,Metinic
6511,2021-05-08T02:26:07Z,7.582,0,Metinic
6512,2021-05-08T02:31:07Z,7.582,0,Metinic
6513,2021-05-08T02:36:07Z,7.582,0,Metinic
6514,2021-05-08T02:41:07Z,7.6819999999999995,0,Metinic
6515,2021-05-08T02:46:07Z,7.6819999999999995,0,Metinic
6516,2021-05-08T02:51:07Z,7.6819999999999995,0,Metinic
6517,2021-05-08T02:56:07Z,7.6819999999999995,0,Metinic
6518,2021-05-08T03:01:07Z,7.6819999999999995,0,Metinic
6519,2021-05-08T03:06:07Z,7.6819999999999995,0,Metinic
6520,2021-05-08T03:11:07Z,7.6819999999999995,0,Metinic
6521,2021-05-08T03:16:07Z,7.6819999999999995,0,Metinic
6522,2021-05-08T03:21:07Z,7.6819999999999995,0,Metinic
6523,2021-05-08T03:26:07Z,7.582,0,Metinic
6524,2021-05-08T03:31:07Z,7.582,0,Metinic
6525,2021-05-08T03:36:07Z,7.6819999999999995,0,Metinic
6526,2021-05-08T03:41:07Z,7.6819999999999995,0,Metinic
6527,2021-05-08T03:46:07Z,7.6819999999999995,0,Metinic
6528,2021-05-08T03:51:07Z,7.6819999999999995,0,Metinic
6529,2021-05-08T03:56:07Z,7.6819999999999995,0,Metinic
6530,2021-05-08T04:01:07Z,7.6819999999999995,0,Metinic
6531,2021-05-08T04:06:07Z,7.582,0,Metinic
6532,2021-05-08T04:11:07Z,7.481000000000001,0,Metinic
6533,2021-05-08T04:16:07Z,7.481000000000001,0,Metinic
6534,2021-05-08T04:21:07Z,7.381,0,Metinic
6535,2021-05-08T04:26:07Z,7.381,0,Metinic
6536,2021-05-08T04:31:07Z,7.381,0,Metinic
6537,2021-05-08T04:36:07Z,7.381,0,Metinic
6538,2021-05-08T04:41:07Z,7.381,0,Metinic
6539,2021-05-08T04:46:07Z,7.381,0,Metinic
6540,2021-05-08T04:51:07Z,7.381,0,Metinic
6541,2021-05-08T04:56:07Z,7.381,0,Metinic
6542,2021-05-08T05:01:07Z,7.28,0,Metinic
6543,2021-05-08T05:06:07Z,7.28,0,Metinic
6544,2021-05-08T05:11:07Z,7.179,0,Metinic
6545,2021-05-08T05:16:07Z,7.179,0,Metinic
6546,2021-05-08T05:21:07Z,7.179,0,Metinic
6547,2021-05-08T05:26:07Z,7.28,0,Metinic
6548,2021-05-08T05:31:07Z,7.28,0,Metinic
6549,2021-05-08T05:36:07Z,7.381,0,Metinic
6550,2021-05-08T05:41:07Z,7.582,0,Metinic
6551,2021-05-08T05:46:07Z,7.882,0,Metinic
6552,2021-05-08T05:51:07Z,7.882,0,Metinic
6553,2021-05-08T05:56:07Z,7.9830000000000005,0,Metinic
6554,2021-05-08T06:01:07Z,7.782,0,Metinic
6555,2021-05-08T06:06:07Z,7.6819999999999995,0,Metinic
6556,2021-05-08T06:11:07Z,7.481000000000001,0,Metinic
6557,2021-05-08T06:16:07Z,7.582,0,Metinic
6558,2021-05-08T06:21:07Z,8.082,0,Metinic
6559,2021-05-08T06:26:07Z,8.182,0,Metinic
6560,2021-05-08T06:31:07Z,7.9830000000000005,0,Metinic
6561,2021-05-08T06:36:07Z,7.782,0,Metinic
6562,2021-05-08T06:41:07Z,7.481000000000001,0,Metinic
6563,2021-05-08T06:46:07Z,7.381,0,Metinic
6564,2021-05-08T06:51:07Z,7.381,0,Metinic
6565,2021-05-08T06:56:07Z,7.782,0,Metinic
6566,2021-05-08T07:01:07Z,7.9830000000000005,0,Metinic
6567,2021-05-08T07:06:07Z,7.9830000000000005,0,Metinic
6568,2021-05-08T07:11:07Z,8.182,0,Metinic
6569,2021-05-08T07:16:07Z,8.282,0,Metinic
6570,2021-05-08T07:21:07Z,8.282,0,Metinic
6571,2021-05-08T07:26:07Z,8.282,0,Metinic
6572,2021-05-08T07:31:07Z,8.182,0,Metinic
6573,2021-05-08T07:36:07Z,8.282,0,Metinic
6574,2021-05-08T07:41:07Z,8.182,0,Metinic
6575,2021-05-08T07:46:07Z,8.282,0,Metinic
6576,2021-05-08T07:51:07Z,8.282,0,Metinic
6577,2021-05-08T07:56:07Z,8.182,0,Metinic
6578,2021-05-08T08:01:07Z,8.182,0,Metinic
6579,2021-05-08T08:06:07Z,8.082,0,Metinic
6580,2021-05-08T08:11:07Z,8.182,0,Metinic
6581,2021-05-08T08:16:07Z,8.082,0,Metinic
6582,2021-05-08T08:21:07Z,8.082,0,Metinic
6583,2021-05-08T08:26:07Z,8.082,0,Metinic
6584,2021-05-08T08:31:07Z,8.182,0,Metinic
6585,2021-05-08T08:36:07Z,8.182,0,Metinic
6586,2021-05-08T08:41:07Z,8.182,0,Metinic
6587,2021-05-08T08:46:07Z,8.182,0,Metinic
6588,2021-05-08T08:51:07Z,8.182,0,Metinic
6589,2021-05-08T08:56:07Z,8.082,0,Metinic
6590,2021-05-08T09:01:07Z,8.082,0,Metinic
6591,2021-05-08T09:06:07Z,8.082,0,Metinic
6592,2021-05-08T09:11:07Z,8.182,0,Metinic
6593,2021-05-08T09:16:07Z,8.182,0,Metinic
6594,2021-05-08T09:21:07Z,8.182,0,Metinic
6595,2021-05-08T09:26:07Z,8.182,0,Metinic
6596,2021-05-08T09:31:07Z,8.182,0,Metinic
6597,2021-05-08T09:36:07Z,8.182,0,Metinic
6598,2021-05-08T09:41:07Z,8.182,1,Metinic
6599,2021-05-08T09:46:07Z,8.182,1,Metinic
6600,2021-05-08T09:51:07Z,8.282,2,Metinic
6601,2021-05-08T09:56:07Z,8.182,3,Metinic
6602,2021-05-08T10:01:07Z,8.182,4,Metinic
6603,2021-05-08T10:06:07Z,8.182,4,Metinic
6604,2021-05-08T10:11:07Z,8.182,4,Metinic
6605,2021-05-08T10:16:07Z,8.182,5,Metinic
6606,2021-05-08T10:21:07Z,8.182,4,Metinic
6607,2021-05-08T10:26:07Z,8.182,4,Metinic
6608,2021-05-08T10:31:07Z,8.182,5,Metinic
6609,2021-05-08T10:36:07Z,8.182,5,Metinic
6610,2021-05-08T10:41:07Z,8.182,6,Metinic
6611,2021-05-08T10:46:07Z,8.182,6,Metinic
6612,2021-05-08T10:51:07Z,8.182,6,Metinic
6613,2021-05-08T10:56:07Z,8.182,7,Metinic
6614,2021-05-08T11:01:07Z,8.182,8,Metinic
6615,2021-05-08T11:06:07Z,8.182,9,Metinic
6616,2021-05-08T11:11:07Z,8.182,8,Metinic
6617,2021-05-08T11:16:07Z,8.182,9,Metinic
6618,2021-05-08T11:21:07Z,8.182,8,Metinic
6619,2021-05-08T11:26:07Z,8.182,8,Metinic
6620,2021-05-08T11:31:07Z,8.182,9,Metinic
6621,2021-05-08T11:36:07Z,8.182,9,Metinic
6622,2021-05-08T11:41:07Z,8.182,10,Metinic
6623,2021-05-08T11:46:07Z,8.182,10,Metinic
6624,2021-05-08T11:51:07Z,8.182,11,Metinic
6625,2021-05-08T11:56:07Z,8.282,13,Metinic
6626,2021-05-08T12:01:07Z,8.182,12,Metinic
6627,2021-05-08T12:06:07Z,8.282,9,Metinic
6628,2021-05-08T12:11:07Z,8.282,11,Metinic
6629,2021-05-08T12:16:07Z,8.182,9,Metinic
6630,2021-05-08T12:21:07Z,8.182,10,Metinic
6631,2021-05-08T12:26:07Z,8.182,9,Metinic
6632,2021-05-08T12:31:07Z,8.182,9,Metinic
6633,2021-05-08T12:36:07Z,8.182,10,Metinic
6634,2021-05-08T12:41:07Z,8.182,10,Metinic
6635,2021-05-08T12:46:07Z,8.182,10,Metinic
6636,2021-05-08T12:51:07Z,8.282,11,Metinic
6637,2021-05-08T12:56:07Z,8.282,20,Metinic
6638,2021-05-08T13:01:07Z,8.182,12,Metinic
6639,2021-05-08T13:06:07Z,8.282,12,Metinic
6640,2021-05-08T13:11:07Z,8.282,13,Metinic
6641,2021-05-08T13:16:07Z,8.182,13,Metinic
6642,2021-05-08T13:21:07Z,8.182,13,Metinic
6643,2021-05-08T13:26:07Z,8.182,20,Metinic
6644,2021-05-08T13:31:07Z,8.182,15,Metinic
6645,2021-05-08T13:36:07Z,8.182,16,Metinic
6646,2021-05-08T13:41:07Z,8.182,16,Metinic
6647,2021-05-08T13:46:07Z,8.282,15,Metinic
6648,2021-05-08T13:51:07Z,8.282,18,Metinic
6649,2021-05-08T13:56:07Z,8.282,14,Metinic
6650,2021-05-08T14:01:07Z,8.282,18,Metinic
6651,2021-05-08T14:06:07Z,8.282,20,Metinic
6652,2021-05-08T14:11:07Z,8.182,22,Metinic
6653,2021-05-08T14:16:07Z,8.082,40,Metinic
6654,2021-05-08T14:21:07Z,8.082,20,Metinic
6655,2021-05-08T14:26:07Z,7.9830000000000005,22,Metinic
6656,2021-05-08T14:31:07Z,7.9830000000000005,20,Metinic
6657,2021-05-08T14:36:07Z,7.9830000000000005,23,Metinic
6658,2021-05-08T14:41:07Z,7.882,38,Metinic
6659,2021-05-08T14:46:07Z,7.782,24,Metinic
6660,2021-05-08T14:51:07Z,7.782,20,Metinic
6661,2021-05-08T14:56:07Z,7.782,47,Metinic
6662,2021-05-08T15:01:07Z,7.782,33,Metinic
6663,2021-05-08T15:06:07Z,7.782,33,Metinic
6664,2021-05-08T15:11:07Z,7.782,46,Metinic
6665,2021-05-08T15:16:07Z,7.6819999999999995,42,Metinic
6666,2021-05-08T15:21:07Z,7.6819999999999995,38,Metinic
6667,2021-05-08T15:26:07Z,7.6819999999999995,47,Metinic
6668,2021-05-08T15:31:07Z,7.6819999999999995,51,Metinic
6669,2021-05-08T15:36:07Z,7.6819999999999995,51,Metinic
6670,2021-05-08T15:41:07Z,7.6819999999999995,56,Metinic
6671,2021-05-08T15:46:07Z,7.6819999999999995,71,Metinic
6672,2021-05-08T15:51:07Z,7.6819999999999995,87,Metinic
6673,2021-05-08T15:56:07Z,7.6819999999999995,51,Metinic
6674,2021-05-08T16:01:07Z,7.6819999999999995,56,Metinic
6675,2021-05-08T16:06:07Z,7.6819999999999995,80,Metinic
6676,2021-05-08T16:11:07Z,7.6819999999999995,62,Metinic
6677,2021-05-08T16:16:07Z,7.6819999999999995,113,Metinic
6678,2021-05-08T16:21:07Z,7.6819999999999995,59,Metinic
6679,2021-05-08T16:26:07Z,7.582,49,Metinic
6680,2021-05-08T16:31:07Z,7.582,42,Metinic
6681,2021-05-08T16:36:07Z,7.582,48,Metinic
6682,2021-05-08T16:41:07Z,7.582,44,Metinic
6683,2021-05-08T16:46:07Z,7.481000000000001,27,Metinic
6684,2021-05-08T16:51:07Z,7.481000000000001,83,Metinic
6685,2021-05-08T16:56:07Z,7.481000000000001,19,Metinic
6686,2021-05-08T17:01:07Z,7.481000000000001,38,Metinic
6687,2021-05-08T17:06:07Z,7.481000000000001,57,Metinic
6688,2021-05-08T17:11:07Z,7.381,10,Metinic
6689,2021-05-08T17:16:07Z,7.381,34,Metinic
6690,2021-05-08T17:21:07Z,7.381,41,Metinic
6691,2021-05-08T17:26:07Z,7.381,74,Metinic
6692,2021-05-08T17:31:07Z,7.381,50,Metinic
6693,2021-05-08T17:36:07Z,7.381,52,Metinic
6694,2021-05-08T17:41:07Z,7.381,55,Metinic
6695,2021-05-08T17:46:07Z,7.381,33,Metinic
6696,2021-05-08T17:51:07Z,7.381,22,Metinic
6697,2021-05-08T17:56:07Z,7.381,50,Metinic
6698,2021-05-08T18:01:07Z,7.381,90,Metinic
6699,2021-05-08T18:06:07Z,7.381,62,Metinic
6700,2021-05-08T18:11:07Z,7.381,58,Metinic
6701,2021-05-08T18:16:07Z,7.381,53,Metinic
6702,2021-05-08T18:21:07Z,7.381,128,Metinic
6703,2021-05-08T18:26:07Z,7.381,58,Metinic
6704,2021-05-08T18:31:07Z,7.582,110,Metinic
6705,2021-05-08T18:36:07Z,7.782,60,Metinic
6706,2021-05-08T18:41:07Z,7.882,56,Metinic
6707,2021-05-08T18:46:07Z,7.882,74,Metinic
6708,2021-05-08T18:51:07Z,7.882,65,Metinic
6709,2021-05-08T18:56:07Z,7.6819999999999995,48,Metinic
6710,2021-05-08T19:01:07Z,7.582,109,Metinic
6711,2021-05-08T19:06:07Z,7.6819999999999995,102,Metinic
6712,2021-05-08T19:11:07Z,7.6819999999999995,40,Metinic
6713,2021-05-08T19:16:07Z,7.481000000000001,30,Metinic
6714,2021-05-08T19:21:07Z,7.481000000000001,52,Metinic
6715,2021-05-08T19:26:07Z,7.481000000000001,55,Metinic
6716,2021-05-08T19:31:07Z,7.481000000000001,136,Metinic
6717,2021-05-08T19:36:07Z,7.481000000000001,70,Metinic
6718,2021-05-08T19:41:07Z,7.582,35,Metinic
6719,2021-05-08T19:46:07Z,7.582,58,Metinic
6720,2021-05-08T19:51:07Z,7.582,81,Metinic
6721,2021-05-08T19:56:07Z,7.6819999999999995,13,Metinic
6722,2021-05-08T20:01:07Z,7.6819999999999995,49,Metinic
6723,2021-05-08T20:06:07Z,7.6819999999999995,102,Metinic
6724,2021-05-08T20:11:07Z,7.782,44,Metinic
6725,2021-05-08T20:16:07Z,7.882,105,Metinic
6726,2021-05-08T20:21:07Z,7.882,55,Metinic
6727,2021-05-08T20:26:07Z,7.9830000000000005,55,Metinic
6728,2021-05-08T20:31:07Z,7.9830000000000005,70,Metinic
6729,2021-05-08T20:36:07Z,7.9830000000000005,57,Metinic
6730,2021-05-08T20:41:07Z,7.9830000000000005,119,Metinic
6731,2021-05-08T20:46:07Z,7.9830000000000005,35,Metinic
6732,2021-05-08T20:51:07Z,7.9830000000000005,99,Metinic
6733,2021-05-08T20:56:07Z,7.9830000000000005,34,Metinic
6734,2021-05-08T21:01:07Z,7.9830000000000005,45,Metinic
6735,2021-05-08T21:06:07Z,7.9830000000000005,45,Metinic
6736,2021-05-08T21:11:07Z,7.9830000000000005,32,Metinic
6737,2021-05-08T21:16:07Z,7.9830000000000005,33,Metinic
6738,2021-05-08T21:21:07Z,7.9830000000000005,9,Metinic
6739,2021-05-08T21:26:07Z,7.9830000000000005,23,Metinic
6740,2021-05-08T21:31:07Z,7.9830000000000005,24,Metinic
6741,2021-05-08T21:36:07Z,7.9830000000000005,46,Metinic
6742,2021-05-08T21:41:07Z,7.9830000000000005,23,Metinic
6743,2021-05-08T21:46:07Z,7.882,22,Metinic
6744,2021-05-08T21:51:07Z,7.882,20,Metinic
6745,2021-05-08T21:56:07Z,7.882,20,Metinic
6746,2021-05-08T22:01:07Z,7.882,38,Metinic
6747,2021-05-08T22:06:07Z,7.882,25,Metinic
6748,2021-05-08T22:11:07Z,7.9830000000000005,14,Metinic
6749,2021-05-08T22:16:07Z,7.9830000000000005,15,Metinic
6750,2021-05-08T22:21:07Z,7.9830000000000005,27,Metinic
6751,2021-05-08T22:26:07Z,7.9830000000000005,10,Metinic
6752,2021-05-08T22:31:07Z,7.9830000000000005,22,Metinic
6753,2021-05-08T22:36:07Z,7.882,11,Metinic
6754,2021-05-08T22:41:07Z,7.882,12,Metinic
6755,2021-05-08T22:46:07Z,7.882,6,Metinic
6756,2021-05-08T22:51:07Z,7.882,5,Metinic
6757,2021-05-08T22:56:07Z,7.882,5,Metinic
6758,2021-05-08T23:01:07Z,7.9830000000000005,3,Metinic
6759,2021-05-08T23:06:07Z,7.9830000000000005,2,Metinic
6760,2021-05-08T23:11:07Z,7.9830000000000005,4,Metinic
6761,2021-05-08T23:16:07Z,7.9830000000000005,1,Metinic
6762,2021-05-08T23:21:07Z,7.9830000000000005,1,Metinic
6763,2021-05-08T23:26:07Z,7.9830000000000005,1,Metinic
6764,2021-05-08T23:31:07Z,7.9830000000000005,0,Metinic
6765,2021-05-08T23:36:07Z,7.9830000000000005,0,Metinic
6766,2021-05-08T23:41:07Z,7.9830000000000005,0,Metinic
6767,2021-05-08T23:46:07Z,7.9830000000000005,0,Metinic
6768,2021-05-08T23:51:07Z,7.9830000000000005,0,Metinic
6769,2021-05-08T23:56:07Z,7.9830000000000005,0,Metinic
6770,2021-05-09T00:01:07Z,7.9830000000000005,0,Metinic
6771,2021-05-09T00:06:07Z,7.9830000000000005,0,Metinic
6772,2021-05-09T00:11:07Z,8.082,0,Metinic
6773,2021-05-09T00:16:07Z,8.082,0,Metinic
6774,2021-05-09T00:21:07Z,8.082,0,Metinic
6775,2021-05-09T00:26:07Z,8.082,0,Metinic
6776,2021-05-09T00:31:07Z,8.082,0,Metinic
6777,2021-05-09T00:36:07Z,8.082,0,Metinic
6778,2021-05-09T00:41:07Z,8.082,0,Metinic
6779,2021-05-09T00:46:07Z,8.082,0,Metinic
6780,2021-05-09T00:51:07Z,8.082,0,Metinic
6781,2021-05-09T00:56:07Z,8.082,0,Metinic
6782,2021-05-09T01:01:07Z,8.082,0,Metinic
6783,2021-05-09T01:06:07Z,8.082,0,Metinic
6784,2021-05-09T01:11:07Z,8.082,0,Metinic
6785,2021-05-09T01:16:07Z,8.082,0,Metinic
6786,2021-05-09T01:21:07Z,8.082,0,Metinic
6787,2021-05-09T01:26:07Z,8.082,0,Metinic
6788,2021-05-09T01:31:07Z,8.082,0,Metinic
6789,2021-05-09T01:36:07Z,8.082,0,Metinic
6790,2021-05-09T01:41:07Z,8.082,0,Metinic
6791,2021-05-09T01:46:07Z,8.082,0,Metinic
6792,2021-05-09T01:51:07Z,8.082,0,Metinic
6793,2021-05-09T01:56:07Z,8.082,0,Metinic
6794,2021-05-09T02:01:07Z,8.182,0,Metinic
6795,2021-05-09T02:06:07Z,8.082,0,Metinic
6796,2021-05-09T02:11:07Z,8.182,0,Metinic
6797,2021-05-09T02:16:07Z,8.182,0,Metinic
6798,2021-05-09T02:21:07Z,8.182,0,Metinic
6799,2021-05-09T02:26:07Z,8.182,0,Metinic
6800,2021-05-09T02:31:07Z,8.182,0,Metinic
6801,2021-05-09T02:36:07Z,8.082,0,Metinic
6802,2021-05-09T02:41:07Z,7.9830000000000005,0,Metinic
6803,2021-05-09T02:46:07Z,7.9830000000000005,0,Metinic
6804,2021-05-09T02:51:07Z,7.9830000000000005,0,Metinic
6805,2021-05-09T02:56:07Z,7.9830000000000005,0,Metinic
6806,2021-05-09T03:01:07Z,7.882,0,Metinic
6807,2021-05-09T03:06:07Z,7.882,0,Metinic
6808,2021-05-09T03:11:07Z,7.882,0,Metinic
6809,2021-05-09T03:16:07Z,7.882,0,Metinic
6810,2021-05-09T03:21:07Z,7.782,0,Metinic
6811,2021-05-09T03:26:07Z,7.782,0,Metinic
6812,2021-05-09T03:31:07Z,7.782,0,Metinic
6813,2021-05-09T03:36:07Z,7.782,0,Metinic
6814,2021-05-09T03:41:07Z,7.782,0,Metinic
6815,2021-05-09T03:46:07Z,7.6819999999999995,0,Metinic
6816,2021-05-09T03:51:07Z,7.6819999999999995,0,Metinic
6817,2021-05-09T03:56:07Z,7.582,0,Metinic
6818,2021-05-09T04:01:07Z,7.582,0,Metinic
6819,2021-05-09T04:06:07Z,7.582,0,Metinic
6820,2021-05-09T04:11:07Z,7.582,0,Metinic
6821,2021-05-09T04:16:07Z,7.582,0,Metinic
6822,2021-05-09T04:21:07Z,7.582,0,Metinic
6823,2021-05-09T04:26:07Z,7.582,0,Metinic
6824,2021-05-09T04:31:07Z,7.6819999999999995,0,Metinic
6825,2021-05-09T04:36:07Z,7.6819999999999995,0,Metinic
6826,2021-05-09T04:41:07Z,7.6819999999999995,0,Metinic
6827,2021-05-09T04:46:07Z,7.782,0,Metinic
6828,2021-05-09T04:51:07Z,7.582,0,Metinic
6829,2021-05-09T04:56:07Z,7.481000000000001,0,Metinic
6830,2021-05-09T05:01:07Z,7.481000000000001,0,Metinic
6831,2021-05-09T05:06:07Z,7.582,0,Metinic
6832,2021-05-09T05:11:07Z,7.6819999999999995,0,Metinic
6833,2021-05-09T05:16:07Z,7.882,0,Metinic
6834,2021-05-09T05:21:07Z,7.481000000000001,0,Metinic
6835,2021-05-09T05:26:07Z,7.381,0,Metinic
6836,2021-05-09T05:31:07Z,7.381,0,Metinic
6837,2021-05-09T05:36:07Z,7.481000000000001,0,Metinic
6838,2021-05-09T05:41:07Z,7.6819999999999995,0,Metinic
6839,2021-05-09T05:46:07Z,7.782,0,Metinic
6840,2021-05-09T05:51:07Z,7.882,0,Metinic
6841,2021-05-09T05:56:07Z,7.582,0,Metinic
6842,2021-05-09T06:01:07Z,7.481000000000001,0,Metinic
6843,2021-05-09T06:06:07Z,7.381,0,Metinic
6844,2021-05-09T06:11:07Z,7.381,0,Metinic
6845,2021-05-09T06:16:07Z,7.481000000000001,0,Metinic
6846,2021-05-09T06:21:07Z,7.381,0,Metinic
6847,2021-05-09T06:26:07Z,7.481000000000001,0,Metinic
6848,2021-05-09T06:31:07Z,7.582,0,Metinic
6849,2021-05-09T06:36:07Z,7.6819999999999995,0,Metinic
6850,2021-05-09T06:41:07Z,7.882,0,Metinic
6851,2021-05-09T06:46:07Z,7.9830000000000005,0,Metinic
6852,2021-05-09T06:51:07Z,7.9830000000000005,0,Metinic
6853,2021-05-09T06:56:07Z,7.9830000000000005,0,Metinic
6854,2021-05-09T07:01:07Z,8.082,0,Metinic
6855,2021-05-09T07:06:07Z,8.082,0,Metinic
6856,2021-05-09T07:11:07Z,7.9830000000000005,0,Metinic
6857,2021-05-09T07:16:07Z,7.9830000000000005,0,Metinic
6858,2021-05-09T07:21:07Z,7.782,0,Metinic
6859,2021-05-09T07:26:07Z,7.481000000000001,0,Metinic
6860,2021-05-09T07:31:07Z,7.381,0,Metinic
6861,2021-05-09T07:36:07Z,7.381,0,Metinic
6862,2021-05-09T07:41:07Z,7.381,0,Metinic
6863,2021-05-09T07:46:07Z,7.381,0,Metinic
6864,2021-05-09T07:51:07Z,7.481000000000001,0,Metinic
6865,2021-05-09T07:56:07Z,7.6819999999999995,0,Metinic
6866,2021-05-09T08:01:07Z,7.6819999999999995,0,Metinic
6867,2021-05-09T08:06:07Z,7.782,0,Metinic
6868,2021-05-09T08:11:07Z,7.782,0,Metinic
6869,2021-05-09T08:16:07Z,7.782,0,Metinic
6870,2021-05-09T08:21:07Z,7.882,0,Metinic
6871,2021-05-09T08:26:07Z,7.882,0,Metinic
6872,2021-05-09T08:31:07Z,7.9830000000000005,0,Metinic
6873,2021-05-09T08:36:07Z,7.9830000000000005,0,Metinic
6874,2021-05-09T08:41:07Z,7.9830000000000005,0,Metinic
6875,2021-05-09T08:46:07Z,7.882,0,Metinic
6876,2021-05-09T08:51:07Z,7.882,0,Metinic
6877,2021-05-09T08:56:07Z,7.882,0,Metinic
6878,2021-05-09T09:01:07Z,7.882,0,Metinic
6879,2021-05-09T09:06:07Z,7.882,0,Metinic
6880,2021-05-09T09:11:07Z,7.882,0,Metinic
6881,2021-05-09T09:16:07Z,7.882,0,Metinic
6882,2021-05-09T09:21:07Z,7.882,0,Metinic
6883,2021-05-09T09:26:07Z,7.882,0,Metinic
6884,2021-05-09T09:31:07Z,7.582,0,Metinic
6885,2021-05-09T09:36:07Z,7.582,0,Metinic
6886,2021-05-09T09:41:07Z,7.6819999999999995,2,Metinic
6887,2021-05-09T09:46:07Z,7.6819999999999995,6,Metinic
6888,2021-05-09T09:51:07Z,7.6819999999999995,6,Metinic
6889,2021-05-09T09:56:07Z,7.6819999999999995,5,Metinic
6890,2021-05-09T10:01:07Z,7.782,3,Metinic
6891,2021-05-09T10:06:07Z,7.782,6,Metinic
6892,2021-05-09T10:11:07Z,7.782,2,Metinic
6893,2021-05-09T10:16:07Z,7.882,13,Metinic
6894,2021-05-09T10:21:07Z,7.6819999999999995,11,Metinic
6895,2021-05-09T10:26:07Z,7.582,19,Metinic
6896,2021-05-09T10:31:07Z,7.481000000000001,14,Metinic
6897,2021-05-09T10:36:07Z,7.481000000000001,14,Metinic
6898,2021-05-09T10:41:07Z,7.481000000000001,16,Metinic
6899,2021-05-09T10:46:07Z,7.481000000000001,13,Metinic
6900,2021-05-09T10:51:07Z,7.381,13,Metinic
6901,2021-05-09T10:56:07Z,7.481000000000001,14,Metinic
6902,2021-05-09T11:01:07Z,7.481000000000001,13,Metinic
6903,2021-05-09T11:06:07Z,7.582,9,Metinic
6904,2021-05-09T11:11:07Z,7.481000000000001,16,Metinic
6905,2021-05-09T11:16:07Z,7.481000000000001,19,Metinic
6906,2021-05-09T11:21:07Z,7.381,21,Metinic
6907,2021-05-09T11:26:07Z,7.381,21,Metinic
6908,2021-05-09T11:31:07Z,7.381,31,Metinic
6909,2021-05-09T11:36:07Z,7.381,31,Metinic
6910,2021-05-09T11:41:07Z,7.381,21,Metinic
6911,2021-05-09T11:46:07Z,7.481000000000001,41,Metinic
6912,2021-05-09T11:51:07Z,7.481000000000001,25,Metinic
6913,2021-05-09T11:56:07Z,7.582,21,Metinic
6914,2021-05-09T12:01:07Z,7.582,25,Metinic
6915,2021-05-09T12:06:07Z,7.582,25,Metinic
6916,2021-05-09T12:11:07Z,7.582,34,Metinic
6917,2021-05-09T12:16:07Z,7.582,30,Metinic
6918,2021-05-09T12:21:07Z,7.582,29,Metinic
6919,2021-05-09T12:26:07Z,7.582,32,Metinic
6920,2021-05-09T12:31:07Z,7.582,36,Metinic
6921,2021-05-09T12:36:07Z,7.582,24,Metinic
6922,2021-05-09T12:41:07Z,7.582,40,Metinic
6923,2021-05-09T12:46:07Z,7.481000000000001,29,Metinic
6924,2021-05-09T12:51:07Z,7.481000000000001,40,Metinic
6925,2021-05-09T12:56:07Z,7.481000000000001,24,Metinic
6926,2021-05-09T13:01:07Z,7.481000000000001,31,Metinic
6927,2021-05-09T13:06:07Z,7.481000000000001,37,Metinic
6928,2021-05-09T13:11:07Z,7.481000000000001,30,Metinic
6929,2021-05-09T13:16:07Z,7.582,35,Metinic
6930,2021-05-09T13:21:07Z,7.582,47,Metinic
6931,2021-05-09T13:26:07Z,7.6819999999999995,36,Metinic
6932,2021-05-09T13:31:07Z,7.582,34,Metinic
6933,2021-05-09T13:36:07Z,7.582,35,Metinic
6934,2021-05-09T13:41:07Z,7.582,71,Metinic
6935,2021-05-09T13:46:07Z,7.582,38,Metinic
6936,2021-05-09T13:51:07Z,7.582,35,Metinic
6937,2021-05-09T13:56:07Z,7.582,38,Metinic
6938,2021-05-09T14:01:07Z,7.582,38,Metinic
6939,2021-05-09T14:06:07Z,7.6819999999999995,31,Metinic
6940,2021-05-09T14:11:07Z,7.6819999999999995,40,Metinic
6941,2021-05-09T14:16:07Z,7.6819999999999995,45,Metinic
6942,2021-05-09T14:21:07Z,7.6819999999999995,48,Metinic
6943,2021-05-09T14:26:07Z,7.6819999999999995,56,Metinic
6944,2021-05-09T14:31:07Z,7.782,38,Metinic
6945,2021-05-09T14:36:07Z,7.782,45,Metinic
6946,2021-05-09T14:41:07Z,7.9830000000000005,40,Metinic
6947,2021-05-09T14:46:07Z,8.082,44,Metinic
6948,2021-05-09T14:51:07Z,7.9830000000000005,46,Metinic
6949,2021-05-09T14:56:07Z,7.9830000000000005,42,Metinic
6950,2021-05-09T15:01:07Z,7.9830000000000005,48,Metinic
6951,2021-05-09T15:06:07Z,8.182,46,Metinic
6952,2021-05-09T15:11:07Z,8.282,58,Metinic
6953,2021-05-09T15:16:07Z,8.382000000000001,49,Metinic
6954,2021-05-09T15:21:07Z,8.382000000000001,42,Metinic
6955,2021-05-09T15:26:07Z,8.382000000000001,44,Metinic
6956,2021-05-09T15:31:07Z,8.382000000000001,53,Metinic
6957,2021-05-09T15:36:07Z,8.481,92,Metinic
6958,2021-05-09T15:41:07Z,8.481,57,Metinic
6959,2021-05-09T15:46:07Z,8.481,73,Metinic
6960,2021-05-09T15:51:07Z,8.382000000000001,65,Metinic
6961,2021-05-09T15:56:07Z,8.282,72,Metinic
6962,2021-05-09T16:01:07Z,8.282,61,Metinic
6963,2021-05-09T16:06:07Z,8.282,31,Metinic
6964,2021-05-09T16:11:07Z,8.082,72,Metinic
6965,2021-05-09T16:16:07Z,8.082,70,Metinic
6966,2021-05-09T16:21:07Z,8.082,82,Metinic
6967,2021-05-09T16:26:07Z,7.9830000000000005,78,Metinic
6968,2021-05-09T16:31:07Z,7.9830000000000005,45,Metinic
6969,2021-05-09T16:36:07Z,7.882,88,Metinic
6970,2021-05-09T16:41:07Z,7.882,97,Metinic
6971,2021-05-09T16:46:07Z,7.782,30,Metinic
6972,2021-05-09T16:51:07Z,7.782,88,Metinic
6973,2021-05-09T16:56:07Z,7.782,108,Metinic
6974,2021-05-09T17:01:07Z,7.882,97,Metinic
6975,2021-05-09T17:06:07Z,7.9830000000000005,104,Metinic
6976,2021-05-09T17:11:07Z,7.9830000000000005,192,Metinic
6977,2021-05-09T17:16:07Z,7.9830000000000005,96,Metinic
6978,2021-05-09T17:21:07Z,7.9830000000000005,122,Metinic
6979,2021-05-09T17:26:07Z,8.082,128,Metinic
6980,2021-05-09T17:31:07Z,8.182,128,Metinic
6981,2021-05-09T17:36:07Z,8.082,152,Metinic
6982,2021-05-09T17:41:07Z,8.082,68,Metinic
6983,2021-05-09T17:46:07Z,8.182,152,Metinic
6984,2021-05-09T17:51:07Z,8.282,56,Metinic
6985,2021-05-09T17:56:07Z,8.382000000000001,144,Metinic
6986,2021-05-09T18:01:07Z,7.882,160,Metinic
6987,2021-05-09T18:06:07Z,7.6819999999999995,232,Metinic
6988,2021-05-09T18:11:07Z,7.782,200,Metinic
6989,2021-05-09T18:16:07Z,7.882,144,Metinic
6990,2021-05-09T18:21:07Z,8.082,144,Metinic
6991,2021-05-09T18:26:07Z,8.282,192,Metinic
6992,2021-05-09T18:31:07Z,8.282,160,Metinic
6993,2021-05-09T18:36:07Z,8.382000000000001,192,Metinic
6994,2021-05-09T18:41:07Z,8.481,59,Metinic
6995,2021-05-09T18:46:07Z,8.581,106,Metinic
6996,2021-05-09T18:51:07Z,8.581,136,Metinic
6997,2021-05-09T18:56:07Z,8.68,216,Metinic
6998,2021-05-09T19:01:07Z,8.68,384,Metinic
6999,2021-05-09T19:06:07Z,8.581,100,Metinic
7000,2021-05-09T19:11:07Z,8.68,200,Metinic
7001,2021-05-09T19:16:07Z,8.779,126,Metinic
7002,2021-05-09T19:21:07Z,8.779,184,Metinic
7003,2021-05-09T19:26:07Z,8.879000000000001,176,Metinic
7004,2021-05-09T19:31:07Z,8.879000000000001,248,Metinic
7005,2021-05-09T19:36:07Z,8.879000000000001,200,Metinic
7006,2021-05-09T19:41:07Z,8.879000000000001,152,Metinic
7007,2021-05-09T19:46:07Z,8.879000000000001,144,Metinic
7008,2021-05-09T19:51:07Z,8.779,192,Metinic
7009,2021-05-09T19:56:07Z,8.779,168,Metinic
7010,2021-05-09T20:01:07Z,8.779,240,Metinic
7011,2021-05-09T20:06:07Z,8.779,144,Metinic
7012,2021-05-09T20:11:07Z,8.779,152,Metinic
7013,2021-05-09T20:16:07Z,8.581,184,Metinic
7014,2021-05-09T20:21:07Z,8.481,160,Metinic
7015,2021-05-09T20:26:07Z,8.481,115,Metinic
7016,2021-05-09T20:31:07Z,8.481,128,Metinic
7017,2021-05-09T20:36:07Z,8.481,92,Metinic
7018,2021-05-09T20:41:07Z,8.282,118,Metinic
7019,2021-05-09T20:46:07Z,8.382000000000001,118,Metinic
7020,2021-05-09T20:51:07Z,8.382000000000001,109,Metinic
7021,2021-05-09T20:56:07Z,8.382000000000001,208,Metinic
7022,2021-05-09T21:01:07Z,8.382000000000001,72,Metinic
7023,2021-05-09T21:06:07Z,8.282,240,Metinic
7024,2021-05-09T21:11:07Z,7.782,53,Metinic
7025,2021-05-09T21:16:07Z,7.381,109,Metinic
7026,2021-05-09T21:21:07Z,7.28,77,Metinic
7027,2021-05-09T21:26:07Z,7.28,30,Metinic
7028,2021-05-09T21:31:07Z,7.28,81,Metinic
7029,2021-05-09T21:36:07Z,7.28,80,Metinic
7030,2021-05-09T21:41:07Z,7.381,34,Metinic
7031,2021-05-09T21:46:07Z,7.28,60,Metinic
7032,2021-05-09T21:51:07Z,7.28,65,Metinic
7033,2021-05-09T21:56:07Z,7.381,21,Metinic
7034,2021-05-09T22:01:07Z,7.28,38,Metinic
7035,2021-05-09T22:06:07Z,7.179,61,Metinic
7036,2021-05-09T22:11:07Z,7.179,30,Metinic
7037,2021-05-09T22:16:07Z,7.28,28,Metinic
7038,2021-05-09T22:21:07Z,7.28,16,Metinic
7039,2021-05-09T22:26:07Z,7.481000000000001,34,Metinic
7040,2021-05-09T22:31:07Z,7.481000000000001,20,Metinic
7041,2021-05-09T22:36:07Z,7.582,29,Metinic
7042,2021-05-09T22:41:07Z,7.582,15,Metinic
7043,2021-05-09T22:46:07Z,7.582,13,Metinic
7044,2021-05-09T22:51:07Z,7.582,13,Metinic
7045,2021-05-09T22:56:07Z,7.481000000000001,10,Metinic
7046,2021-05-09T23:01:07Z,7.481000000000001,9,Metinic
7047,2021-05-09T23:06:07Z,7.381,8,Metinic
7048,2021-05-09T23:11:07Z,7.381,4,Metinic
7049,2021-05-09T23:16:07Z,7.481000000000001,2,Metinic
7050,2021-05-09T23:21:07Z,7.481000000000001,2,Metinic
7051,2021-05-09T23:26:07Z,7.582,2,Metinic
7052,2021-05-09T23:31:07Z,7.481000000000001,0,Metinic
7053,2021-05-09T23:36:07Z,7.381,0,Metinic
7054,2021-05-09T23:41:07Z,7.381,0,Metinic
7055,2021-05-09T23:46:07Z,7.28,0,Metinic
7056,2021-05-09T23:51:07Z,7.28,0,Metinic
7057,2021-05-09T23:56:07Z,7.28,0,Metinic
7058,2021-05-10T00:01:07Z,7.28,0,Metinic
7059,2021-05-10T00:06:07Z,7.28,0,Metinic
7060,2021-05-10T00:11:07Z,7.381,0,Metinic
7061,2021-05-10T00:16:07Z,7.381,0,Metinic
7062,2021-05-10T00:21:07Z,7.481000000000001,0,Metinic
7063,2021-05-10T00:26:07Z,7.481000000000001,0,Metinic
7064,2021-05-10T00:31:07Z,7.381,0,Metinic
7065,2021-05-10T00:36:07Z,7.381,0,Metinic
7066,2021-05-10T00:41:07Z,7.381,0,Metinic
7067,2021-05-10T00:46:07Z,7.381,0,Metinic
7068,2021-05-10T00:51:07Z,7.381,0,Metinic
7069,2021-05-10T00:56:07Z,7.381,0,Metinic
7070,2021-05-10T01:01:07Z,7.381,0,Metinic
7071,2021-05-10T01:06:07Z,7.381,0,Metinic
7072,2021-05-10T01:11:07Z,7.381,0,Metinic
7073,2021-05-10T01:16:07Z,7.381,0,Metinic
7074,2021-05-10T01:21:07Z,7.381,0,Metinic
7075,2021-05-10T01:26:07Z,7.381,0,Metinic
7076,2021-05-10T01:31:07Z,7.381,0,Metinic
7077,2021-05-10T01:36:07Z,7.381,0,Metinic
7078,2021-05-10T01:41:07Z,7.381,0,Metinic
7079,2021-05-10T01:46:07Z,7.381,0,Metinic
7080,2021-05-10T01:51:07Z,7.381,0,Metinic
7081,2021-05-10T01:56:07Z,7.381,0,Metinic
7082,2021-05-10T02:01:07Z,7.381,0,Metinic
7083,2021-05-10T02:06:07Z,7.381,0,Metinic
7084,2021-05-10T02:11:07Z,7.28,0,Metinic
7085,2021-05-10T02:16:07Z,7.28,0,Metinic
7086,2021-05-10T02:21:07Z,7.381,0,Metinic
7087,2021-05-10T02:26:07Z,7.381,0,Metinic
7088,2021-05-10T02:31:07Z,7.381,0,Metinic
7089,2021-05-10T02:36:07Z,7.481000000000001,0,Metinic
7090,2021-05-10T02:41:07Z,7.582,0,Metinic
7091,2021-05-10T02:46:07Z,7.582,0,Metinic
7092,2021-05-10T02:51:07Z,7.582,0,Metinic
7093,2021-05-10T02:56:07Z,7.582,0,Metinic
7094,2021-05-10T03:01:07Z,7.6819999999999995,0,Metinic
7095,2021-05-10T03:06:07Z,7.6819999999999995,0,Metinic
7096,2021-05-10T03:11:07Z,7.6819999999999995,0,Metinic
7097,2021-05-10T03:16:07Z,7.6819999999999995,0,Metinic
7098,2021-05-10T03:21:07Z,7.782,0,Metinic
7099,2021-05-10T03:26:07Z,7.782,0,Metinic
7100,2021-05-10T03:31:07Z,7.782,0,Metinic
7101,2021-05-10T03:36:07Z,7.782,0,Metinic
7102,2021-05-10T03:41:07Z,7.782,0,Metinic
7103,2021-05-10T03:46:07Z,7.782,0,Metinic
7104,2021-05-10T03:51:07Z,7.782,0,Metinic
7105,2021-05-10T03:56:07Z,7.782,0,Metinic
7106,2021-05-10T04:01:07Z,7.782,0,Metinic
7107,2021-05-10T04:06:07Z,7.782,0,Metinic
7108,2021-05-10T04:11:07Z,7.782,0,Metinic
7109,2021-05-10T04:16:07Z,7.782,0,Metinic
7110,2021-05-10T04:21:07Z,7.782,0,Metinic
7111,2021-05-10T04:26:07Z,7.882,0,Metinic
7112,2021-05-10T04:31:07Z,7.882,0,Metinic
7113,2021-05-10T04:36:07Z,7.9830000000000005,0,Metinic
7114,2021-05-10T04:41:07Z,7.9830000000000005,0,Metinic
7115,2021-05-10T04:46:07Z,7.9830000000000005,0,Metinic
7116,2021-05-10T04:51:07Z,7.882,0,Metinic
7117,2021-05-10T04:56:07Z,7.782,0,Metinic
7118,2021-05-10T05:01:07Z,7.782,0,Metinic
7119,2021-05-10T05:06:07Z,7.882,0,Metinic
7120,2021-05-10T05:11:07Z,7.882,0,Metinic
7121,2021-05-10T05:16:07Z,7.882,0,Metinic
7122,2021-05-10T05:21:07Z,7.782,0,Metinic
7123,2021-05-10T05:26:07Z,7.782,0,Metinic
7124,2021-05-10T05:31:07Z,7.582,0,Metinic
7125,2021-05-10T05:36:07Z,7.481000000000001,0,Metinic
7126,2021-05-10T05:41:07Z,7.381,0,Metinic
7127,2021-05-10T05:46:07Z,7.381,0,Metinic
7128,2021-05-10T05:51:07Z,7.381,0,Metinic
7129,2021-05-10T05:56:07Z,7.381,0,Metinic
7130,2021-05-10T06:01:07Z,7.481000000000001,0,Metinic
7131,2021-05-10T06:06:07Z,7.481000000000001,0,Metinic
7132,2021-05-10T06:11:07Z,7.381,0,Metinic
7133,2021-05-10T06:16:07Z,7.381,0,Metinic
7134,2021-05-10T06:21:07Z,7.28,0,Metinic
7135,2021-05-10T06:26:07Z,7.28,0,Metinic
7136,2021-05-10T06:31:07Z,7.28,0,Metinic
7137,2021-05-10T06:36:07Z,7.381,0,Metinic
7138,2021-05-10T06:41:07Z,7.381,0,Metinic
7139,2021-05-10T06:46:07Z,7.381,0,Metinic
7140,2021-05-10T06:51:07Z,7.481000000000001,0,Metinic
7141,2021-05-10T06:56:07Z,7.582,0,Metinic
7142,2021-05-10T07:01:07Z,7.6819999999999995,0,Metinic
7143,2021-05-10T07:06:07Z,7.782,0,Metinic
7144,2021-05-10T07:11:07Z,7.782,0,Metinic
7145,2021-05-10T07:16:07Z,7.782,0,Metinic
7146,2021-05-10T07:21:07Z,7.882,0,Metinic
7147,2021-05-10T07:26:07Z,7.782,0,Metinic
7148,2021-05-10T07:31:07Z,7.6819999999999995,0,Metinic
7149,2021-05-10T07:36:07Z,7.582,0,Metinic
7150,2021-05-10T07:41:07Z,7.582,0,Metinic
7151,2021-05-10T07:46:07Z,7.481000000000001,0,Metinic
7152,2021-05-10T07:51:07Z,7.481000000000001,0,Metinic
7153,2021-05-10T07:56:07Z,7.481000000000001,0,Metinic
7154,2021-05-10T08:01:07Z,7.481000000000001,0,Metinic
7155,2021-05-10T08:06:07Z,7.381,0,Metinic
7156,2021-05-10T08:11:07Z,7.381,0,Metinic
7157,2021-05-10T08:16:07Z,7.381,0,Metinic
7158,2021-05-10T08:21:07Z,7.381,0,Metinic
7159,2021-05-10T08:26:07Z,7.381,0,Metinic
7160,2021-05-10T08:31:07Z,7.381,0,Metinic
7161,2021-05-10T08:36:07Z,7.381,0,Metinic
7162,2021-05-10T08:41:07Z,7.381,0,Metinic
7163,2021-05-10T08:46:07Z,7.381,0,Metinic
7164,2021-05-10T08:51:07Z,7.381,0,Metinic
7165,2021-05-10T08:56:07Z,7.381,0,Metinic
7166,2021-05-10T09:01:07Z,7.381,0,Metinic
7167,2021-05-10T09:06:07Z,7.381,0,Metinic
7168,2021-05-10T09:11:07Z,7.381,0,Metinic
7169,2021-05-10T09:16:07Z,7.381,0,Metinic
7170,2021-05-10T09:21:07Z,7.381,0,Metinic
7171,2021-05-10T09:26:07Z,7.28,0,Metinic
7172,2021-05-10T09:31:07Z,7.28,0,Metinic
7173,2021-05-10T09:36:07Z,7.28,0,Metinic
7174,2021-05-10T09:41:07Z,7.28,1,Metinic
7175,2021-05-10T09:46:07Z,7.179,2,Metinic
7176,2021-05-10T09:51:07Z,7.079000000000001,1,Metinic
7177,2021-05-10T09:56:07Z,7.079000000000001,3,Metinic
7178,2021-05-10T10:01:07Z,7.079000000000001,7,Metinic
7179,2021-05-10T10:06:07Z,7.079000000000001,4,Metinic
7180,2021-05-10T10:11:07Z,7.079000000000001,6,Metinic
7181,2021-05-10T10:16:07Z,7.079000000000001,8,Metinic
7182,2021-05-10T10:21:07Z,7.079000000000001,8,Metinic
7183,2021-05-10T10:26:07Z,7.079000000000001,9,Metinic
7184,2021-05-10T10:31:07Z,7.079000000000001,30,Metinic
7185,2021-05-10T10:36:07Z,7.079000000000001,20,Metinic
7186,2021-05-10T10:41:07Z,7.079000000000001,20,Metinic
7187,2021-05-10T10:46:07Z,7.079000000000001,14,Metinic
7188,2021-05-10T10:51:07Z,7.179,13,Metinic
7189,2021-05-10T10:56:07Z,7.28,13,Metinic
7190,2021-05-10T11:01:07Z,7.28,19,Metinic
7191,2021-05-10T11:06:07Z,7.28,13,Metinic
7192,2021-05-10T11:11:07Z,7.28,22,Metinic
7193,2021-05-10T11:16:07Z,7.28,16,Metinic
7194,2021-05-10T11:21:07Z,7.28,23,Metinic
7195,2021-05-10T11:26:07Z,7.381,23,Metinic
7196,2021-05-10T11:31:07Z,7.381,14,Metinic
7197,2021-05-10T11:36:07Z,7.381,27,Metinic
7198,2021-05-10T11:41:07Z,7.481000000000001,11,Metinic
7199,2021-05-10T11:46:07Z,7.481000000000001,22,Metinic
7200,2021-05-10T11:51:07Z,7.582,8,Metinic
7201,2021-05-10T11:56:07Z,7.6819999999999995,64,Metinic
7202,2021-05-10T12:01:07Z,7.6819999999999995,28,Metinic
7203,2021-05-10T12:06:07Z,7.481000000000001,49,Metinic
7204,2021-05-10T12:11:07Z,7.582,37,Metinic
7205,2021-05-10T12:16:07Z,7.582,46,Metinic
7206,2021-05-10T12:21:07Z,7.6819999999999995,19,Metinic
7207,2021-05-10T12:26:07Z,7.582,35,Metinic
7208,2021-05-10T12:31:07Z,7.582,35,Metinic
7209,2021-05-10T12:36:07Z,7.481000000000001,59,Metinic
7210,2021-05-10T12:41:07Z,7.481000000000001,42,Metinic
7211,2021-05-10T12:46:07Z,7.481000000000001,39,Metinic
7212,2021-05-10T12:51:07Z,7.481000000000001,46,Metinic
7213,2021-05-10T12:56:07Z,7.481000000000001,40,Metinic
7214,2021-05-10T13:01:07Z,7.481000000000001,37,Metinic
7215,2021-05-10T13:06:07Z,7.481000000000001,43,Metinic
7216,2021-05-10T13:11:07Z,7.582,47,Metinic
7217,2021-05-10T13:16:07Z,7.582,48,Metinic
7218,2021-05-10T13:21:07Z,7.582,71,Metinic
7219,2021-05-10T13:26:07Z,7.582,47,Metinic
7220,2021-05-10T13:31:07Z,7.582,62,Metinic
7221,2021-05-10T13:36:07Z,7.582,59,Metinic
7222,2021-05-10T13:41:07Z,7.582,41,Metinic
7223,2021-05-10T13:46:07Z,7.582,32,Metinic
7224,2021-05-10T13:51:07Z,7.582,72,Metinic
7225,2021-05-10T13:56:07Z,7.582,111,Metinic
7226,2021-05-10T14:01:07Z,7.582,48,Metinic
7227,2021-05-10T14:06:07Z,7.481000000000001,63,Metinic
7228,2021-05-10T14:11:07Z,7.481000000000001,34,Metinic
7229,2021-05-10T14:16:07Z,7.481000000000001,55,Metinic
7230,2021-05-10T14:21:07Z,7.481000000000001,59,Metinic
7231,2021-05-10T14:26:07Z,7.481000000000001,44,Metinic
7232,2021-05-10T14:31:07Z,7.481000000000001,60,Metinic
7233,2021-05-10T14:36:07Z,7.582,41,Metinic
7234,2021-05-10T14:41:07Z,7.582,45,Metinic
7235,2021-05-10T14:46:07Z,7.582,62,Metinic
7236,2021-05-10T14:51:07Z,7.582,87,Metinic
7237,2021-05-10T14:56:07Z,7.582,59,Metinic
7238,2021-05-10T15:01:07Z,7.6819999999999995,61,Metinic
7239,2021-05-10T15:06:07Z,7.6819999999999995,59,Metinic
7240,2021-05-10T15:11:07Z,7.6819999999999995,48,Metinic
7241,2021-05-10T15:16:07Z,7.782,62,Metinic
7242,2021-05-10T15:21:07Z,7.782,67,Metinic
7243,2021-05-10T15:26:07Z,7.882,83,Metinic
7244,2021-05-10T15:31:07Z,7.9830000000000005,77,Metinic
7245,2021-05-10T15:36:07Z,7.882,44,Metinic
7246,2021-05-10T15:41:07Z,7.882,59,Metinic
7247,2021-05-10T15:46:07Z,7.882,64,Metinic
7248,2021-05-10T15:51:07Z,7.882,60,Metinic
7249,2021-05-10T15:56:07Z,7.9830000000000005,76,Metinic
7250,2021-05-10T16:01:07Z,7.9830000000000005,68,Metinic
7251,2021-05-10T16:06:07Z,7.9830000000000005,68,Metinic
7252,2021-05-10T16:11:07Z,8.082,117,Metinic
7253,2021-05-10T16:16:07Z,8.182,68,Metinic
7254,2021-05-10T16:21:07Z,8.282,66,Metinic
7255,2021-05-10T16:26:07Z,8.282,78,Metinic
7256,2021-05-10T16:31:07Z,8.082,144,Metinic
7257,2021-05-10T16:36:07Z,8.082,39,Metinic
7258,2021-05-10T16:41:07Z,8.082,98,Metinic
7259,2021-05-10T16:46:07Z,8.082,93,Metinic
7260,2021-05-10T16:51:07Z,8.082,91,Metinic
7261,2021-05-10T16:56:07Z,8.082,101,Metinic
7262,2021-05-10T17:01:07Z,8.182,53,Metinic
7263,2021-05-10T17:06:07Z,8.182,105,Metinic
7264,2021-05-10T17:11:07Z,8.282,144,Metinic
7265,2021-05-10T17:16:07Z,8.282,100,Metinic
7266,2021-05-10T17:21:07Z,8.382000000000001,184,Metinic
7267,2021-05-10T17:26:07Z,8.481,90,Metinic
7268,2021-05-10T17:31:07Z,8.581,113,Metinic
7269,2021-05-10T17:36:07Z,8.581,54,Metinic
7270,2021-05-10T17:41:07Z,8.68,96,Metinic
7271,2021-05-10T17:46:07Z,8.68,136,Metinic
7272,2021-05-10T17:51:07Z,8.879000000000001,120,Metinic
7273,2021-05-10T17:56:07Z,8.978,125,Metinic
7274,2021-05-10T18:01:07Z,8.978,136,Metinic
7275,2021-05-10T18:06:07Z,8.978,88,Metinic
7276,2021-05-10T18:11:07Z,8.978,168,Metinic
7277,2021-05-10T18:16:07Z,9.077,368,Metinic
7278,2021-05-10T18:21:07Z,8.978,152,Metinic
7279,2021-05-10T18:26:07Z,8.978,100,Metinic
7280,2021-05-10T18:31:07Z,8.879000000000001,101,Metinic
7281,2021-05-10T18:36:07Z,8.182,62,Metinic
7282,2021-05-10T18:41:07Z,7.782,52,Metinic
7283,2021-05-10T18:46:07Z,7.582,57,Metinic
7284,2021-05-10T18:51:07Z,7.582,63,Metinic
7285,2021-05-10T18:56:07Z,7.6819999999999995,117,Metinic
7286,2021-05-10T19:01:07Z,7.9830000000000005,106,Metinic
7287,2021-05-10T19:06:07Z,8.182,92,Metinic
7288,2021-05-10T19:11:07Z,8.082,110,Metinic
7289,2021-05-10T19:16:07Z,7.6819999999999995,53,Metinic
7290,2021-05-10T19:21:07Z,7.782,24,Metinic
7291,2021-05-10T19:26:07Z,8.082,26,Metinic
7292,2021-05-10T19:31:07Z,8.082,86,Metinic
7293,2021-05-10T19:36:07Z,7.782,111,Metinic
7294,2021-05-10T19:41:07Z,7.9830000000000005,114,Metinic
7295,2021-05-10T19:46:07Z,8.382000000000001,136,Metinic
7296,2021-05-10T19:51:07Z,8.481,55,Metinic
7297,2021-05-10T19:56:07Z,8.581,152,Metinic
7298,2021-05-10T20:01:07Z,7.9830000000000005,448,Metinic
7299,2021-05-10T20:06:07Z,7.882,152,Metinic
7300,2021-05-10T20:11:07Z,7.6819999999999995,232,Metinic
7301,2021-05-10T20:16:07Z,7.582,152,Metinic
7302,2021-05-10T20:21:07Z,7.582,208,Metinic
7303,2021-05-10T20:26:07Z,7.481000000000001,272,Metinic
7304,2021-05-10T20:31:07Z,7.481000000000001,320,Metinic
7305,2021-05-10T20:36:07Z,7.481000000000001,320,Metinic
7306,2021-05-10T20:41:07Z,7.481000000000001,352,Metinic
7307,2021-05-10T20:46:07Z,7.381,224,Metinic
7308,2021-05-10T20:51:07Z,7.381,320,Metinic
7309,2021-05-10T20:56:07Z,7.381,51,Metinic
7310,2021-05-10T21:01:07Z,7.28,152,Metinic
7311,2021-05-10T21:06:07Z,7.28,272,Metinic
7312,2021-05-10T21:11:07Z,7.28,368,Metinic
7313,2021-05-10T21:16:07Z,7.28,136,Metinic
7314,2021-05-10T21:21:07Z,7.28,256,Metinic
7315,2021-05-10T21:26:07Z,7.28,256,Metinic
7316,2021-05-10T21:31:07Z,7.179,224,Metinic
7317,2021-05-10T21:36:07Z,7.179,200,Metinic
7318,2021-05-10T21:41:07Z,7.179,176,Metinic
7319,2021-05-10T21:46:07Z,7.179,192,Metinic
7320,2021-05-10T21:51:07Z,7.179,152,Metinic
7321,2021-05-10T21:56:07Z,7.179,168,Metinic
7322,2021-05-10T22:01:07Z,7.179,152,Metinic
7323,2021-05-10T22:06:07Z,7.179,58,Metinic
7324,2021-05-10T22:11:07Z,7.179,123,Metinic
7325,2021-05-10T22:16:07Z,7.079000000000001,80,Metinic
7326,2021-05-10T22:21:07Z,7.079000000000001,70,Metinic
7327,2021-05-10T22:26:07Z,7.079000000000001,44,Metinic
7328,2021-05-10T22:31:07Z,7.079000000000001,76,Metinic
7329,2021-05-10T22:36:07Z,7.079000000000001,60,Metinic
7330,2021-05-10T22:41:07Z,7.079000000000001,62,Metinic
7331,2021-05-10T22:46:07Z,7.179,44,Metinic
7332,2021-05-10T22:51:07Z,7.179,65,Metinic
7333,2021-05-10T22:56:07Z,7.28,37,Metinic
7334,2021-05-10T23:01:07Z,7.28,24,Metinic
7335,2021-05-10T23:06:07Z,7.28,12,Metinic
7336,2021-05-10T23:11:07Z,7.381,15,Metinic
7337,2021-05-10T23:16:07Z,7.381,9,Metinic
7338,2021-05-10T23:21:07Z,7.381,7,Metinic
7339,2021-05-10T23:26:07Z,7.481000000000001,6,Metinic
7340,2021-05-10T23:31:07Z,7.481000000000001,4,Metinic
7341,2021-05-10T23:36:07Z,7.481000000000001,1,Metinic
7342,2021-05-10T23:41:07Z,7.28,1,Metinic
7343,2021-05-10T23:46:07Z,7.179,0,Metinic
7344,2021-05-10T23:51:07Z,7.179,0,Metinic
7345,2021-05-10T23:56:07Z,7.179,0,Metinic
7346,2021-05-11T00:01:07Z,7.179,0,Metinic
7347,2021-05-11T00:06:07Z,7.179,0,Metinic
7348,2021-05-11T00:11:07Z,7.079000000000001,0,Metinic
7349,2021-05-11T00:16:07Z,7.079000000000001,0,Metinic
7350,2021-05-11T00:21:07Z,6.978000000000001,0,Metinic
7351,2021-05-11T00:26:07Z,7.079000000000001,0,Metinic
7352,2021-05-11T00:31:07Z,7.079000000000001,0,Metinic
7353,2021-05-11T00:36:07Z,7.079000000000001,0,Metinic
7354,2021-05-11T00:41:07Z,7.079000000000001,0,Metinic
7355,2021-05-11T00:46:07Z,7.179,0,Metinic
7356,2021-05-11T00:51:07Z,7.179,0,Metinic
7357,2021-05-11T00:56:07Z,7.28,0,Metinic
7358,2021-05-11T01:01:07Z,7.28,0,Metinic
7359,2021-05-11T01:06:07Z,7.28,0,Metinic
7360,2021-05-11T01:11:07Z,7.179,0,Metinic
7361,2021-05-11T01:16:07Z,7.179,0,Metinic
7362,2021-05-11T01:21:07Z,7.179,0,Metinic
7363,2021-05-11T01:26:07Z,7.179,0,Metinic
7364,2021-05-11T01:31:07Z,7.179,0,Metinic
7365,2021-05-11T01:36:07Z,7.179,0,Metinic
7366,2021-05-11T01:41:07Z,7.179,0,Metinic
7367,2021-05-11T01:46:07Z,7.179,0,Metinic
7368,2021-05-11T01:51:07Z,7.179,0,Metinic
7369,2021-05-11T01:56:07Z,7.28,0,Metinic
7370,2021-05-11T02:01:07Z,7.28,0,Metinic
7371,2021-05-11T02:06:07Z,7.28,0,Metinic
7372,2021-05-11T02:11:07Z,7.28,0,Metinic
7373,2021-05-11T02:16:07Z,7.28,0,Metinic
7374,2021-05-11T02:21:07Z,7.28,0,Metinic
7375,2021-05-11T02:26:07Z,7.28,0,Metinic
7376,2021-05-11T02:31:07Z,7.28,0,Metinic
7377,2021-05-11T02:36:07Z,7.28,0,Metinic
7378,2021-05-11T02:41:07Z,7.28,0,Metinic
7379,2021-05-11T02:46:07Z,7.28,0,Metinic
7380,2021-05-11T02:51:07Z,7.28,0,Metinic
7381,2021-05-11T02:56:07Z,7.28,0,Metinic
7382,2021-05-11T03:01:07Z,7.28,0,Metinic
7383,2021-05-11T03:06:07Z,7.28,0,Metinic
7384,2021-05-11T03:11:07Z,7.28,0,Metinic
7385,2021-05-11T03:16:07Z,7.28,0,Metinic
7386,2021-05-11T03:21:07Z,7.381,0,Metinic
7387,2021-05-11T03:26:07Z,7.481000000000001,0,Metinic
7388,2021-05-11T03:31:07Z,7.481000000000001,0,Metinic
7389,2021-05-11T03:36:07Z,7.481000000000001,0,Metinic
7390,2021-05-11T03:41:07Z,7.481000000000001,0,Metinic
7391,2021-05-11T03:46:07Z,7.481000000000001,0,Metinic
7392,2021-05-11T03:51:07Z,7.481000000000001,0,Metinic
7393,2021-05-11T03:56:07Z,7.481000000000001,0,Metinic
7394,2021-05-11T04:01:07Z,7.481000000000001,0,Metinic
7395,2021-05-11T04:06:07Z,7.582,0,Metinic
7396,2021-05-11T04:11:07Z,7.582,0,Metinic
7397,2021-05-11T04:16:07Z,7.6819999999999995,0,Metinic
7398,2021-05-11T04:21:07Z,7.6819999999999995,0,Metinic
7399,2021-05-11T04:26:07Z,7.6819999999999995,0,Metinic
7400,2021-05-11T04:31:07Z,7.782,0,Metinic
7401,2021-05-11T04:36:07Z,7.782,0,Metinic
7402,2021-05-11T04:41:07Z,7.782,0,Metinic
7403,2021-05-11T04:46:07Z,7.782,0,Metinic
7404,2021-05-11T04:51:07Z,7.782,0,Metinic
7405,2021-05-11T04:56:07Z,7.782,0,Metinic
7406,2021-05-11T05:01:07Z,7.6819999999999995,0,Metinic
7407,2021-05-11T05:06:07Z,7.6819999999999995,0,Metinic
7408,2021-05-11T05:11:07Z,7.6819999999999995,0,Metinic
7409,2021-05-11T05:16:07Z,7.6819999999999995,0,Metinic
7410,2021-05-11T05:21:07Z,7.6819999999999995,0,Metinic
7411,2021-05-11T05:26:07Z,7.6819999999999995,0,Metinic
7412,2021-05-11T05:31:07Z,7.6819999999999995,0,Metinic
7413,2021-05-11T05:36:07Z,7.6819999999999995,0,Metinic
7414,2021-05-11T05:41:07Z,7.6819999999999995,0,Metinic
7415,2021-05-11T05:46:07Z,7.6819999999999995,0,Metinic
7416,2021-05-11T05:51:07Z,7.6819999999999995,0,Metinic
7417,2021-05-11T05:56:07Z,7.6819999999999995,0,Metinic
7418,2021-05-11T06:01:07Z,7.6819999999999995,0,Metinic
7419,2021-05-11T06:06:07Z,7.6819999999999995,0,Metinic
7420,2021-05-11T06:11:07Z,7.381,0,Metinic
7421,2021-05-11T06:16:07Z,7.381,0,Metinic
7422,2021-05-11T06:21:07Z,7.381,0,Metinic
7423,2021-05-11T06:26:07Z,7.381,0,Metinic
7424,2021-05-11T06:31:07Z,7.381,0,Metinic
7425,2021-05-11T06:36:07Z,7.381,0,Metinic
7426,2021-05-11T06:41:07Z,7.381,0,Metinic
7427,2021-05-11T06:46:07Z,7.381,0,Metinic
7428,2021-05-11T06:51:07Z,7.481000000000001,0,Metinic
7429,2021-05-11T06:56:07Z,7.381,0,Metinic
7430,2021-05-11T07:01:07Z,7.381,0,Metinic
7431,2021-05-11T07:06:07Z,7.381,0,Metinic
7432,2021-05-11T07:11:07Z,7.381,0,Metinic
7433,2021-05-11T07:16:07Z,7.481000000000001,0,Metinic
7434,2021-05-11T07:21:07Z,7.481000000000001,0,Metinic
7435,2021-05-11T07:26:07Z,7.582,0,Metinic
7436,2021-05-11T07:31:07Z,7.481000000000001,0,Metinic
7437,2021-05-11T07:36:07Z,7.481000000000001,0,Metinic
7438,2021-05-11T07:41:07Z,7.481000000000001,0,Metinic
7439,2021-05-11T07:46:07Z,7.481000000000001,0,Metinic
7440,2021-05-11T07:51:07Z,7.481000000000001,0,Metinic
7441,2021-05-11T07:56:07Z,7.381,0,Metinic
7442,2021-05-11T08:01:07Z,7.381,0,Metinic
7443,2021-05-11T08:06:07Z,7.381,0,Metinic
7444,2021-05-11T08:11:07Z,7.381,0,Metinic
7445,2021-05-11T08:16:07Z,7.381,0,Metinic
7446,2021-05-11T08:21:07Z,7.381,0,Metinic
7447,2021-05-11T08:26:07Z,7.381,0,Metinic
7448,2021-05-11T08:31:07Z,7.381,0,Metinic
7449,2021-05-11T08:36:07Z,7.381,0,Metinic
7450,2021-05-11T08:41:07Z,7.381,0,Metinic
7451,2021-05-11T08:46:07Z,7.28,0,Metinic
7452,2021-05-11T08:51:07Z,7.381,0,Metinic
7453,2021-05-11T08:56:07Z,7.28,0,Metinic
7454,2021-05-11T09:01:07Z,7.28,0,Metinic
7455,2021-05-11T09:06:07Z,7.28,0,Metinic
7456,2021-05-11T09:11:07Z,7.381,0,Metinic
7457,2021-05-11T09:16:07Z,7.381,1,Metinic
7458,2021-05-11T09:21:07Z,7.381,2,Metinic
7459,2021-05-11T09:26:07Z,7.381,2,Metinic
7460,2021-05-11T09:31:07Z,7.381,2,Metinic
7461,2021-05-11T09:36:07Z,7.381,0,Metinic
7462,2021-05-11T09:41:07Z,7.381,6,Metinic
7463,2021-05-11T09:46:07Z,7.28,8,Metinic
7464,2021-05-11T09:51:07Z,7.28,15,Metinic
7465,2021-05-11T09:56:07Z,7.28,4,Metinic
7466,2021-05-11T10:01:07Z,7.179,5,Metinic
7467,2021-05-11T10:06:07Z,7.179,6,Metinic
7468,2021-05-11T10:11:07Z,7.179,1,Metinic
7469,2021-05-11T10:16:07Z,7.179,9,Metinic
7470,2021-05-11T10:21:07Z,7.079000000000001,14,Metinic
7471,2021-05-11T10:26:07Z,7.079000000000001,15,Metinic
7472,2021-05-11T10:31:07Z,7.079000000000001,23,Metinic
7473,2021-05-11T10:36:07Z,7.079000000000001,32,Metinic
7474,2021-05-11T10:41:07Z,7.079000000000001,15,Metinic
7475,2021-05-11T10:46:07Z,7.079000000000001,54,Metinic
7476,2021-05-11T10:51:07Z,7.079000000000001,32,Metinic
7477,2021-05-11T10:56:07Z,7.179,28,Metinic
7478,2021-05-11T11:01:07Z,7.179,68,Metinic
7479,2021-05-11T11:06:07Z,7.28,12,Metinic
7480,2021-05-11T11:11:07Z,7.28,24,Metinic
7481,2021-05-11T11:16:07Z,7.28,14,Metinic
7482,2021-05-11T11:21:07Z,7.28,14,Metinic
7483,2021-05-11T11:26:07Z,7.28,26,Metinic
7484,2021-05-11T11:31:07Z,7.28,14,Metinic
7485,2021-05-11T11:36:07Z,7.28,31,Metinic
7486,2021-05-11T11:41:07Z,7.28,36,Metinic
7487,2021-05-11T11:46:07Z,7.28,37,Metinic
7488,2021-05-11T11:51:07Z,7.28,25,Metinic
7489,2021-05-11T11:56:07Z,7.381,40,Metinic
7490,2021-05-11T12:01:07Z,7.381,16,Metinic
7491,2021-05-11T12:06:07Z,7.381,42,Metinic
7492,2021-05-11T12:11:07Z,7.481000000000001,66,Metinic
7493,2021-05-11T12:16:07Z,7.481000000000001,15,Metinic
7494,2021-05-11T12:21:07Z,7.481000000000001,42,Metinic
7495,2021-05-11T12:26:07Z,7.481000000000001,56,Metinic
7496,2021-05-11T12:31:07Z,7.481000000000001,16,Metinic
7497,2021-05-11T12:36:07Z,7.481000000000001,11,Metinic
7498,2021-05-11T12:41:07Z,7.481000000000001,84,Metinic
7499,2021-05-11T12:46:07Z,7.481000000000001,26,Metinic
7500,2021-05-11T12:51:07Z,7.481000000000001,50,Metinic
7501,2021-05-11T12:56:07Z,7.481000000000001,64,Metinic
7502,2021-05-11T13:01:07Z,7.582,98,Metinic
7503,2021-05-11T13:06:07Z,7.6819999999999995,6,Metinic
7504,2021-05-11T13:11:07Z,7.6819999999999995,57,Metinic
7505,2021-05-11T13:16:07Z,7.6819999999999995,33,Metinic
7506,2021-05-11T13:21:07Z,7.6819999999999995,53,Metinic
7507,2021-05-11T13:26:07Z,7.6819999999999995,93,Metinic
7508,2021-05-11T13:31:07Z,7.6819999999999995,50,Metinic
7509,2021-05-11T13:36:07Z,7.6819999999999995,51,Metinic
7510,2021-05-11T13:41:07Z,7.6819999999999995,54,Metinic
7511,2021-05-11T13:46:07Z,7.582,18,Metinic
7512,2021-05-11T13:51:07Z,7.582,122,Metinic
7513,2021-05-11T13:56:07Z,7.582,51,Metinic
7514,2021-05-11T14:01:07Z,7.582,37,Metinic
7515,2021-05-11T14:06:07Z,7.582,160,Metinic
7516,2021-05-11T14:11:07Z,7.6819999999999995,26,Metinic
7517,2021-05-11T14:16:07Z,7.6819999999999995,50,Metinic
7518,2021-05-11T14:21:07Z,7.6819999999999995,33,Metinic
7519,2021-05-11T14:26:07Z,7.6819999999999995,120,Metinic
7520,2021-05-11T14:31:07Z,7.6819999999999995,64,Metinic
7521,2021-05-11T14:36:07Z,7.6819999999999995,86,Metinic
7522,2021-05-11T14:41:07Z,7.6819999999999995,66,Metinic
7523,2021-05-11T14:46:07Z,7.6819999999999995,55,Metinic
7524,2021-05-11T14:51:07Z,7.6819999999999995,78,Metinic
7525,2021-05-11T14:56:07Z,7.6819999999999995,70,Metinic
7526,2021-05-11T15:01:07Z,7.582,60,Metinic
7527,2021-05-11T15:06:07Z,7.582,73,Metinic
7528,2021-05-11T15:11:07Z,7.582,54,Metinic
7529,2021-05-11T15:16:07Z,7.582,152,Metinic
7530,2021-05-11T15:21:07Z,7.582,31,Metinic
7531,2021-05-11T15:26:07Z,7.582,28,Metinic
7532,2021-05-11T15:31:07Z,7.582,83,Metinic
7533,2021-05-11T15:36:07Z,7.582,127,Metinic
7534,2021-05-11T15:41:07Z,7.6819999999999995,59,Metinic
7535,2021-05-11T15:46:07Z,7.6819999999999995,33,Metinic
7536,2021-05-11T15:51:07Z,7.6819999999999995,50,Metinic
7537,2021-05-11T15:56:07Z,7.782,45,Metinic
7538,2021-05-11T16:01:07Z,7.882,84,Metinic
7539,2021-05-11T16:06:07Z,8.082,93,Metinic
7540,2021-05-11T16:11:07Z,8.182,31,Metinic
7541,2021-05-11T16:16:07Z,8.282,91,Metinic
7542,2021-05-11T16:21:07Z,8.382000000000001,92,Metinic
7543,2021-05-11T16:26:07Z,8.382000000000001,168,Metinic
7544,2021-05-11T16:31:07Z,8.282,35,Metinic
7545,2021-05-11T16:36:07Z,8.182,41,Metinic
7546,2021-05-11T16:41:07Z,8.182,24,Metinic
7547,2021-05-11T16:46:07Z,8.082,27,Metinic
7548,2021-05-11T16:51:07Z,8.182,25,Metinic
7549,2021-05-11T16:56:07Z,8.182,27,Metinic
7550,2021-05-11T17:01:07Z,8.282,30,Metinic
7551,2021-05-11T17:06:07Z,8.282,58,Metinic
7552,2021-05-11T17:11:07Z,8.282,20,Metinic
7553,2021-05-11T17:16:07Z,8.282,102,Metinic
7554,2021-05-11T17:21:07Z,8.282,39,Metinic
7555,2021-05-11T17:26:07Z,8.282,29,Metinic
7556,2021-05-11T17:31:07Z,8.282,10,Metinic
7557,2021-05-11T17:36:07Z,8.182,27,Metinic
7558,2021-05-11T17:41:07Z,8.082,6,Metinic
7559,2021-05-11T17:46:07Z,8.082,14,Metinic
7560,2021-05-11T17:51:07Z,8.082,16,Metinic
7561,2021-05-11T17:56:07Z,8.082,3,Metinic
7562,2021-05-11T18:01:07Z,7.9830000000000005,7,Metinic
7563,2021-05-11T18:06:07Z,7.782,10,Metinic
7564,2021-05-11T18:11:07Z,7.6819999999999995,32,Metinic
7565,2021-05-11T18:16:07Z,7.6819999999999995,55,Metinic
7566,2021-05-11T18:21:07Z,7.6819999999999995,144,Metinic
7567,2021-05-11T18:26:07Z,7.6819999999999995,43,Metinic
7568,2021-05-11T18:31:07Z,7.582,13,Metinic
7569,2021-05-11T18:36:07Z,7.582,21,Metinic
7570,2021-05-11T18:41:07Z,7.481000000000001,11,Metinic
7571,2021-05-11T18:46:07Z,7.582,22,Metinic
7572,2021-05-11T18:51:07Z,7.582,61,Metinic
7573,2021-05-11T18:56:07Z,7.6819999999999995,25,Metinic
7574,2021-05-11T19:01:07Z,7.6819999999999995,27,Metinic
7575,2021-05-11T19:06:07Z,7.582,20,Metinic
7576,2021-05-11T19:11:07Z,7.582,56,Metinic
7577,2021-05-11T19:16:07Z,7.481000000000001,39,Metinic
7578,2021-05-11T19:21:07Z,7.481000000000001,5,Metinic
7579,2021-05-11T19:26:07Z,7.381,9,Metinic
7580,2021-05-11T19:31:07Z,7.481000000000001,15,Metinic
7581,2021-05-11T19:36:07Z,7.481000000000001,32,Metinic
7582,2021-05-11T19:41:07Z,7.481000000000001,55,Metinic
7583,2021-05-11T19:46:07Z,7.481000000000001,368,Metinic
7584,2021-05-11T19:51:07Z,7.582,304,Metinic
7585,2021-05-11T19:56:07Z,7.481000000000001,35,Metinic
7586,2021-05-11T20:01:07Z,7.481000000000001,28,Metinic
7587,2021-05-11T20:06:07Z,7.481000000000001,224,Metinic
7588,2021-05-11T20:11:07Z,7.481000000000001,123,Metinic
7589,2021-05-11T20:16:07Z,7.481000000000001,88,Metinic
7590,2021-05-11T20:21:07Z,7.481000000000001,68,Metinic
7591,2021-05-11T20:26:07Z,7.481000000000001,97,Metinic
7592,2021-05-11T20:31:07Z,7.381,44,Metinic
7593,2021-05-11T20:36:07Z,7.381,11,Metinic
7594,2021-05-11T20:41:07Z,7.381,4,Metinic
7595,2021-05-11T20:46:07Z,7.381,16,Metinic
7596,2021-05-11T20:51:07Z,7.381,18,Metinic
7597,2021-05-11T20:56:07Z,7.381,11,Metinic
7598,2021-05-11T21:01:07Z,7.381,55,Metinic
7599,2021-05-11T21:06:07Z,7.381,26,Metinic
7600,2021-05-11T21:11:07Z,7.381,9,Metinic
7601,2021-05-11T21:16:07Z,7.381,19,Metinic
7602,2021-05-11T21:21:07Z,7.381,20,Metinic
7603,2021-05-11T21:26:07Z,7.381,23,Metinic
7604,2021-05-11T21:31:07Z,7.28,12,Metinic
7605,2021-05-11T21:36:07Z,7.28,17,Metinic
7606,2021-05-11T21:41:07Z,7.28,52,Metinic
7607,2021-05-11T21:46:07Z,7.28,18,Metinic
7608,2021-05-11T21:51:07Z,7.28,16,Metinic
7609,2021-05-11T21:56:07Z,7.28,10,Metinic
7610,2021-05-11T22:01:07Z,7.28,16,Metinic
7611,2021-05-11T22:06:07Z,7.28,11,Metinic
7612,2021-05-11T22:11:07Z,7.381,5,Metinic
7613,2021-05-11T22:16:07Z,7.381,4,Metinic
7614,2021-05-11T22:21:07Z,7.28,13,Metinic
7615,2021-05-11T22:26:07Z,7.28,10,Metinic
7616,2021-05-11T22:31:07Z,7.28,5,Metinic
7617,2021-05-11T22:36:07Z,7.179,27,Metinic
7618,2021-05-11T22:41:07Z,7.179,25,Metinic
7619,2021-05-11T22:46:07Z,7.179,12,Metinic
7620,2021-05-11T22:51:07Z,7.179,6,Metinic
7621,2021-05-11T22:56:07Z,7.179,3,Metinic
7622,2021-05-11T23:01:07Z,7.179,2,Metinic
7623,2021-05-11T23:06:07Z,7.179,1,Metinic
7624,2021-05-11T23:11:07Z,7.079000000000001,1,Metinic
7625,2021-05-11T23:16:07Z,7.079000000000001,0,Metinic
7626,2021-05-11T23:21:07Z,7.079000000000001,0,Metinic
7627,2021-05-11T23:26:07Z,7.079000000000001,0,Metinic
7628,2021-05-11T23:31:07Z,7.079000000000001,0,Metinic
7629,2021-05-11T23:36:07Z,7.079000000000001,0,Metinic
7630,2021-05-11T23:41:07Z,7.179,0,Metinic
7631,2021-05-11T23:46:07Z,7.079000000000001,0,Metinic
7632,2021-05-11T23:51:07Z,7.179,0,Metinic
7633,2021-05-11T23:56:07Z,7.179,0,Metinic
7634,2021-05-12T00:01:07Z,7.179,0,Metinic
7635,2021-05-12T00:06:07Z,7.179,0,Metinic
7636,2021-05-12T00:11:07Z,7.28,0,Metinic
7637,2021-05-12T00:16:07Z,7.28,0,Metinic
7638,2021-05-12T00:21:07Z,7.28,0,Metinic
7639,2021-05-12T00:26:07Z,7.28,0,Metinic
7640,2021-05-12T00:31:07Z,7.28,0,Metinic
7641,2021-05-12T00:36:07Z,7.28,0,Metinic
7642,2021-05-12T00:41:07Z,7.28,0,Metinic
7643,2021-05-12T00:46:07Z,7.28,0,Metinic
7644,2021-05-12T00:51:07Z,7.28,0,Metinic
7645,2021-05-12T00:56:07Z,7.28,0,Metinic
7646,2021-05-12T01:01:07Z,7.28,0,Metinic
7647,2021-05-12T01:06:07Z,7.28,0,Metinic
7648,2021-05-12T01:11:07Z,7.28,0,Metinic
7649,2021-05-12T01:16:07Z,7.28,0,Metinic
7650,2021-05-12T01:21:07Z,7.28,0,Metinic
7651,2021-05-12T01:26:07Z,7.381,0,Metinic
7652,2021-05-12T01:31:07Z,7.381,0,Metinic
7653,2021-05-12T01:36:07Z,7.381,0,Metinic
7654,2021-05-12T01:41:07Z,7.381,0,Metinic
7655,2021-05-12T01:46:07Z,7.381,0,Metinic
7656,2021-05-12T01:51:07Z,7.381,0,Metinic
7657,2021-05-12T01:56:07Z,7.481000000000001,0,Metinic
7658,2021-05-12T02:01:07Z,7.481000000000001,0,Metinic
7659,2021-05-12T02:06:07Z,7.481000000000001,0,Metinic
7660,2021-05-12T02:11:07Z,7.481000000000001,0,Metinic
7661,2021-05-12T02:16:07Z,7.481000000000001,0,Metinic
7662,2021-05-12T02:21:07Z,7.481000000000001,0,Metinic
7663,2021-05-12T02:26:07Z,7.481000000000001,0,Metinic
7664,2021-05-12T02:31:07Z,7.481000000000001,0,Metinic
7665,2021-05-12T02:36:07Z,7.582,0,Metinic
7666,2021-05-12T02:41:07Z,7.582,0,Metinic
7667,2021-05-12T02:46:07Z,7.481000000000001,0,Metinic
7668,2021-05-12T02:51:07Z,7.481000000000001,0,Metinic
7669,2021-05-12T02:56:07Z,7.481000000000001,0,Metinic
7670,2021-05-12T03:01:07Z,7.481000000000001,0,Metinic
7671,2021-05-12T03:06:07Z,7.481000000000001,0,Metinic
7672,2021-05-12T03:11:07Z,7.481000000000001,0,Metinic
7673,2021-05-12T03:16:07Z,7.481000000000001,0,Metinic
7674,2021-05-12T03:21:07Z,7.481000000000001,0,Metinic
7675,2021-05-12T03:26:07Z,7.481000000000001,0,Metinic
7676,2021-05-12T03:31:07Z,7.481000000000001,0,Metinic
7677,2021-05-12T03:36:07Z,7.481000000000001,0,Metinic
7678,2021-05-12T03:41:07Z,7.481000000000001,0,Metinic
7679,2021-05-12T03:46:07Z,7.481000000000001,0,Metinic
7680,2021-05-12T03:51:07Z,7.481000000000001,0,Metinic
7681,2021-05-12T03:56:07Z,7.481000000000001,0,Metinic
7682,2021-05-12T04:01:07Z,7.481000000000001,0,Metinic
7683,2021-05-12T04:06:07Z,7.481000000000001,0,Metinic
7684,2021-05-12T04:11:07Z,7.481000000000001,0,Metinic
7685,2021-05-12T04:16:07Z,7.481000000000001,0,Metinic
7686,2021-05-12T04:21:07Z,7.481000000000001,0,Metinic
7687,2021-05-12T04:26:07Z,7.582,0,Metinic
7688,2021-05-12T04:31:07Z,7.582,0,Metinic
7689,2021-05-12T04:36:07Z,7.582,0,Metinic
7690,2021-05-12T04:41:07Z,7.6819999999999995,0,Metinic
7691,2021-05-12T04:46:07Z,7.582,0,Metinic
7692,2021-05-12T04:51:07Z,7.582,0,Metinic
7693,2021-05-12T04:56:07Z,7.582,0,Metinic
7694,2021-05-12T05:01:07Z,7.582,0,Metinic
7695,2021-05-12T05:06:07Z,7.582,0,Metinic
7696,2021-05-12T05:11:07Z,7.481000000000001,0,Metinic
7697,2021-05-12T05:16:07Z,7.481000000000001,0,Metinic
7698,2021-05-12T05:21:07Z,7.481000000000001,0,Metinic
7699,2021-05-12T05:26:07Z,7.582,0,Metinic
7700,2021-05-12T05:31:07Z,7.582,0,Metinic
7701,2021-05-12T05:36:07Z,7.582,0,Metinic
7702,2021-05-12T05:41:07Z,7.582,0,Metinic
7703,2021-05-12T05:46:07Z,7.582,0,Metinic
7704,2021-05-12T05:51:07Z,7.582,0,Metinic
7705,2021-05-12T05:56:07Z,7.582,0,Metinic
7706,2021-05-12T06:01:07Z,7.582,0,Metinic
7707,2021-05-12T06:06:07Z,7.582,0,Metinic
7708,2021-05-12T06:11:07Z,7.582,0,Metinic
7709,2021-05-12T06:16:07Z,7.582,0,Metinic
7710,2021-05-12T06:21:07Z,7.582,0,Metinic
7711,2021-05-12T06:26:07Z,7.582,0,Metinic
7712,2021-05-12T06:31:07Z,7.582,0,Metinic
7713,2021-05-12T06:36:07Z,7.582,0,Metinic
7714,2021-05-12T06:41:07Z,7.582,0,Metinic
7715,2021-05-12T06:46:07Z,7.582,0,Metinic
7716,2021-05-12T06:51:07Z,7.582,0,Metinic
7717,2021-05-12T06:56:07Z,7.582,0,Metinic
7718,2021-05-12T07:01:07Z,7.481000000000001,0,Metinic
7719,2021-05-12T07:06:07Z,7.481000000000001,0,Metinic
7720,2021-05-12T07:11:07Z,7.481000000000001,0,Metinic
7721,2021-05-12T07:16:07Z,7.481000000000001,0,Metinic
7722,2021-05-12T07:21:07Z,7.381,0,Metinic
7723,2021-05-12T07:26:07Z,7.381,0,Metinic
7724,2021-05-12T07:31:07Z,7.381,0,Metinic
7725,2021-05-12T07:36:07Z,7.381,0,Metinic
7726,2021-05-12T07:41:07Z,7.381,0,Metinic
7727,2021-05-12T07:46:07Z,7.381,0,Metinic
7728,2021-05-12T07:51:07Z,7.381,0,Metinic
7729,2021-05-12T07:56:07Z,7.381,0,Metinic
7730,2021-05-12T08:01:07Z,7.381,0,Metinic
7731,2021-05-12T08:06:07Z,7.381,0,Metinic
7732,2021-05-12T08:11:07Z,7.381,0,Metinic
7733,2021-05-12T08:16:07Z,7.381,0,Metinic
7734,2021-05-12T08:21:07Z,7.381,0,Metinic
7735,2021-05-12T08:26:07Z,7.381,0,Metinic
7736,2021-05-12T08:31:07Z,7.381,0,Metinic
7737,2021-05-12T08:36:07Z,7.381,0,Metinic
7738,2021-05-12T08:41:07Z,7.381,0,Metinic
7739,2021-05-12T08:46:07Z,7.381,0,Metinic
7740,2021-05-12T08:51:07Z,7.381,0,Metinic
7741,2021-05-12T08:56:07Z,7.381,0,Metinic
7742,2021-05-12T09:01:07Z,7.381,0,Metinic
7743,2021-05-12T09:06:07Z,7.28,0,Metinic
7744,2021-05-12T09:11:07Z,7.381,0,Metinic
7745,2021-05-12T09:16:07Z,7.28,0,Metinic
7746,2021-05-12T09:21:07Z,7.28,0,Metinic
7747,2021-05-12T09:26:07Z,7.28,0,Metinic
7748,2021-05-12T09:31:07Z,7.28,2,Metinic
7749,2021-05-12T09:36:07Z,7.28,3,Metinic
7750,2021-05-12T09:41:07Z,7.28,0,Metinic
7751,2021-05-12T09:46:07Z,7.28,2,Metinic
7752,2021-05-12T09:51:07Z,7.28,6,Metinic
7753,2021-05-12T09:56:07Z,7.28,11,Metinic
7754,2021-05-12T10:01:07Z,7.28,11,Metinic
7755,2021-05-12T10:06:07Z,7.28,10,Metinic
7756,2021-05-12T10:11:07Z,7.28,2,Metinic
7757,2021-05-12T10:16:07Z,7.28,5,Metinic
7758,2021-05-12T10:21:07Z,7.28,4,Metinic
7759,2021-05-12T10:26:07Z,7.28,10,Metinic
7760,2021-05-12T10:31:07Z,7.28,4,Metinic
7761,2021-05-12T10:36:07Z,7.28,11,Metinic
7762,2021-05-12T10:41:07Z,7.28,12,Metinic
7763,2021-05-12T10:46:07Z,7.28,3,Metinic
7764,2021-05-12T10:51:07Z,7.28,6,Metinic
7765,2021-05-12T10:56:07Z,7.28,5,Metinic
7766,2021-05-12T11:01:07Z,7.179,6,Metinic
7767,2021-05-12T11:06:07Z,7.179,23,Metinic
7768,2021-05-12T11:11:07Z,7.179,23,Metinic
7769,2021-05-12T11:16:07Z,7.179,10,Metinic
7770,2021-05-12T11:21:07Z,7.179,13,Metinic
7771,2021-05-12T11:26:07Z,7.179,25,Metinic
7772,2021-05-12T11:31:07Z,7.179,42,Metinic
7773,2021-05-12T11:36:07Z,7.179,19,Metinic
7774,2021-05-12T11:41:07Z,7.179,20,Metinic
7775,2021-05-12T11:46:07Z,7.179,88,Metinic
7776,2021-05-12T11:51:07Z,7.179,12,Metinic
7777,2021-05-12T11:56:07Z,7.179,30,Metinic
7778,2021-05-12T12:01:07Z,7.179,14,Metinic
7779,2021-05-12T12:06:07Z,7.28,48,Metinic
7780,2021-05-12T12:11:07Z,7.381,56,Metinic
7781,2021-05-12T12:16:07Z,7.381,77,Metinic
7782,2021-05-12T12:21:07Z,7.381,44,Metinic
7783,2021-05-12T12:26:07Z,7.381,56,Metinic
7784,2021-05-12T12:31:07Z,7.381,13,Metinic
7785,2021-05-12T12:36:07Z,7.381,17,Metinic
7786,2021-05-12T12:41:07Z,7.381,55,Metinic
7787,2021-05-12T12:46:07Z,7.381,56,Metinic
7788,2021-05-12T12:51:07Z,7.381,49,Metinic
7789,2021-05-12T12:56:07Z,7.381,60,Metinic
7790,2021-05-12T13:01:07Z,7.481000000000001,36,Metinic
7791,2021-05-12T13:06:07Z,7.481000000000001,24,Metinic
7792,2021-05-12T13:11:07Z,7.481000000000001,40,Metinic
7793,2021-05-12T13:16:07Z,7.381,42,Metinic
7794,2021-05-12T13:21:07Z,7.28,18,Metinic
7795,2021-05-12T13:26:07Z,7.28,46,Metinic
7796,2021-05-12T13:31:07Z,7.28,57,Metinic
7797,2021-05-12T13:36:07Z,7.28,41,Metinic
7798,2021-05-12T13:41:07Z,7.28,50,Metinic
7799,2021-05-12T13:46:07Z,7.28,40,Metinic
7800,2021-05-12T13:51:07Z,7.28,52,Metinic
7801,2021-05-12T13:56:07Z,7.28,54,Metinic
7802,2021-05-12T14:01:07Z,7.28,55,Metinic
7803,2021-05-12T14:06:07Z,7.381,66,Metinic
7804,2021-05-12T14:11:07Z,7.381,48,Metinic
7805,2021-05-12T14:16:07Z,7.381,52,Metinic
7806,2021-05-12T14:21:07Z,7.481000000000001,37,Metinic
7807,2021-05-12T14:26:07Z,7.481000000000001,36,Metinic
7808,2021-05-12T14:31:07Z,7.481000000000001,56,Metinic
7809,2021-05-12T14:36:07Z,7.481000000000001,68,Metinic
7810,2021-05-12T14:41:07Z,7.481000000000001,44,Metinic
7811,2021-05-12T14:46:07Z,7.481000000000001,72,Metinic
7812,2021-05-12T14:51:07Z,7.582,54,Metinic
7813,2021-05-12T14:56:07Z,7.582,87,Metinic
7814,2021-05-12T15:01:07Z,7.582,64,Metinic
7815,2021-05-12T15:06:07Z,7.582,70,Metinic
7816,2021-05-12T15:11:07Z,7.582,63,Metinic
7817,2021-05-12T15:16:07Z,7.582,88,Metinic
7818,2021-05-12T15:21:07Z,7.582,73,Metinic
7819,2021-05-12T15:26:07Z,7.582,55,Metinic
7820,2021-05-12T15:31:07Z,7.481000000000001,25,Metinic
7821,2021-05-12T15:36:07Z,7.582,89,Metinic
7822,2021-05-12T15:41:07Z,7.582,94,Metinic
7823,2021-05-12T15:46:07Z,7.582,91,Metinic
7824,2021-05-12T15:51:07Z,7.582,116,Metinic
7825,2021-05-12T15:56:07Z,7.481000000000001,29,Metinic
7826,2021-05-12T16:01:07Z,7.481000000000001,27,Metinic
7827,2021-05-12T16:06:07Z,7.582,74,Metinic
7828,2021-05-12T16:11:07Z,7.582,78,Metinic
7829,2021-05-12T16:16:07Z,7.582,208,Metinic
7830,2021-05-12T16:21:07Z,7.6819999999999995,48,Metinic
7831,2021-05-12T16:26:07Z,7.582,44,Metinic
7832,2021-05-12T16:31:07Z,7.582,25,Metinic
7833,2021-05-12T16:36:07Z,7.582,55,Metinic
7834,2021-05-12T16:41:07Z,7.782,91,Metinic
7835,2021-05-12T16:46:07Z,7.782,37,Metinic
7836,2021-05-12T16:51:07Z,7.6819999999999995,38,Metinic
7837,2021-05-12T16:56:07Z,7.6819999999999995,23,Metinic
7838,2021-05-12T17:01:07Z,7.782,152,Metinic
7839,2021-05-12T17:06:07Z,7.882,128,Metinic
7840,2021-05-12T17:11:07Z,7.882,72,Metinic
7841,2021-05-12T17:16:07Z,7.782,41,Metinic
7842,2021-05-12T17:21:07Z,7.782,60,Metinic
7843,2021-05-12T17:26:07Z,7.6819999999999995,40,Metinic
7844,2021-05-12T17:31:07Z,7.6819999999999995,42,Metinic
7845,2021-05-12T17:36:07Z,7.882,160,Metinic
7846,2021-05-12T17:41:07Z,7.782,35,Metinic
7847,2021-05-12T17:46:07Z,7.782,38,Metinic
7848,2021-05-12T17:51:07Z,7.782,35,Metinic
7849,2021-05-12T17:56:07Z,7.882,27,Metinic
7850,2021-05-12T18:01:07Z,7.9830000000000005,152,Metinic
7851,2021-05-12T18:06:07Z,7.882,42,Metinic
7852,2021-05-12T18:11:07Z,7.9830000000000005,224,Metinic
7853,2021-05-12T18:16:07Z,7.882,38,Metinic
7854,2021-05-12T18:21:07Z,7.882,68,Metinic
7855,2021-05-12T18:26:07Z,8.082,160,Metinic
7856,2021-05-12T18:31:07Z,8.082,336,Metinic
7857,2021-05-12T18:36:07Z,8.082,120,Metinic
7858,2021-05-12T18:41:07Z,8.082,77,Metinic
7859,2021-05-12T18:46:07Z,7.9830000000000005,26,Metinic
7860,2021-05-12T18:51:07Z,7.9830000000000005,45,Metinic
7861,2021-05-12T18:56:07Z,7.9830000000000005,15,Metinic
7862,2021-05-12T19:01:07Z,7.9830000000000005,39,Metinic
7863,2021-05-12T19:06:07Z,8.082,35,Metinic
7864,2021-05-12T19:11:07Z,7.9830000000000005,15,Metinic
7865,2021-05-12T19:16:07Z,7.9830000000000005,17,Metinic
7866,2021-05-12T19:21:07Z,7.9830000000000005,20,Metinic
7867,2021-05-12T19:26:07Z,7.9830000000000005,17,Metinic
7868,2021-05-12T19:31:07Z,7.9830000000000005,22,Metinic
7869,2021-05-12T19:36:07Z,8.082,17,Metinic
7870,2021-05-12T19:41:07Z,8.082,17,Metinic
7871,2021-05-12T19:46:07Z,8.082,38,Metinic
7872,2021-05-12T19:51:07Z,8.182,39,Metinic
7873,2021-05-12T19:56:07Z,8.182,59,Metinic
7874,2021-05-12T20:01:07Z,8.282,216,Metinic
7875,2021-05-12T20:06:07Z,8.282,272,Metinic
7876,2021-05-12T20:11:07Z,8.182,304,Metinic
7877,2021-05-12T20:16:07Z,8.082,103,Metinic
7878,2021-05-12T20:21:07Z,8.082,75,Metinic
7879,2021-05-12T20:26:07Z,7.9830000000000005,45,Metinic
7880,2021-05-12T20:31:07Z,8.082,184,Metinic
7881,2021-05-12T20:36:07Z,8.082,73,Metinic
7882,2021-05-12T20:41:07Z,7.9830000000000005,30,Metinic
7883,2021-05-12T20:46:07Z,7.9830000000000005,29,Metinic
7884,2021-05-12T20:51:07Z,7.9830000000000005,18,Metinic
7885,2021-05-12T20:56:07Z,7.9830000000000005,27,Metinic
7886,2021-05-12T21:01:07Z,7.9830000000000005,40,Metinic
7887,2021-05-12T21:06:07Z,8.082,224,Metinic
7888,2021-05-12T21:11:07Z,8.082,64,Metinic
7889,2021-05-12T21:16:07Z,8.082,62,Metinic
7890,2021-05-12T21:21:07Z,8.082,136,Metinic
7891,2021-05-12T21:26:07Z,8.082,30,Metinic
7892,2021-05-12T21:31:07Z,8.082,136,Metinic
7893,2021-05-12T21:36:07Z,8.082,70,Metinic
7894,2021-05-12T21:41:07Z,7.9830000000000005,63,Metinic
7895,2021-05-12T21:46:07Z,7.9830000000000005,48,Metinic
7896,2021-05-12T21:51:07Z,7.9830000000000005,107,Metinic
7897,2021-05-12T21:56:07Z,8.082,73,Metinic
7898,2021-05-12T22:01:07Z,8.082,60,Metinic
7899,2021-05-12T22:06:07Z,8.082,18,Metinic
7900,2021-05-12T22:11:07Z,8.082,20,Metinic
7901,2021-05-12T22:16:07Z,8.082,12,Metinic
7902,2021-05-12T22:21:07Z,8.082,36,Metinic
7903,2021-05-12T22:26:07Z,8.082,53,Metinic
7904,2021-05-12T22:31:07Z,8.082,20,Metinic
7905,2021-05-12T22:36:07Z,8.082,16,Metinic
7906,2021-05-12T22:41:07Z,8.082,20,Metinic
7907,2021-05-12T22:46:07Z,8.082,25,Metinic
7908,2021-05-12T22:51:07Z,8.082,41,Metinic
7909,2021-05-12T22:56:07Z,7.9830000000000005,27,Metinic
7910,2021-05-12T23:01:07Z,7.9830000000000005,24,Metinic
7911,2021-05-12T23:06:07Z,8.082,10,Metinic
7912,2021-05-12T23:11:07Z,7.9830000000000005,9,Metinic
7913,2021-05-12T23:16:07Z,7.9830000000000005,4,Metinic
7914,2021-05-12T23:21:07Z,7.9830000000000005,5,Metinic
7915,2021-05-12T23:26:07Z,7.782,5,Metinic
7916,2021-05-12T23:31:07Z,7.782,3,Metinic
7917,2021-05-12T23:36:07Z,7.6819999999999995,3,Metinic
7918,2021-05-12T23:41:07Z,7.6819999999999995,2,Metinic
7919,2021-05-12T23:46:07Z,7.582,1,Metinic
7920,2021-05-12T23:51:07Z,7.582,0,Metinic
7921,2021-05-12T23:56:07Z,7.582,0,Metinic
7922,2021-05-13T00:01:07Z,7.481000000000001,0,Metinic
7923,2021-05-13T00:06:07Z,7.481000000000001,0,Metinic
7924,2021-05-13T00:11:07Z,7.481000000000001,0,Metinic
7925,2021-05-13T00:16:07Z,7.582,0,Metinic
7926,2021-05-13T00:21:07Z,7.481000000000001,0,Metinic
7927,2021-05-13T00:26:07Z,7.481000000000001,0,Metinic
7928,2021-05-13T00:31:07Z,7.582,0,Metinic
7929,2021-05-13T00:36:07Z,7.582,0,Metinic
7930,2021-05-13T00:41:07Z,7.6819999999999995,0,Metinic
7931,2021-05-13T00:46:07Z,7.6819999999999995,0,Metinic
7932,2021-05-13T00:51:07Z,7.782,0,Metinic
7933,2021-05-13T00:56:07Z,7.782,0,Metinic
7934,2021-05-13T01:01:07Z,7.782,0,Metinic
7935,2021-05-13T01:06:07Z,7.782,0,Metinic
7936,2021-05-13T01:11:07Z,7.782,0,Metinic
7937,2021-05-13T01:16:07Z,7.782,0,Metinic
7938,2021-05-13T01:21:07Z,7.782,0,Metinic
7939,2021-05-13T01:26:07Z,7.782,0,Metinic
7940,2021-05-13T01:31:07Z,7.782,0,Metinic
7941,2021-05-13T01:36:07Z,7.782,0,Metinic
7942,2021-05-13T01:41:07Z,7.6819999999999995,0,Metinic
7943,2021-05-13T01:46:07Z,7.582,0,Metinic
7944,2021-05-13T01:51:07Z,7.481000000000001,0,Metinic
7945,2021-05-13T01:56:07Z,7.481000000000001,0,Metinic
7946,2021-05-13T02:01:07Z,7.481000000000001,0,Metinic
7947,2021-05-13T02:06:07Z,7.481000000000001,0,Metinic
7948,2021-05-13T02:11:07Z,7.481000000000001,0,Metinic
7949,2021-05-13T02:16:07Z,7.481000000000001,0,Metinic
7950,2021-05-13T02:21:07Z,7.481000000000001,0,Metinic
7951,2021-05-13T02:26:07Z,7.481000000000001,0,Metinic
7952,2021-05-13T02:31:07Z,7.481000000000001,0,Metinic
7953,2021-05-13T02:36:07Z,7.582,0,Metinic
7954,2021-05-13T02:41:07Z,7.582,0,Metinic
7955,2021-05-13T02:46:07Z,7.582,0,Metinic
7956,2021-05-13T02:51:07Z,7.6819999999999995,0,Metinic
7957,2021-05-13T02:56:07Z,7.6819999999999995,0,Metinic
7958,2021-05-13T03:01:07Z,7.6819999999999995,0,Metinic
7959,2021-05-13T03:06:07Z,7.6819999999999995,0,Metinic
7960,2021-05-13T03:11:07Z,7.782,0,Metinic
7961,2021-05-13T03:16:07Z,7.782,0,Metinic
7962,2021-05-13T03:21:07Z,7.782,0,Metinic
7963,2021-05-13T03:26:07Z,7.782,0,Metinic
7964,2021-05-13T03:31:07Z,7.782,0,Metinic
7965,2021-05-13T03:36:07Z,7.782,0,Metinic
7966,2021-05-13T03:41:07Z,7.782,0,Metinic
7967,2021-05-13T03:46:07Z,7.782,0,Metinic
7968,2021-05-13T03:51:07Z,7.782,0,Metinic
7969,2021-05-13T03:56:07Z,7.782,0,Metinic
7970,2021-05-13T04:01:07Z,7.782,0,Metinic
7971,2021-05-13T04:06:07Z,7.782,0,Metinic
7972,2021-05-13T04:11:07Z,7.782,0,Metinic
7973,2021-05-13T04:16:07Z,7.882,0,Metinic
7974,2021-05-13T04:21:07Z,7.882,0,Metinic
7975,2021-05-13T04:26:07Z,7.882,0,Metinic
7976,2021-05-13T04:31:07Z,7.882,0,Metinic
7977,2021-05-13T04:36:07Z,7.882,0,Metinic
7978,2021-05-13T04:41:07Z,7.882,0,Metinic
7979,2021-05-13T04:46:07Z,7.882,0,Metinic
7980,2021-05-13T04:51:07Z,7.9830000000000005,0,Metinic
7981,2021-05-13T04:56:07Z,7.9830000000000005,0,Metinic
7982,2021-05-13T05:01:07Z,7.882,0,Metinic
7983,2021-05-13T05:06:07Z,7.882,0,Metinic
7984,2021-05-13T05:11:07Z,7.9830000000000005,0,Metinic
7985,2021-05-13T05:16:07Z,7.9830000000000005,0,Metinic
7986,2021-05-13T05:21:07Z,7.9830000000000005,0,Metinic
7987,2021-05-13T05:26:07Z,7.9830000000000005,0,Metinic
7988,2021-05-13T05:31:07Z,7.9830000000000005,0,Metinic
7989,2021-05-13T05:36:07Z,7.9830000000000005,0,Metinic
7990,2021-05-13T05:41:07Z,7.9830000000000005,0,Metinic
7991,2021-05-13T05:46:07Z,7.9830000000000005,0,Metinic
7992,2021-05-13T05:51:07Z,8.082,0,Metinic
7993,2021-05-13T05:56:07Z,8.082,0,Metinic
7994,2021-05-13T06:01:07Z,8.182,0,Metinic
7995,2021-05-13T06:06:07Z,8.182,0,Metinic
7996,2021-05-13T06:11:07Z,8.182,0,Metinic
7997,2021-05-13T06:16:07Z,8.182,0,Metinic
7998,2021-05-13T06:21:07Z,8.182,0,Metinic
7999,2021-05-13T06:26:07Z,8.182,0,Metinic
8000,2021-05-13T06:31:07Z,8.182,0,Metinic
8001,2021-05-13T06:36:07Z,8.182,0,Metinic
8002,2021-05-13T06:41:07Z,8.082,0,Metinic
8003,2021-05-13T06:46:07Z,8.082,0,Metinic
8004,2021-05-13T06:51:07Z,8.082,0,Metinic
8005,2021-05-13T06:56:07Z,8.182,0,Metinic
8006,2021-05-13T07:01:07Z,8.182,0,Metinic
8007,2021-05-13T07:06:07Z,8.182,0,Metinic
8008,2021-05-13T07:11:07Z,8.182,0,Metinic
8009,2021-05-13T07:16:07Z,8.182,0,Metinic
8010,2021-05-13T07:21:07Z,8.182,0,Metinic
8011,2021-05-13T07:26:07Z,8.082,0,Metinic
8012,2021-05-13T07:31:07Z,7.9830000000000005,0,Metinic
8013,2021-05-13T07:36:07Z,7.9830000000000005,0,Metinic
8014,2021-05-13T07:41:07Z,7.882,0,Metinic
8015,2021-05-13T07:46:07Z,7.882,0,Metinic
8016,2021-05-13T07:51:07Z,7.882,0,Metinic
8017,2021-05-13T07:56:07Z,7.882,0,Metinic
8018,2021-05-13T08:01:07Z,7.882,0,Metinic
8019,2021-05-13T08:06:07Z,7.782,0,Metinic
8020,2021-05-13T08:11:07Z,7.782,0,Metinic
8021,2021-05-13T08:16:07Z,7.782,0,Metinic
8022,2021-05-13T08:21:07Z,7.782,0,Metinic
8023,2021-05-13T08:26:07Z,7.882,0,Metinic
8024,2021-05-13T08:31:07Z,7.882,0,Metinic
8025,2021-05-13T08:36:07Z,7.882,0,Metinic
8026,2021-05-13T08:41:07Z,7.882,0,Metinic
8027,2021-05-13T08:46:07Z,7.882,0,Metinic
8028,2021-05-13T08:51:07Z,7.882,0,Metinic
8029,2021-05-13T08:56:07Z,7.882,0,Metinic
8030,2021-05-13T09:01:07Z,7.882,0,Metinic
8031,2021-05-13T09:06:07Z,7.882,0,Metinic
8032,2021-05-13T09:11:07Z,7.782,0,Metinic
8033,2021-05-13T09:16:07Z,7.782,0,Metinic
8034,2021-05-13T09:21:07Z,7.782,1,Metinic
8035,2021-05-13T09:26:07Z,7.782,1,Metinic
8036,2021-05-13T09:31:07Z,7.782,2,Metinic
8037,2021-05-13T09:36:07Z,7.782,4,Metinic
8038,2021-05-13T09:41:07Z,7.782,4,Metinic
8039,2021-05-13T09:46:07Z,7.782,7,Metinic
8040,2021-05-13T09:51:07Z,7.782,4,Metinic
8041,2021-05-13T09:56:07Z,7.782,5,Metinic
8042,2021-05-13T10:01:07Z,7.782,9,Metinic
8043,2021-05-13T10:06:07Z,7.782,13,Metinic
8044,2021-05-13T10:11:07Z,7.882,8,Metinic
8045,2021-05-13T10:16:07Z,7.782,9,Metinic
8046,2021-05-13T10:21:07Z,7.782,10,Metinic
8047,2021-05-13T10:26:07Z,7.782,14,Metinic
8048,2021-05-13T10:31:07Z,7.782,10,Metinic
8049,2021-05-13T10:36:07Z,7.782,12,Metinic
8050,2021-05-13T10:41:07Z,7.782,18,Metinic
8051,2021-05-13T10:46:07Z,7.782,16,Metinic
8052,2021-05-13T10:51:07Z,7.782,21,Metinic
8053,2021-05-13T10:56:07Z,7.782,23,Metinic
8054,2021-05-13T11:01:07Z,7.782,21,Metinic
8055,2021-05-13T11:06:07Z,7.782,34,Metinic
8056,2021-05-13T11:11:07Z,7.6819999999999995,34,Metinic
8057,2021-05-13T11:16:07Z,7.6819999999999995,38,Metinic
8058,2021-05-13T11:21:07Z,7.6819999999999995,24,Metinic
8059,2021-05-13T11:26:07Z,7.6819999999999995,29,Metinic
8060,2021-05-13T11:31:07Z,7.582,37,Metinic
8061,2021-05-13T11:36:07Z,7.582,40,Metinic
8062,2021-05-13T11:41:07Z,7.582,34,Metinic
8063,2021-05-13T11:46:07Z,7.582,37,Metinic
8064,2021-05-13T11:51:07Z,7.582,25,Metinic
8065,2021-05-13T11:56:07Z,7.582,28,Metinic
8066,2021-05-13T12:01:07Z,7.6819999999999995,46,Metinic
8067,2021-05-13T12:06:07Z,7.6819999999999995,50,Metinic
8068,2021-05-13T12:11:07Z,7.782,27,Metinic
8069,2021-05-13T12:16:07Z,7.782,36,Metinic
8070,2021-05-13T12:21:07Z,7.882,38,Metinic
8071,2021-05-13T12:26:07Z,7.882,38,Metinic
8072,2021-05-13T12:31:07Z,7.882,47,Metinic
8073,2021-05-13T12:36:07Z,7.882,41,Metinic
8074,2021-05-13T12:41:07Z,7.882,39,Metinic
8075,2021-05-13T12:46:07Z,7.882,45,Metinic
8076,2021-05-13T12:51:07Z,7.882,40,Metinic
8077,2021-05-13T12:56:07Z,7.882,49,Metinic
8078,2021-05-13T13:01:07Z,7.882,44,Metinic
8079,2021-05-13T13:06:07Z,7.782,41,Metinic
8080,2021-05-13T13:11:07Z,7.782,50,Metinic
8081,2021-05-13T13:16:07Z,7.782,46,Metinic
8082,2021-05-13T13:21:07Z,7.782,58,Metinic
8083,2021-05-13T13:26:07Z,7.782,42,Metinic
8084,2021-05-13T13:31:07Z,7.782,60,Metinic
8085,2021-05-13T13:36:07Z,7.782,60,Metinic
8086,2021-05-13T13:41:07Z,7.782,60,Metinic
8087,2021-05-13T13:46:07Z,7.882,55,Metinic
8088,2021-05-13T13:51:07Z,7.882,46,Metinic
8089,2021-05-13T13:56:07Z,8.082,54,Metinic
8090,2021-05-13T14:01:07Z,8.282,61,Metinic
8091,2021-05-13T14:06:07Z,8.382000000000001,46,Metinic
8092,2021-05-13T14:11:07Z,8.282,45,Metinic
8093,2021-05-13T14:16:07Z,8.182,56,Metinic
8094,2021-05-13T14:21:07Z,8.282,53,Metinic
8095,2021-05-13T14:26:07Z,8.481,98,Metinic
8096,2021-05-13T14:31:07Z,8.382000000000001,53,Metinic
8097,2021-05-13T14:36:07Z,8.481,64,Metinic
8098,2021-05-13T14:41:07Z,8.382000000000001,41,Metinic
8099,2021-05-13T14:46:07Z,8.382000000000001,34,Metinic
8100,2021-05-13T14:51:07Z,8.481,41,Metinic
8101,2021-05-13T14:56:07Z,8.481,60,Metinic
8102,2021-05-13T15:01:07Z,8.481,27,Metinic
8103,2021-05-13T15:06:07Z,8.481,35,Metinic
8104,2021-05-13T15:11:07Z,8.581,54,Metinic
8105,2021-05-13T15:16:07Z,8.581,47,Metinic
8106,2021-05-13T15:21:07Z,8.581,66,Metinic
8107,2021-05-13T15:26:07Z,8.581,61,Metinic
8108,2021-05-13T15:31:07Z,8.481,29,Metinic
8109,2021-05-13T15:36:07Z,8.481,27,Metinic
8110,2021-05-13T15:41:07Z,8.481,30,Metinic
8111,2021-05-13T15:46:07Z,8.481,35,Metinic
8112,2021-05-13T15:51:07Z,8.481,39,Metinic
8113,2021-05-13T15:56:07Z,8.481,56,Metinic
8114,2021-05-13T16:01:07Z,8.481,73,Metinic
8115,2021-05-13T16:06:07Z,8.481,56,Metinic
8116,2021-05-13T16:11:07Z,8.581,79,Metinic
8117,2021-05-13T16:16:07Z,8.481,20,Metinic
8118,2021-05-13T16:21:07Z,8.481,67,Metinic
8119,2021-05-13T16:26:07Z,8.481,87,Metinic
8120,2021-05-13T16:31:07Z,8.481,67,Metinic
8121,2021-05-13T16:36:07Z,8.581,120,Metinic
8122,2021-05-13T16:41:07Z,8.481,70,Metinic
8123,2021-05-13T16:46:07Z,8.382000000000001,57,Metinic
8124,2021-05-13T16:51:07Z,8.382000000000001,122,Metinic
8125,2021-05-13T16:56:07Z,8.382000000000001,77,Metinic
8126,2021-05-13T17:01:07Z,8.382000000000001,99,Metinic
8127,2021-05-13T17:06:07Z,8.382000000000001,25,Metinic
8128,2021-05-13T17:11:07Z,8.382000000000001,32,Metinic
8129,2021-05-13T17:16:07Z,8.481,78,Metinic
8130,2021-05-13T17:21:07Z,8.481,46,Metinic
8131,2021-05-13T17:26:07Z,8.581,91,Metinic
8132,2021-05-13T17:31:07Z,8.581,111,Metinic
8133,2021-05-13T17:36:07Z,8.68,43,Metinic
8134,2021-05-13T17:41:07Z,8.581,23,Metinic
8135,2021-05-13T17:46:07Z,8.581,22,Metinic
8136,2021-05-13T17:51:07Z,8.68,48,Metinic
8137,2021-05-13T17:56:07Z,8.779,176,Metinic
8138,2021-05-13T18:01:07Z,8.779,90,Metinic
8139,2021-05-13T18:06:07Z,8.779,28,Metinic
8140,2021-05-13T18:11:07Z,8.879000000000001,58,Metinic
8141,2021-05-13T18:16:07Z,8.879000000000001,56,Metinic
8142,2021-05-13T18:21:07Z,8.879000000000001,29,Metinic
8143,2021-05-13T18:26:07Z,8.978,80,Metinic
8144,2021-05-13T18:31:07Z,8.879000000000001,40,Metinic
8145,2021-05-13T18:36:07Z,8.879000000000001,29,Metinic
8146,2021-05-13T18:41:07Z,8.68,116,Metinic
8147,2021-05-13T18:46:07Z,8.581,144,Metinic
8148,2021-05-13T18:51:07Z,8.481,39,Metinic
8149,2021-05-13T18:56:07Z,8.382000000000001,107,Metinic
8150,2021-05-13T19:01:07Z,8.481,95,Metinic
8151,2021-05-13T19:06:07Z,8.481,101,Metinic
8152,2021-05-13T19:11:07Z,8.481,60,Metinic
8153,2021-05-13T19:16:07Z,8.481,152,Metinic
8154,2021-05-13T19:21:07Z,8.481,61,Metinic
8155,2021-05-13T19:26:07Z,8.481,95,Metinic
8156,2021-05-13T19:31:07Z,8.481,107,Metinic
8157,2021-05-13T19:36:07Z,8.481,50,Metinic
8158,2021-05-13T19:41:07Z,8.481,114,Metinic
8159,2021-05-13T19:46:07Z,8.481,93,Metinic
8160,2021-05-13T19:51:07Z,8.282,128,Metinic
8161,2021-05-13T19:56:07Z,8.182,125,Metinic
8162,2021-05-13T20:01:07Z,8.182,152,Metinic
8163,2021-05-13T20:06:07Z,8.182,102,Metinic
8164,2021-05-13T20:11:07Z,8.182,66,Metinic
8165,2021-05-13T20:16:07Z,8.182,160,Metinic
8166,2021-05-13T20:21:07Z,8.182,128,Metinic
8167,2021-05-13T20:26:07Z,8.182,117,Metinic
8168,2021-05-13T20:31:07Z,8.382000000000001,105,Metinic
8169,2021-05-13T20:36:07Z,8.481,91,Metinic
8170,2021-05-13T20:41:07Z,8.581,108,Metinic
8171,2021-05-13T20:46:07Z,8.581,36,Metinic
8172,2021-05-13T20:51:07Z,8.282,152,Metinic
8173,2021-05-13T20:56:07Z,8.182,125,Metinic
8174,2021-05-13T21:01:07Z,8.182,76,Metinic
8175,2021-05-13T21:06:07Z,8.082,144,Metinic
8176,2021-05-13T21:11:07Z,8.082,136,Metinic
8177,2021-05-13T21:16:07Z,8.082,105,Metinic
8178,2021-05-13T21:21:07Z,8.082,144,Metinic
8179,2021-05-13T21:26:07Z,8.082,90,Metinic
8180,2021-05-13T21:31:07Z,8.082,152,Metinic
8181,2021-05-13T21:36:07Z,8.082,128,Metinic
8182,2021-05-13T21:41:07Z,8.182,86,Metinic
8183,2021-05-13T21:46:07Z,8.182,88,Metinic
8184,2021-05-13T21:51:07Z,8.182,70,Metinic
8185,2021-05-13T21:56:07Z,8.182,30,Metinic
8186,2021-05-13T22:01:07Z,8.082,20,Metinic
8187,2021-05-13T22:06:07Z,8.082,18,Metinic
8188,2021-05-13T22:11:07Z,7.9830000000000005,22,Metinic
8189,2021-05-13T22:16:07Z,7.9830000000000005,13,Metinic
8190,2021-05-13T22:21:07Z,7.9830000000000005,34,Metinic
8191,2021-05-13T22:26:07Z,7.9830000000000005,31,Metinic
8192,2021-05-13T22:31:07Z,7.9830000000000005,16,Metinic
8193,2021-05-13T22:36:07Z,7.882,14,Metinic
8194,2021-05-13T22:41:07Z,7.882,20,Metinic
8195,2021-05-13T22:46:07Z,7.782,54,Metinic
8196,2021-05-13T22:51:07Z,7.782,34,Metinic
8197,2021-05-13T22:56:07Z,7.6819999999999995,18,Metinic
8198,2021-05-13T23:01:07Z,7.6819999999999995,18,Metinic
8199,2021-05-13T23:06:07Z,7.6819999999999995,5,Metinic
8200,2021-05-13T23:11:07Z,7.6819999999999995,5,Metinic
8201,2021-05-13T23:16:07Z,7.6819999999999995,6,Metinic
8202,2021-05-13T23:21:07Z,7.582,5,Metinic
8203,2021-05-13T23:26:07Z,7.582,3,Metinic
8204,2021-05-13T23:31:07Z,7.582,1,Metinic
8205,2021-05-13T23:36:07Z,7.481000000000001,0,Metinic
8206,2021-05-13T23:41:07Z,7.481000000000001,0,Metinic
8207,2021-05-13T23:46:07Z,7.481000000000001,0,Metinic
8208,2021-05-13T23:51:07Z,7.481000000000001,0,Metinic
8209,2021-05-13T23:56:07Z,7.481000000000001,0,Metinic
8210,2021-05-14T00:01:07Z,7.481000000000001,0,Metinic
8211,2021-05-14T00:06:07Z,7.381,0,Metinic
8212,2021-05-14T00:11:07Z,7.381,0,Metinic
8213,2021-05-14T00:16:07Z,7.481000000000001,0,Metinic
8214,2021-05-14T00:21:07Z,7.481000000000001,0,Metinic
8215,2021-05-14T00:26:07Z,7.481000000000001,0,Metinic
8216,2021-05-14T00:31:07Z,7.481000000000001,0,Metinic
8217,2021-05-14T00:36:07Z,7.481000000000001,0,Metinic
8218,2021-05-14T00:41:07Z,7.481000000000001,0,Metinic
8219,2021-05-14T00:46:07Z,7.481000000000001,0,Metinic
8220,2021-05-14T00:51:07Z,7.582,0,Metinic
8221,2021-05-14T00:56:07Z,7.6819999999999995,0,Metinic
8222,2021-05-14T01:01:07Z,7.6819999999999995,0,Metinic
8223,2021-05-14T01:06:07Z,7.6819999999999995,0,Metinic
8224,2021-05-14T01:11:07Z,7.6819999999999995,0,Metinic
8225,2021-05-14T01:16:07Z,7.582,0,Metinic
8226,2021-05-14T01:21:07Z,7.6819999999999995,0,Metinic
8227,2021-05-14T01:26:07Z,7.6819999999999995,0,Metinic
8228,2021-05-14T01:31:07Z,7.582,0,Metinic
8229,2021-05-14T01:36:07Z,7.582,0,Metinic
8230,2021-05-14T01:41:07Z,7.582,0,Metinic
8231,2021-05-14T01:46:07Z,7.6819999999999995,0,Metinic
8232,2021-05-14T01:51:07Z,7.6819999999999995,0,Metinic
8233,2021-05-14T01:56:07Z,7.6819999999999995,0,Metinic
8234,2021-05-14T02:01:07Z,7.582,0,Metinic
8235,2021-05-14T02:06:07Z,7.582,0,Metinic
8236,2021-05-14T02:11:07Z,7.582,0,Metinic
8237,2021-05-14T02:16:07Z,7.582,0,Metinic
8238,2021-05-14T02:21:07Z,7.582,0,Metinic
8239,2021-05-14T02:26:07Z,7.481000000000001,0,Metinic
8240,2021-05-14T02:31:07Z,7.481000000000001,0,Metinic
8241,2021-05-14T02:36:07Z,7.481000000000001,0,Metinic
8242,2021-05-14T02:41:07Z,7.481000000000001,0,Metinic
8243,2021-05-14T02:46:07Z,7.582,0,Metinic
8244,2021-05-14T02:51:07Z,7.582,0,Metinic
8245,2021-05-14T02:56:07Z,7.582,0,Metinic
8246,2021-05-14T03:01:07Z,7.481000000000001,0,Metinic
8247,2021-05-14T03:06:07Z,7.481000000000001,0,Metinic
8248,2021-05-14T03:11:07Z,7.481000000000001,0,Metinic
8249,2021-05-14T03:16:07Z,7.582,0,Metinic
8250,2021-05-14T03:21:07Z,7.582,0,Metinic
8251,2021-05-14T03:26:07Z,7.582,0,Metinic
8252,2021-05-14T03:31:07Z,7.582,0,Metinic
8253,2021-05-14T03:36:07Z,7.582,0,Metinic
8254,2021-05-14T03:41:07Z,7.582,0,Metinic
8255,2021-05-14T03:46:07Z,7.582,0,Metinic
8256,2021-05-14T03:51:07Z,7.582,0,Metinic
8257,2021-05-14T03:56:07Z,7.582,0,Metinic
8258,2021-05-14T04:01:07Z,7.6819999999999995,0,Metinic
8259,2021-05-14T04:06:07Z,7.582,0,Metinic
8260,2021-05-14T04:11:07Z,7.582,0,Metinic
8261,2021-05-14T04:16:07Z,7.6819999999999995,0,Metinic
8262,2021-05-14T04:21:07Z,7.6819999999999995,0,Metinic
8263,2021-05-14T04:26:07Z,7.6819999999999995,0,Metinic
8264,2021-05-14T04:31:07Z,7.6819999999999995,0,Metinic
8265,2021-05-14T04:36:07Z,7.6819999999999995,0,Metinic
8266,2021-05-14T04:41:07Z,7.582,0,Metinic
8267,2021-05-14T04:46:07Z,7.582,0,Metinic
8268,2021-05-14T04:51:07Z,7.582,0,Metinic
8269,2021-05-14T04:56:07Z,7.582,0,Metinic
8270,2021-05-14T05:01:07Z,7.582,0,Metinic
8271,2021-05-14T05:06:07Z,7.6819999999999995,0,Metinic
8272,2021-05-14T05:11:07Z,7.782,0,Metinic
8273,2021-05-14T05:16:07Z,7.782,0,Metinic
8274,2021-05-14T05:21:07Z,7.782,0,Metinic
8275,2021-05-14T05:26:07Z,7.782,0,Metinic
8276,2021-05-14T05:31:07Z,7.782,0,Metinic
8277,2021-05-14T05:36:07Z,7.782,0,Metinic
8278,2021-05-14T05:41:07Z,7.6819999999999995,0,Metinic
8279,2021-05-14T05:46:07Z,7.782,0,Metinic
8280,2021-05-14T05:51:07Z,7.782,0,Metinic
8281,2021-05-14T05:56:07Z,7.782,0,Metinic
8282,2021-05-14T06:01:07Z,7.782,0,Metinic
8283,2021-05-14T06:06:07Z,7.782,0,Metinic
8284,2021-05-14T06:11:07Z,7.782,0,Metinic
8285,2021-05-14T06:16:07Z,7.782,0,Metinic
8286,2021-05-14T06:21:07Z,7.882,0,Metinic
8287,2021-05-14T06:26:07Z,7.9830000000000005,0,Metinic
8288,2021-05-14T06:31:07Z,8.082,0,Metinic
8289,2021-05-14T06:36:07Z,8.082,0,Metinic
8290,2021-05-14T06:41:07Z,8.082,0,Metinic
8291,2021-05-14T06:46:07Z,7.9830000000000005,0,Metinic
8292,2021-05-14T06:51:07Z,7.9830000000000005,0,Metinic
8293,2021-05-14T06:56:07Z,7.9830000000000005,0,Metinic
8294,2021-05-14T07:01:07Z,7.9830000000000005,0,Metinic
8295,2021-05-14T07:06:07Z,7.9830000000000005,0,Metinic
8296,2021-05-14T07:11:07Z,7.9830000000000005,0,Metinic
8297,2021-05-14T07:16:07Z,7.9830000000000005,0,Metinic
8298,2021-05-14T07:21:07Z,7.9830000000000005,0,Metinic
8299,2021-05-14T07:26:07Z,7.9830000000000005,0,Metinic
8300,2021-05-14T07:31:07Z,7.9830000000000005,0,Metinic
8301,2021-05-14T07:36:07Z,7.9830000000000005,0,Metinic
8302,2021-05-14T07:41:07Z,7.9830000000000005,0,Metinic
8303,2021-05-14T07:46:07Z,7.9830000000000005,0,Metinic
8304,2021-05-14T07:51:07Z,7.9830000000000005,0,Metinic
8305,2021-05-14T07:56:07Z,7.9830000000000005,0,Metinic
8306,2021-05-14T08:01:07Z,7.9830000000000005,0,Metinic
8307,2021-05-14T08:06:07Z,7.9830000000000005,0,Metinic
8308,2021-05-14T08:11:07Z,7.9830000000000005,0,Metinic
8309,2021-05-14T08:16:07Z,7.9830000000000005,0,Metinic
8310,2021-05-14T08:21:07Z,7.9830000000000005,0,Metinic
8311,2021-05-14T08:26:07Z,7.9830000000000005,0,Metinic
8312,2021-05-14T08:31:07Z,7.9830000000000005,0,Metinic
8313,2021-05-14T08:36:07Z,7.9830000000000005,0,Metinic
8314,2021-05-14T08:41:07Z,7.9830000000000005,0,Metinic
8315,2021-05-14T08:46:07Z,7.882,0,Metinic
8316,2021-05-14T08:51:07Z,7.882,0,Metinic
8317,2021-05-14T08:56:07Z,7.882,0,Metinic
8318,2021-05-14T09:01:07Z,7.882,0,Metinic
8319,2021-05-14T09:06:07Z,7.882,0,Metinic
8320,2021-05-14T09:11:07Z,7.782,0,Metinic
8321,2021-05-14T09:16:07Z,7.6819999999999995,0,Metinic
8322,2021-05-14T09:21:07Z,7.6819999999999995,0,Metinic
8323,2021-05-14T09:26:07Z,7.6819999999999995,0,Metinic
8324,2021-05-14T09:31:07Z,7.6819999999999995,1,Metinic
8325,2021-05-14T09:36:07Z,7.6819999999999995,2,Metinic
8326,2021-05-14T09:41:07Z,7.782,3,Metinic
8327,2021-05-14T09:46:07Z,7.782,4,Metinic
8328,2021-05-14T09:51:07Z,7.782,5,Metinic
8329,2021-05-14T09:56:07Z,7.782,3,Metinic
8330,2021-05-14T10:01:07Z,7.6819999999999995,7,Metinic
8331,2021-05-14T10:06:07Z,7.782,4,Metinic
8332,2021-05-14T10:11:07Z,7.782,7,Metinic
8333,2021-05-14T10:16:07Z,7.782,6,Metinic
8334,2021-05-14T10:21:07Z,7.782,7,Metinic
8335,2021-05-14T10:26:07Z,7.782,9,Metinic
8336,2021-05-14T10:31:07Z,7.782,8,Metinic
8337,2021-05-14T10:36:07Z,7.782,10,Metinic
8338,2021-05-14T10:41:07Z,7.782,11,Metinic
8339,2021-05-14T10:46:07Z,7.782,13,Metinic
8340,2021-05-14T10:51:07Z,7.782,13,Metinic
8341,2021-05-14T10:56:07Z,7.782,19,Metinic
8342,2021-05-14T11:01:07Z,7.782,21,Metinic
8343,2021-05-14T11:06:07Z,7.782,14,Metinic
8344,2021-05-14T11:11:07Z,7.782,19,Metinic
8345,2021-05-14T11:16:07Z,7.782,18,Metinic
8346,2021-05-14T11:21:07Z,7.782,20,Metinic
8347,2021-05-14T11:26:07Z,7.782,25,Metinic
8348,2021-05-14T11:31:07Z,7.782,23,Metinic
8349,2021-05-14T11:36:07Z,7.782,27,Metinic
8350,2021-05-14T11:41:07Z,7.782,26,Metinic
8351,2021-05-14T11:46:07Z,7.782,25,Metinic
8352,2021-05-14T11:51:07Z,7.782,38,Metinic
8353,2021-05-14T11:56:07Z,7.782,36,Metinic
8354,2021-05-14T12:01:07Z,7.6819999999999995,39,Metinic
8355,2021-05-14T12:06:07Z,7.6819999999999995,36,Metinic
8356,2021-05-14T12:11:07Z,7.6819999999999995,36,Metinic
8357,2021-05-14T12:16:07Z,7.6819999999999995,32,Metinic
8358,2021-05-14T12:21:07Z,7.582,40,Metinic
8359,2021-05-14T12:26:07Z,7.582,29,Metinic
8360,2021-05-14T12:31:07Z,7.582,36,Metinic
8361,2021-05-14T12:36:07Z,7.582,35,Metinic
8362,2021-05-14T12:41:07Z,7.582,46,Metinic
8363,2021-05-14T12:46:07Z,7.582,36,Metinic
8364,2021-05-14T12:51:07Z,7.582,34,Metinic
8365,2021-05-14T12:56:07Z,7.6819999999999995,44,Metinic
8366,2021-05-14T13:01:07Z,7.6819999999999995,46,Metinic
8367,2021-05-14T13:06:07Z,7.6819999999999995,38,Metinic
8368,2021-05-14T13:11:07Z,7.782,42,Metinic
8369,2021-05-14T13:16:07Z,7.782,49,Metinic
8370,2021-05-14T13:21:07Z,7.782,49,Metinic
8371,2021-05-14T13:26:07Z,7.782,55,Metinic
8372,2021-05-14T13:31:07Z,7.782,38,Metinic
8373,2021-05-14T13:36:07Z,7.882,53,Metinic
8374,2021-05-14T13:41:07Z,7.882,64,Metinic
8375,2021-05-14T13:46:07Z,7.882,56,Metinic
8376,2021-05-14T13:51:07Z,7.882,68,Metinic
8377,2021-05-14T13:56:07Z,7.882,44,Metinic
8378,2021-05-14T14:01:07Z,7.782,45,Metinic
8379,2021-05-14T14:06:07Z,7.782,50,Metinic
8380,2021-05-14T14:11:07Z,7.782,36,Metinic
8381,2021-05-14T14:16:07Z,7.782,77,Metinic
8382,2021-05-14T14:21:07Z,7.6819999999999995,82,Metinic
8383,2021-05-14T14:26:07Z,7.6819999999999995,56,Metinic
8384,2021-05-14T14:31:07Z,7.6819999999999995,70,Metinic
8385,2021-05-14T14:36:07Z,7.6819999999999995,57,Metinic
8386,2021-05-14T14:41:07Z,7.782,58,Metinic
8387,2021-05-14T14:46:07Z,7.782,59,Metinic
8388,2021-05-14T14:51:07Z,7.782,66,Metinic
8389,2021-05-14T14:56:07Z,7.882,61,Metinic
8390,2021-05-14T15:01:07Z,7.9830000000000005,46,Metinic
8391,2021-05-14T15:06:07Z,7.9830000000000005,46,Metinic
8392,2021-05-14T15:11:07Z,8.082,17,Metinic
8393,2021-05-14T15:16:07Z,7.9830000000000005,35,Metinic
8394,2021-05-14T15:21:07Z,8.082,78,Metinic
8395,2021-05-14T15:26:07Z,7.9830000000000005,22,Metinic
8396,2021-05-14T15:31:07Z,7.9830000000000005,34,Metinic
8397,2021-05-14T15:36:07Z,7.9830000000000005,53,Metinic
8398,2021-05-14T15:41:07Z,8.082,23,Metinic
8399,2021-05-14T15:46:07Z,7.9830000000000005,41,Metinic
8400,2021-05-14T15:51:07Z,7.9830000000000005,52,Metinic
8401,2021-05-14T15:56:07Z,7.882,18,Metinic
8402,2021-05-14T16:01:07Z,7.9830000000000005,108,Metinic
8403,2021-05-14T16:06:07Z,7.9830000000000005,42,Metinic
8404,2021-05-14T16:11:07Z,7.9830000000000005,88,Metinic
8405,2021-05-14T16:16:07Z,7.882,35,Metinic
8406,2021-05-14T16:21:07Z,7.882,36,Metinic
8407,2021-05-14T16:26:07Z,7.9830000000000005,30,Metinic
8408,2021-05-14T16:31:07Z,7.9830000000000005,58,Metinic
8409,2021-05-14T16:36:07Z,7.9830000000000005,53,Metinic
8410,2021-05-14T16:41:07Z,7.9830000000000005,45,Metinic
8411,2021-05-14T16:46:07Z,7.9830000000000005,54,Metinic
8412,2021-05-14T16:51:07Z,7.9830000000000005,34,Metinic
8413,2021-05-14T16:56:07Z,7.9830000000000005,35,Metinic
8414,2021-05-14T17:01:07Z,7.9830000000000005,17,Metinic
8415,2021-05-14T17:06:07Z,8.082,125,Metinic
8416,2021-05-14T17:11:07Z,7.9830000000000005,33,Metinic
8417,2021-05-14T17:16:07Z,7.9830000000000005,22,Metinic
8418,2021-05-14T17:21:07Z,8.182,65,Metinic
8419,2021-05-14T17:26:07Z,8.182,27,Metinic
8420,2021-05-14T17:31:07Z,8.282,14,Metinic
8421,2021-05-14T17:36:07Z,8.282,22,Metinic
8422,2021-05-14T17:41:07Z,8.382000000000001,33,Metinic
8423,2021-05-14T17:46:07Z,8.481,12,Metinic
8424,2021-05-14T17:51:07Z,8.581,128,Metinic
8425,2021-05-14T17:56:07Z,8.581,22,Metinic
8426,2021-05-14T18:01:07Z,8.581,75,Metinic
8427,2021-05-14T18:06:07Z,8.581,114,Metinic
8428,2021-05-14T18:11:07Z,8.581,73,Metinic
8429,2021-05-14T18:16:07Z,8.481,24,Metinic
8430,2021-05-14T18:21:07Z,8.481,16,Metinic
8431,2021-05-14T18:26:07Z,8.481,8,Metinic
8432,2021-05-14T18:31:07Z,8.481,6,Metinic
8433,2021-05-14T18:36:07Z,8.481,15,Metinic
8434,2021-05-14T18:41:07Z,8.481,13,Metinic
8435,2021-05-14T18:46:07Z,8.581,96,Metinic
8436,2021-05-14T18:51:07Z,8.68,77,Metinic
8437,2021-05-14T18:56:07Z,8.68,102,Metinic
8438,2021-05-14T19:01:07Z,8.581,16,Metinic
8439,2021-05-14T19:06:07Z,8.581,10,Metinic
8440,2021-05-14T19:11:07Z,8.581,16,Metinic
8441,2021-05-14T19:16:07Z,8.68,99,Metinic
8442,2021-05-14T19:21:07Z,8.68,90,Metinic
8443,2021-05-14T19:26:07Z,8.68,93,Metinic
8444,2021-05-14T19:31:07Z,8.68,89,Metinic
8445,2021-05-14T19:36:07Z,8.68,18,Metinic
8446,2021-05-14T19:41:07Z,8.68,30,Metinic
8447,2021-05-14T19:46:07Z,8.68,10,Metinic
8448,2021-05-14T19:51:07Z,8.68,2,Metinic
8449,2021-05-14T19:56:07Z,8.68,3,Metinic
8450,2021-05-14T20:01:07Z,8.68,9,Metinic
8451,2021-05-14T20:06:07Z,8.779,67,Metinic
8452,2021-05-14T20:11:07Z,8.779,36,Metinic
8453,2021-05-14T20:16:07Z,8.779,22,Metinic
8454,2021-05-14T20:21:07Z,8.879000000000001,100,Metinic
8455,2021-05-14T20:26:07Z,8.879000000000001,60,Metinic
8456,2021-05-14T20:31:07Z,8.879000000000001,24,Metinic
8457,2021-05-14T20:36:07Z,8.779,14,Metinic
8458,2021-05-14T20:41:07Z,8.779,21,Metinic
8459,2021-05-14T20:46:07Z,8.779,40,Metinic
8460,2021-05-14T20:51:07Z,8.779,17,Metinic
8461,2021-05-14T20:56:07Z,8.879000000000001,47,Metinic
8462,2021-05-14T21:01:07Z,8.879000000000001,64,Metinic
8463,2021-05-14T21:06:07Z,8.779,75,Metinic
8464,2021-05-14T21:11:07Z,8.581,61,Metinic
8465,2021-05-14T21:16:07Z,8.382000000000001,25,Metinic
8466,2021-05-14T21:21:07Z,8.282,37,Metinic
8467,2021-05-14T21:26:07Z,8.282,68,Metinic
8468,2021-05-14T21:31:07Z,8.282,27,Metinic
8469,2021-05-14T21:36:07Z,8.182,20,Metinic
8470,2021-05-14T21:41:07Z,8.082,15,Metinic
8471,2021-05-14T21:46:07Z,8.082,15,Metinic
8472,2021-05-14T21:51:07Z,8.082,12,Metinic
8473,2021-05-14T21:56:07Z,8.082,12,Metinic
8474,2021-05-14T22:01:07Z,8.082,12,Metinic
8475,2021-05-14T22:06:07Z,8.581,71,Metinic
8476,2021-05-14T22:11:07Z,8.68,22,Metinic
8477,2021-05-14T22:16:07Z,8.779,29,Metinic
8478,2021-05-14T22:21:07Z,8.779,29,Metinic
8479,2021-05-14T22:26:07Z,8.779,22,Metinic
8480,2021-05-14T22:31:07Z,8.779,20,Metinic
8481,2021-05-14T22:36:07Z,8.779,15,Metinic
8482,2021-05-14T22:41:07Z,8.779,15,Metinic
8483,2021-05-14T22:46:07Z,8.68,6,Metinic
8484,2021-05-14T22:51:07Z,8.68,6,Metinic
8485,2021-05-14T22:56:07Z,8.581,2,Metinic
8486,2021-05-14T23:01:07Z,8.481,4,Metinic
8487,2021-05-14T23:06:07Z,8.581,4,Metinic
8488,2021-05-14T23:11:07Z,8.481,2,Metinic
8489,2021-05-14T23:16:07Z,8.481,1,Metinic
8490,2021-05-14T23:21:07Z,8.481,3,Metinic
8491,2021-05-14T23:26:07Z,8.481,4,Metinic
8492,2021-05-14T23:31:07Z,8.481,1,Metinic
8493,2021-05-14T23:36:07Z,8.481,1,Metinic
8494,2021-05-14T23:41:07Z,8.282,0,Metinic
8495,2021-05-14T23:46:07Z,7.9830000000000005,0,Metinic
8496,2021-05-14T23:51:07Z,7.882,0,Metinic
8497,2021-05-14T23:56:07Z,7.882,0,Metinic
8498,2021-05-15T00:01:07Z,7.882,0,Metinic
8499,2021-05-15T00:06:07Z,7.782,0,Metinic
8500,2021-05-15T00:11:07Z,7.6819999999999995,0,Metinic
8501,2021-05-15T00:16:07Z,7.6819999999999995,0,Metinic
8502,2021-05-15T00:21:07Z,7.582,0,Metinic
8503,2021-05-15T00:26:07Z,7.582,0,Metinic
8504,2021-05-15T00:31:07Z,7.481000000000001,0,Metinic
8505,2021-05-15T00:36:07Z,7.481000000000001,0,Metinic
8506,2021-05-15T00:41:07Z,7.481000000000001,0,Metinic
8507,2021-05-15T00:46:07Z,7.481000000000001,0,Metinic
8508,2021-05-15T00:51:07Z,7.481000000000001,0,Metinic
8509,2021-05-15T00:56:07Z,7.481000000000001,0,Metinic
8510,2021-05-15T01:01:07Z,7.481000000000001,0,Metinic
8511,2021-05-15T01:06:07Z,7.481000000000001,0,Metinic
8512,2021-05-15T01:11:07Z,7.481000000000001,0,Metinic
8513,2021-05-15T01:16:07Z,7.481000000000001,0,Metinic
8514,2021-05-15T01:21:07Z,7.481000000000001,0,Metinic
8515,2021-05-15T01:26:07Z,7.582,0,Metinic
8516,2021-05-15T01:31:07Z,7.481000000000001,0,Metinic
8517,2021-05-15T01:36:07Z,7.481000000000001,0,Metinic
8518,2021-05-15T01:41:07Z,7.481000000000001,0,Metinic
8519,2021-05-15T01:46:07Z,7.582,0,Metinic
8520,2021-05-15T01:51:07Z,7.481000000000001,0,Metinic
8521,2021-05-15T01:56:07Z,7.582,0,Metinic
8522,2021-05-15T02:01:07Z,7.582,0,Metinic
8523,2021-05-15T02:06:07Z,7.6819999999999995,0,Metinic
8524,2021-05-15T02:11:07Z,7.6819999999999995,0,Metinic
8525,2021-05-15T02:16:07Z,7.582,0,Metinic
8526,2021-05-15T02:21:07Z,7.481000000000001,0,Metinic
8527,2021-05-15T02:26:07Z,7.481000000000001,0,Metinic
8528,2021-05-15T02:31:07Z,7.481000000000001,0,Metinic
8529,2021-05-15T02:36:07Z,7.582,0,Metinic
8530,2021-05-15T02:41:07Z,7.582,0,Metinic
8531,2021-05-15T02:46:07Z,7.582,0,Metinic
8532,2021-05-15T02:51:07Z,7.6819999999999995,0,Metinic
8533,2021-05-15T02:56:07Z,7.6819999999999995,0,Metinic
8534,2021-05-15T03:01:07Z,7.782,0,Metinic
8535,2021-05-15T03:06:07Z,7.782,0,Metinic
8536,2021-05-15T03:11:07Z,7.882,0,Metinic
8537,2021-05-15T03:16:07Z,7.882,0,Metinic
8538,2021-05-15T03:21:07Z,7.882,0,Metinic
8539,2021-05-15T03:26:07Z,7.882,0,Metinic
8540,2021-05-15T03:31:07Z,7.9830000000000005,0,Metinic
8541,2021-05-15T03:36:07Z,7.9830000000000005,0,Metinic
8542,2021-05-15T03:41:07Z,7.9830000000000005,0,Metinic
8543,2021-05-15T03:46:07Z,7.9830000000000005,0,Metinic
8544,2021-05-15T03:51:07Z,7.9830000000000005,0,Metinic
8545,2021-05-15T03:56:07Z,8.082,0,Metinic
8546,2021-05-15T04:01:07Z,7.9830000000000005,0,Metinic
8547,2021-05-15T04:06:07Z,7.9830000000000005,0,Metinic
8548,2021-05-15T04:11:07Z,7.9830000000000005,0,Metinic
8549,2021-05-15T04:16:07Z,7.9830000000000005,0,Metinic
8550,2021-05-15T04:21:07Z,7.9830000000000005,0,Metinic
8551,2021-05-15T04:26:07Z,7.9830000000000005,0,Metinic
8552,2021-05-15T04:31:07Z,7.9830000000000005,0,Metinic
8553,2021-05-15T04:36:07Z,7.9830000000000005,0,Metinic
8554,2021-05-15T04:41:07Z,7.9830000000000005,0,Metinic
8555,2021-05-15T04:46:07Z,7.9830000000000005,0,Metinic
8556,2021-05-15T04:51:07Z,7.9830000000000005,0,Metinic
8557,2021-05-15T04:56:07Z,7.9830000000000005,0,Metinic
8558,2021-05-15T05:01:07Z,7.9830000000000005,0,Metinic
8559,2021-05-15T05:06:07Z,7.9830000000000005,0,Metinic
8560,2021-05-15T05:11:07Z,7.9830000000000005,0,Metinic
8561,2021-05-15T05:16:07Z,7.9830000000000005,0,Metinic
8562,2021-05-15T05:21:07Z,7.9830000000000005,0,Metinic
8563,2021-05-15T05:26:07Z,7.882,0,Metinic
8564,2021-05-15T05:31:07Z,7.882,0,Metinic
8565,2021-05-15T05:36:07Z,7.9830000000000005,0,Metinic
8566,2021-05-15T05:41:07Z,7.9830000000000005,0,Metinic
8567,2021-05-15T05:46:07Z,8.082,0,Metinic
8568,2021-05-15T05:51:07Z,8.182,0,Metinic
8569,2021-05-15T05:56:07Z,8.182,0,Metinic
8570,2021-05-15T06:01:07Z,8.082,0,Metinic
8571,2021-05-15T06:06:07Z,8.082,0,Metinic
8572,2021-05-15T06:11:07Z,8.082,0,Metinic
8573,2021-05-15T06:16:07Z,8.082,0,Metinic
8574,2021-05-15T06:21:07Z,8.182,0,Metinic
8575,2021-05-15T06:26:07Z,8.182,0,Metinic
8576,2021-05-15T06:31:07Z,8.182,0,Metinic
8577,2021-05-15T06:36:07Z,8.182,0,Metinic
8578,2021-05-15T06:41:07Z,8.182,0,Metinic
8579,2021-05-15T06:46:07Z,8.282,0,Metinic
8580,2021-05-15T06:51:07Z,8.282,0,Metinic
8581,2021-05-15T06:56:07Z,8.282,0,Metinic
8582,2021-05-15T07:01:07Z,8.282,0,Metinic
8583,2021-05-15T07:06:07Z,8.282,0,Metinic
8584,2021-05-15T07:11:07Z,8.282,0,Metinic
8585,2021-05-15T07:16:07Z,8.282,0,Metinic
8586,2021-05-15T07:21:07Z,8.282,0,Metinic
8587,2021-05-15T07:26:07Z,8.282,0,Metinic
8588,2021-05-15T07:31:07Z,8.382000000000001,0,Metinic
8589,2021-05-15T07:36:07Z,8.382000000000001,0,Metinic
8590,2021-05-15T07:41:07Z,8.382000000000001,0,Metinic
8591,2021-05-15T07:46:07Z,8.382000000000001,0,Metinic
8592,2021-05-15T07:51:07Z,8.481,0,Metinic
8593,2021-05-15T07:56:07Z,8.382000000000001,0,Metinic
8594,2021-05-15T08:01:07Z,8.481,0,Metinic
8595,2021-05-15T08:06:07Z,8.481,0,Metinic
8596,2021-05-15T08:11:07Z,8.481,0,Metinic
8597,2021-05-15T08:16:07Z,8.481,0,Metinic
8598,2021-05-15T08:21:07Z,8.481,0,Metinic
8599,2021-05-15T08:26:07Z,8.481,0,Metinic
8600,2021-05-15T08:31:07Z,8.481,0,Metinic
8601,2021-05-15T08:36:07Z,8.581,0,Metinic
8602,2021-05-15T08:41:07Z,8.581,0,Metinic
8603,2021-05-15T08:46:07Z,8.581,0,Metinic
8604,2021-05-15T08:51:07Z,8.581,0,Metinic
8605,2021-05-15T08:56:07Z,8.581,0,Metinic
8606,2021-05-15T09:01:07Z,8.581,0,Metinic
8607,2021-05-15T09:06:07Z,8.581,0,Metinic
8608,2021-05-15T09:11:07Z,8.581,0,Metinic
8609,2021-05-15T09:16:07Z,8.581,0,Metinic
8610,2021-05-15T09:21:07Z,8.581,0,Metinic
8611,2021-05-15T09:26:07Z,8.581,0,Metinic
8612,2021-05-15T09:31:07Z,8.68,1,Metinic
8613,2021-05-15T09:36:07Z,8.68,1,Metinic
8614,2021-05-15T09:41:07Z,8.68,3,Metinic
8615,2021-05-15T09:46:07Z,8.68,3,Metinic
8616,2021-05-15T09:51:07Z,8.68,4,Metinic
8617,2021-05-15T09:56:07Z,8.68,2,Metinic
8618,2021-05-15T10:01:07Z,8.68,5,Metinic
8619,2021-05-15T10:06:07Z,8.68,5,Metinic
8620,2021-05-15T10:11:07Z,8.082,7,Metinic
8621,2021-05-15T10:16:07Z,8.082,6,Metinic
8622,2021-05-15T10:21:07Z,8.182,6,Metinic
8623,2021-05-15T10:26:07Z,8.282,10,Metinic
8624,2021-05-15T10:31:07Z,8.282,7,Metinic
8625,2021-05-15T10:36:07Z,8.382000000000001,12,Metinic
8626,2021-05-15T10:41:07Z,8.481,8,Metinic
8627,2021-05-15T10:46:07Z,8.581,11,Metinic
8628,2021-05-15T10:51:07Z,8.581,7,Metinic
8629,2021-05-15T10:56:07Z,8.68,12,Metinic
8630,2021-05-15T11:01:07Z,8.68,14,Metinic
8631,2021-05-15T11:06:07Z,8.779,13,Metinic
8632,2021-05-15T11:11:07Z,8.779,18,Metinic
8633,2021-05-15T11:16:07Z,8.779,13,Metinic
8634,2021-05-15T11:21:07Z,8.779,24,Metinic
8635,2021-05-15T11:26:07Z,8.779,24,Metinic
8636,2021-05-15T11:31:07Z,8.779,22,Metinic
8637,2021-05-15T11:36:07Z,8.779,23,Metinic
8638,2021-05-15T11:41:07Z,8.779,30,Metinic
8639,2021-05-15T11:46:07Z,8.779,19,Metinic
8640,2021-05-15T11:51:07Z,8.779,24,Metinic
8641,2021-05-15T11:56:07Z,8.779,17,Metinic
8642,2021-05-15T12:01:07Z,8.779,24,Metinic
8643,2021-05-15T12:06:07Z,8.779,27,Metinic
8644,2021-05-15T12:11:07Z,8.779,28,Metinic
8645,2021-05-15T12:16:07Z,8.879000000000001,36,Metinic
8646,2021-05-15T12:21:07Z,8.978,19,Metinic
8647,2021-05-15T12:26:07Z,9.077,25,Metinic
8648,2021-05-15T12:31:07Z,9.176,26,Metinic
8649,2021-05-15T12:36:07Z,9.176,23,Metinic
8650,2021-05-15T12:41:07Z,9.275,23,Metinic
8651,2021-05-15T12:46:07Z,9.275,33,Metinic
8652,2021-05-15T12:51:07Z,9.275,27,Metinic
8653,2021-05-15T12:56:07Z,9.373000000000001,19,Metinic
8654,2021-05-15T13:01:07Z,9.373000000000001,23,Metinic
8655,2021-05-15T13:06:07Z,9.373000000000001,28,Metinic
8656,2021-05-15T13:11:07Z,9.472000000000001,34,Metinic
8657,2021-05-15T13:16:07Z,9.472000000000001,34,Metinic
8658,2021-05-15T13:21:07Z,9.275,50,Metinic
8659,2021-05-15T13:26:07Z,9.077,38,Metinic
8660,2021-05-15T13:31:07Z,9.077,43,Metinic
8661,2021-05-15T13:36:07Z,9.077,37,Metinic
8662,2021-05-15T13:41:07Z,9.077,52,Metinic
8663,2021-05-15T13:46:07Z,9.077,36,Metinic
8664,2021-05-15T13:51:07Z,9.077,48,Metinic
8665,2021-05-15T13:56:07Z,9.176,37,Metinic
8666,2021-05-15T14:01:07Z,9.176,39,Metinic
8667,2021-05-15T14:06:07Z,9.176,57,Metinic
8668,2021-05-15T14:11:07Z,9.176,49,Metinic
8669,2021-05-15T14:16:07Z,9.176,56,Metinic
8670,2021-05-15T14:21:07Z,9.275,56,Metinic
8671,2021-05-15T14:26:07Z,9.275,46,Metinic
8672,2021-05-15T14:31:07Z,9.275,56,Metinic
8673,2021-05-15T14:36:07Z,9.275,44,Metinic
8674,2021-05-15T14:41:07Z,9.275,66,Metinic
8675,2021-05-15T14:46:07Z,9.275,52,Metinic
8676,2021-05-15T14:51:07Z,9.275,49,Metinic
8677,2021-05-15T14:56:07Z,9.275,48,Metinic
8678,2021-05-15T15:01:07Z,9.373000000000001,54,Metinic
8679,2021-05-15T15:06:07Z,9.373000000000001,53,Metinic
8680,2021-05-15T15:11:07Z,9.472000000000001,71,Metinic
8681,2021-05-15T15:16:07Z,9.472000000000001,65,Metinic
8682,2021-05-15T15:21:07Z,9.373000000000001,46,Metinic
8683,2021-05-15T15:26:07Z,9.373000000000001,60,Metinic
8684,2021-05-15T15:31:07Z,9.275,64,Metinic
8685,2021-05-15T15:36:07Z,9.275,64,Metinic
8686,2021-05-15T15:41:07Z,9.275,46,Metinic
8687,2021-05-15T15:46:07Z,9.176,37,Metinic
8688,2021-05-15T15:51:07Z,9.275,55,Metinic
8689,2021-05-15T15:56:07Z,9.176,55,Metinic
8690,2021-05-15T16:01:07Z,9.275,62,Metinic
8691,2021-05-15T16:06:07Z,9.275,53,Metinic
8692,2021-05-15T16:11:07Z,9.275,77,Metinic
8693,2021-05-15T16:16:07Z,9.275,71,Metinic
8694,2021-05-15T16:21:07Z,9.275,66,Metinic
8695,2021-05-15T16:26:07Z,9.275,68,Metinic
8696,2021-05-15T16:31:07Z,9.275,84,Metinic
8697,2021-05-15T16:36:07Z,9.275,83,Metinic
8698,2021-05-15T16:41:07Z,9.275,70,Metinic
8699,2021-05-15T16:46:07Z,9.275,57,Metinic
8700,2021-05-15T16:51:07Z,9.275,71,Metinic
8701,2021-05-15T16:56:07Z,9.275,60,Metinic
8702,2021-05-15T17:01:07Z,9.275,63,Metinic
8703,2021-05-15T17:06:07Z,9.275,85,Metinic
8704,2021-05-15T17:11:07Z,9.176,67,Metinic
8705,2021-05-15T17:16:07Z,9.176,62,Metinic
8706,2021-05-15T17:21:07Z,9.176,91,Metinic
8707,2021-05-15T17:26:07Z,9.176,78,Metinic
8708,2021-05-15T17:31:07Z,9.176,83,Metinic
8709,2021-05-15T17:36:07Z,9.176,94,Metinic
8710,2021-05-15T17:41:07Z,9.077,74,Metinic
8711,2021-05-15T17:46:07Z,9.077,61,Metinic
8712,2021-05-15T17:51:07Z,9.176,80,Metinic
8713,2021-05-15T17:56:07Z,9.275,63,Metinic
8714,2021-05-15T18:01:07Z,9.275,71,Metinic
8715,2021-05-15T18:06:07Z,9.275,76,Metinic
8716,2021-05-15T18:11:07Z,9.373000000000001,92,Metinic
8717,2021-05-15T18:16:07Z,9.373000000000001,68,Metinic
8718,2021-05-15T18:21:07Z,9.373000000000001,94,Metinic
8719,2021-05-15T18:26:07Z,9.176,89,Metinic
8720,2021-05-15T18:31:07Z,9.176,78,Metinic
8721,2021-05-15T18:36:07Z,9.275,86,Metinic
8722,2021-05-15T18:41:07Z,9.373000000000001,76,Metinic
8723,2021-05-15T18:46:07Z,9.472000000000001,73,Metinic
8724,2021-05-15T18:51:07Z,9.472000000000001,121,Metinic
8725,2021-05-15T18:56:07Z,9.472000000000001,111,Metinic
8726,2021-05-15T19:01:07Z,9.472000000000001,68,Metinic
8727,2021-05-15T19:06:07Z,9.472000000000001,99,Metinic
8728,2021-05-15T19:11:07Z,9.472000000000001,84,Metinic
8729,2021-05-15T19:16:07Z,9.373000000000001,90,Metinic
8730,2021-05-15T19:21:07Z,9.373000000000001,58,Metinic
8731,2021-05-15T19:26:07Z,9.373000000000001,76,Metinic
8732,2021-05-15T19:31:07Z,9.275,67,Metinic
8733,2021-05-15T19:36:07Z,9.275,88,Metinic
8734,2021-05-15T19:41:07Z,9.275,110,Metinic
8735,2021-05-15T19:46:07Z,9.275,85,Metinic
8736,2021-05-15T19:51:07Z,9.275,96,Metinic
8737,2021-05-15T19:56:07Z,9.077,85,Metinic
8738,2021-05-15T20:01:07Z,9.077,64,Metinic
8739,2021-05-15T20:06:07Z,9.077,50,Metinic
8740,2021-05-15T20:11:07Z,9.176,36,Metinic
8741,2021-05-15T20:16:07Z,9.176,87,Metinic
8742,2021-05-15T20:21:07Z,9.176,101,Metinic
8743,2021-05-15T20:26:07Z,9.176,76,Metinic
8744,2021-05-15T20:31:07Z,9.176,100,Metinic
8745,2021-05-15T20:36:07Z,9.275,81,Metinic
8746,2021-05-15T20:41:07Z,9.176,80,Metinic
8747,2021-05-15T20:46:07Z,9.176,96,Metinic
8748,2021-05-15T20:51:07Z,9.176,111,Metinic
8749,2021-05-15T20:56:07Z,9.176,68,Metinic
8750,2021-05-15T21:01:07Z,9.176,30,Metinic
8751,2021-05-15T21:06:07Z,9.176,117,Metinic
8752,2021-05-15T21:11:07Z,9.077,27,Metinic
8753,2021-05-15T21:16:07Z,8.879000000000001,18,Metinic
8754,2021-05-15T21:21:07Z,8.68,27,Metinic
8755,2021-05-15T21:26:07Z,8.581,10,Metinic
8756,2021-05-15T21:31:07Z,8.581,16,Metinic
8757,2021-05-15T21:36:07Z,8.481,14,Metinic
8758,2021-05-15T21:41:07Z,8.382000000000001,24,Metinic
8759,2021-05-15T21:46:07Z,8.382000000000001,11,Metinic
8760,2021-05-15T21:51:07Z,8.382000000000001,31,Metinic
8761,2021-05-15T21:56:07Z,8.282,31,Metinic
8762,2021-05-15T22:01:07Z,8.282,49,Metinic
8763,2021-05-15T22:06:07Z,8.282,56,Metinic
8764,2021-05-15T22:11:07Z,8.282,42,Metinic
8765,2021-05-15T22:16:07Z,8.382000000000001,51,Metinic
8766,2021-05-15T22:21:07Z,8.481,34,Metinic
8767,2021-05-15T22:26:07Z,8.581,39,Metinic
8768,2021-05-15T22:31:07Z,8.481,18,Metinic
8769,2021-05-15T22:36:07Z,8.481,6,Metinic
8770,2021-05-15T22:41:07Z,8.68,40,Metinic
8771,2021-05-15T22:46:07Z,8.68,13,Metinic
8772,2021-05-15T22:51:07Z,8.879000000000001,9,Metinic
8773,2021-05-15T22:56:07Z,8.779,9,Metinic
8774,2021-05-15T23:01:07Z,8.779,13,Metinic
8775,2021-05-15T23:06:07Z,8.879000000000001,8,Metinic
8776,2021-05-15T23:11:07Z,8.978,3,Metinic
8777,2021-05-15T23:16:07Z,8.879000000000001,3,Metinic
8778,2021-05-15T23:21:07Z,8.879000000000001,5,Metinic
8779,2021-05-15T23:26:07Z,8.481,5,Metinic
8780,2021-05-15T23:31:07Z,8.282,1,Metinic
8781,2021-05-15T23:36:07Z,8.182,1,Metinic
8782,2021-05-15T23:41:07Z,8.082,0,Metinic
8783,2021-05-15T23:46:07Z,8.082,0,Metinic
8784,2021-05-15T23:51:07Z,8.082,0,Metinic
8785,2021-05-15T23:56:07Z,7.9830000000000005,0,Metinic
8786,2021-05-16T00:01:07Z,7.9830000000000005,0,Metinic
8787,2021-05-16T00:06:07Z,7.9830000000000005,0,Metinic
8788,2021-05-16T00:11:07Z,7.9830000000000005,0,Metinic
8789,2021-05-16T00:16:07Z,7.9830000000000005,0,Metinic
8790,2021-05-16T00:21:07Z,7.9830000000000005,0,Metinic
8791,2021-05-16T00:26:07Z,8.082,0,Metinic
8792,2021-05-16T00:31:07Z,8.082,0,Metinic
8793,2021-05-16T00:36:07Z,8.082,0,Metinic
8794,2021-05-16T00:41:07Z,8.082,0,Metinic
8795,2021-05-16T00:46:07Z,7.882,0,Metinic
8796,2021-05-16T00:51:07Z,7.6819999999999995,0,Metinic
8797,2021-05-16T00:56:07Z,7.6819999999999995,0,Metinic
8798,2021-05-16T01:01:07Z,7.582,0,Metinic
8799,2021-05-16T01:06:07Z,7.582,0,Metinic
8800,2021-05-16T01:11:07Z,7.582,0,Metinic
8801,2021-05-16T01:16:07Z,7.481000000000001,0,Metinic
8802,2021-05-16T01:21:07Z,7.582,0,Metinic
8803,2021-05-16T01:26:07Z,7.582,0,Metinic
8804,2021-05-16T01:31:07Z,7.481000000000001,0,Metinic
8805,2021-05-16T01:36:07Z,7.481000000000001,0,Metinic
8806,2021-05-16T01:41:07Z,7.481000000000001,0,Metinic
8807,2021-05-16T01:46:07Z,7.481000000000001,0,Metinic
8808,2021-05-16T01:51:07Z,7.481000000000001,0,Metinic
8809,2021-05-16T01:56:07Z,7.481000000000001,0,Metinic
8810,2021-05-16T02:01:07Z,7.582,0,Metinic
8811,2021-05-16T02:06:07Z,7.582,0,Metinic
8812,2021-05-16T02:11:07Z,7.582,0,Metinic
8813,2021-05-16T02:16:07Z,7.582,0,Metinic
8814,2021-05-16T02:21:07Z,7.582,0,Metinic
8815,2021-05-16T02:26:07Z,7.582,0,Metinic
8816,2021-05-16T02:31:07Z,7.782,0,Metinic
8817,2021-05-16T02:36:07Z,7.882,0,Metinic
8818,2021-05-16T02:41:07Z,7.6819999999999995,0,Metinic
8819,2021-05-16T02:46:07Z,7.6819999999999995,0,Metinic
8820,2021-05-16T02:51:07Z,7.582,0,Metinic
8821,2021-05-16T02:56:07Z,7.582,0,Metinic
8822,2021-05-16T03:01:07Z,7.582,0,Metinic
8823,2021-05-16T03:06:07Z,7.582,0,Metinic
8824,2021-05-16T03:11:07Z,7.6819999999999995,0,Metinic
8825,2021-05-16T03:16:07Z,7.6819999999999995,0,Metinic
8826,2021-05-16T03:21:07Z,7.6819999999999995,0,Metinic
8827,2021-05-16T03:26:07Z,7.6819999999999995,0,Metinic
8828,2021-05-16T03:31:07Z,7.6819999999999995,0,Metinic
8829,2021-05-16T03:36:07Z,7.6819999999999995,0,Metinic
8830,2021-05-16T03:41:07Z,7.582,0,Metinic
8831,2021-05-16T03:46:07Z,7.582,0,Metinic
8832,2021-05-16T03:51:07Z,7.582,0,Metinic
8833,2021-05-16T03:56:07Z,7.582,0,Metinic
8834,2021-05-16T04:01:07Z,7.582,0,Metinic
8835,2021-05-16T04:06:07Z,7.6819999999999995,0,Metinic
8836,2021-05-16T04:11:07Z,7.6819999999999995,0,Metinic
8837,2021-05-16T04:16:07Z,7.6819999999999995,0,Metinic
8838,2021-05-16T04:21:07Z,7.6819999999999995,0,Metinic
8839,2021-05-16T04:26:07Z,7.6819999999999995,0,Metinic
8840,2021-05-16T04:31:07Z,7.782,0,Metinic
8841,2021-05-16T04:36:07Z,7.782,0,Metinic
8842,2021-05-16T04:41:07Z,7.782,0,Metinic
8843,2021-05-16T04:46:07Z,7.882,0,Metinic
8844,2021-05-16T04:51:07Z,7.882,0,Metinic
8845,2021-05-16T04:56:07Z,7.882,0,Metinic
8846,2021-05-16T05:01:07Z,7.882,0,Metinic
8847,2021-05-16T05:06:07Z,7.882,0,Metinic
8848,2021-05-16T05:11:07Z,7.882,0,Metinic
8849,2021-05-16T05:16:07Z,7.882,0,Metinic
8850,2021-05-16T05:21:07Z,7.882,0,Metinic
8851,2021-05-16T05:26:07Z,7.882,0,Metinic
8852,2021-05-16T05:31:07Z,7.882,0,Metinic
8853,2021-05-16T05:36:07Z,7.882,0,Metinic
8854,2021-05-16T05:41:07Z,7.882,0,Metinic
8855,2021-05-16T05:46:07Z,7.882,0,Metinic
8856,2021-05-16T05:51:07Z,7.882,0,Metinic
8857,2021-05-16T05:56:07Z,7.9830000000000005,0,Metinic
8858,2021-05-16T06:01:07Z,8.082,0,Metinic
8859,2021-05-16T06:06:07Z,8.082,0,Metinic
8860,2021-05-16T06:11:07Z,8.182,0,Metinic
8861,2021-05-16T06:16:07Z,8.481,0,Metinic
8862,2021-05-16T06:21:07Z,8.481,0,Metinic
8863,2021-05-16T06:26:07Z,8.581,0,Metinic
8864,2021-05-16T06:31:07Z,8.581,0,Metinic
8865,2021-05-16T06:36:07Z,8.581,0,Metinic
8866,2021-05-16T06:41:07Z,8.68,0,Metinic
8867,2021-05-16T06:46:07Z,8.68,0,Metinic
8868,2021-05-16T06:51:07Z,8.68,0,Metinic
8869,2021-05-16T06:56:07Z,8.68,0,Metinic
8870,2021-05-16T07:01:07Z,8.68,0,Metinic
8871,2021-05-16T07:06:07Z,8.68,0,Metinic
8872,2021-05-16T07:11:07Z,8.68,0,Metinic
8873,2021-05-16T07:16:07Z,8.68,0,Metinic
8874,2021-05-16T07:21:07Z,8.779,0,Metinic
8875,2021-05-16T07:26:07Z,8.779,0,Metinic
8876,2021-05-16T07:31:07Z,8.779,0,Metinic
8877,2021-05-16T07:36:07Z,8.779,0,Metinic
8878,2021-05-16T07:41:07Z,8.779,0,Metinic
8879,2021-05-16T07:46:07Z,8.879000000000001,0,Metinic
8880,2021-05-16T07:51:07Z,8.879000000000001,0,Metinic
8881,2021-05-16T07:56:07Z,8.779,0,Metinic
8882,2021-05-16T08:01:07Z,8.779,0,Metinic
8883,2021-05-16T08:06:07Z,8.779,0,Metinic
8884,2021-05-16T08:11:07Z,8.68,0,Metinic
8885,2021-05-16T08:16:07Z,8.68,0,Metinic
8886,2021-05-16T08:21:07Z,8.68,0,Metinic
8887,2021-05-16T08:26:07Z,8.68,0,Metinic
8888,2021-05-16T08:31:07Z,8.68,0,Metinic
8889,2021-05-16T08:36:07Z,8.68,0,Metinic
8890,2021-05-16T08:41:07Z,8.68,0,Metinic
8891,2021-05-16T08:46:07Z,8.581,0,Metinic
8892,2021-05-16T08:51:07Z,8.581,0,Metinic
8893,2021-05-16T08:56:07Z,8.581,0,Metinic
8894,2021-05-16T09:01:07Z,8.581,0,Metinic
8895,2021-05-16T09:06:07Z,8.581,0,Metinic
8896,2021-05-16T09:11:07Z,8.581,0,Metinic
8897,2021-05-16T09:16:07Z,8.68,0,Metinic
8898,2021-05-16T09:21:07Z,8.68,0,Metinic
8899,2021-05-16T09:26:07Z,8.68,1,Metinic
8900,2021-05-16T09:31:07Z,8.779,1,Metinic
8901,2021-05-16T09:36:07Z,8.581,1,Metinic
8902,2021-05-16T09:41:07Z,8.282,3,Metinic
8903,2021-05-16T09:46:07Z,8.182,2,Metinic
8904,2021-05-16T09:51:07Z,8.082,3,Metinic
8905,2021-05-16T09:56:07Z,8.082,5,Metinic
8906,2021-05-16T10:01:07Z,8.082,2,Metinic
8907,2021-05-16T10:06:07Z,8.082,7,Metinic
8908,2021-05-16T10:11:07Z,8.082,10,Metinic
8909,2021-05-16T10:16:07Z,8.082,10,Metinic
8910,2021-05-16T10:21:07Z,8.082,11,Metinic
8911,2021-05-16T10:26:07Z,8.082,20,Metinic
8912,2021-05-16T10:31:07Z,8.082,14,Metinic
8913,2021-05-16T10:36:07Z,8.182,9,Metinic
8914,2021-05-16T10:41:07Z,8.182,16,Metinic
8915,2021-05-16T10:46:07Z,8.282,9,Metinic
8916,2021-05-16T10:51:07Z,8.282,8,Metinic
8917,2021-05-16T10:56:07Z,8.282,11,Metinic
8918,2021-05-16T11:01:07Z,8.282,9,Metinic
8919,2021-05-16T11:06:07Z,8.182,10,Metinic
8920,2021-05-16T11:11:07Z,8.082,8,Metinic
8921,2021-05-16T11:16:07Z,8.082,14,Metinic
8922,2021-05-16T11:21:07Z,7.9830000000000005,10,Metinic
8923,2021-05-16T11:26:07Z,7.9830000000000005,14,Metinic
8924,2021-05-16T11:31:07Z,7.9830000000000005,37,Metinic
8925,2021-05-16T11:36:07Z,7.9830000000000005,28,Metinic
8926,2021-05-16T11:41:07Z,7.9830000000000005,21,Metinic
8927,2021-05-16T11:46:07Z,8.082,42,Metinic
8928,2021-05-16T11:51:07Z,8.082,34,Metinic
8929,2021-05-16T11:56:07Z,8.082,37,Metinic
8930,2021-05-16T12:01:07Z,8.082,28,Metinic
8931,2021-05-16T12:06:07Z,7.9830000000000005,28,Metinic
8932,2021-05-16T12:11:07Z,8.082,40,Metinic
8933,2021-05-16T12:16:07Z,8.082,22,Metinic
8934,2021-05-16T12:21:07Z,8.082,39,Metinic
8935,2021-05-16T12:26:07Z,8.082,38,Metinic
8936,2021-05-16T12:31:07Z,8.082,55,Metinic
8937,2021-05-16T12:36:07Z,8.082,49,Metinic
8938,2021-05-16T12:41:07Z,8.082,39,Metinic
8939,2021-05-16T12:46:07Z,8.082,56,Metinic
8940,2021-05-16T12:51:07Z,8.082,47,Metinic
8941,2021-05-16T12:56:07Z,8.082,41,Metinic
8942,2021-05-16T13:01:07Z,7.9830000000000005,46,Metinic
8943,2021-05-16T13:06:07Z,7.882,68,Metinic
8944,2021-05-16T13:11:07Z,7.782,52,Metinic
8945,2021-05-16T13:16:07Z,7.782,54,Metinic
8946,2021-05-16T13:21:07Z,7.6819999999999995,52,Metinic
8947,2021-05-16T13:26:07Z,7.6819999999999995,52,Metinic
8948,2021-05-16T13:31:07Z,7.6819999999999995,55,Metinic
8949,2021-05-16T13:36:07Z,7.6819999999999995,64,Metinic
8950,2021-05-16T13:41:07Z,7.6819999999999995,56,Metinic
8951,2021-05-16T13:46:07Z,7.6819999999999995,65,Metinic
8952,2021-05-16T13:51:07Z,7.6819999999999995,48,Metinic
8953,2021-05-16T13:56:07Z,7.6819999999999995,58,Metinic
8954,2021-05-16T14:01:07Z,7.782,62,Metinic
8955,2021-05-16T14:06:07Z,7.882,68,Metinic
8956,2021-05-16T14:11:07Z,8.182,66,Metinic
8957,2021-05-16T14:16:07Z,8.382000000000001,100,Metinic
8958,2021-05-16T14:21:07Z,8.581,49,Metinic
8959,2021-05-16T14:26:07Z,8.68,69,Metinic
8960,2021-05-16T14:31:07Z,8.68,70,Metinic
8961,2021-05-16T14:36:07Z,8.68,115,Metinic
8962,2021-05-16T14:41:07Z,8.581,63,Metinic
8963,2021-05-16T14:46:07Z,8.581,29,Metinic
8964,2021-05-16T14:51:07Z,8.481,40,Metinic
8965,2021-05-16T14:56:07Z,8.082,58,Metinic
8966,2021-05-16T15:01:07Z,7.9830000000000005,91,Metinic
8967,2021-05-16T15:06:07Z,7.9830000000000005,109,Metinic
8968,2021-05-16T15:11:07Z,8.082,46,Metinic
8969,2021-05-16T15:16:07Z,8.082,66,Metinic
8970,2021-05-16T15:21:07Z,8.182,76,Metinic
8971,2021-05-16T15:26:07Z,8.282,91,Metinic
8972,2021-05-16T15:31:07Z,8.481,90,Metinic
8973,2021-05-16T15:36:07Z,8.68,71,Metinic
8974,2021-05-16T15:41:07Z,8.481,70,Metinic
8975,2021-05-16T15:46:07Z,8.879000000000001,58,Metinic
8976,2021-05-16T15:51:07Z,8.581,65,Metinic
8977,2021-05-16T15:56:07Z,8.382000000000001,64,Metinic
8978,2021-05-16T16:01:07Z,8.481,48,Metinic
8979,2021-05-16T16:06:07Z,8.182,46,Metinic
8980,2021-05-16T16:11:07Z,8.182,32,Metinic
8981,2021-05-16T16:16:07Z,8.382000000000001,42,Metinic
8982,2021-05-16T16:21:07Z,8.481,40,Metinic
8983,2021-05-16T16:26:07Z,8.68,82,Metinic
8984,2021-05-16T16:31:07Z,8.68,95,Metinic
8985,2021-05-16T16:36:07Z,8.581,63,Metinic
8986,2021-05-16T16:41:07Z,8.481,64,Metinic
8987,2021-05-16T16:46:07Z,8.481,38,Metinic
8988,2021-05-16T16:51:07Z,8.581,47,Metinic
8989,2021-05-16T16:56:07Z,8.68,36,Metinic
8990,2021-05-16T17:01:07Z,8.68,36,Metinic
8991,2021-05-16T17:06:07Z,8.879000000000001,57,Metinic
8992,2021-05-16T17:11:07Z,9.077,59,Metinic
8993,2021-05-16T17:16:07Z,9.176,57,Metinic
8994,2021-05-16T17:21:07Z,9.373000000000001,75,Metinic
8995,2021-05-16T17:26:07Z,9.373000000000001,92,Metinic
8996,2021-05-16T17:31:07Z,9.571,68,Metinic
8997,2021-05-16T17:36:07Z,9.669,69,Metinic
8998,2021-05-16T17:41:07Z,9.767999999999999,90,Metinic
8999,2021-05-16T17:46:07Z,9.767999999999999,78,Metinic
9000,2021-05-16T17:51:07Z,9.669,68,Metinic
9001,2021-05-16T17:56:07Z,9.669,86,Metinic
9002,2021-05-16T18:01:07Z,9.767999999999999,116,Metinic
9003,2021-05-16T18:06:07Z,9.866000000000001,78,Metinic
9004,2021-05-16T18:11:07Z,10.063,63,Metinic
9005,2021-05-16T18:16:07Z,10.161,69,Metinic
9006,2021-05-16T18:21:07Z,10.357000000000001,89,Metinic
9007,2021-05-16T18:26:07Z,10.357000000000001,66,Metinic
9008,2021-05-16T18:31:07Z,10.357000000000001,73,Metinic
9009,2021-05-16T18:36:07Z,10.357000000000001,89,Metinic
9010,2021-05-16T18:41:07Z,10.357000000000001,90,Metinic
9011,2021-05-16T18:46:07Z,10.553,122,Metinic
9012,2021-05-16T18:51:07Z,10.553,114,Metinic
9013,2021-05-16T18:56:07Z,10.651,28,Metinic
9014,2021-05-16T19:01:07Z,10.651,23,Metinic
9015,2021-05-16T19:06:07Z,10.651,42,Metinic
9016,2021-05-16T19:11:07Z,10.553,56,Metinic
9017,2021-05-16T19:16:07Z,10.553,38,Metinic
9018,2021-05-16T19:21:07Z,10.553,35,Metinic
9019,2021-05-16T19:26:07Z,10.553,27,Metinic
9020,2021-05-16T19:31:07Z,10.553,27,Metinic
9021,2021-05-16T19:36:07Z,10.455000000000002,29,Metinic
9022,2021-05-16T19:41:07Z,10.357000000000001,29,Metinic
9023,2021-05-16T19:46:07Z,9.965000000000002,39,Metinic
9024,2021-05-16T19:51:07Z,9.472000000000001,33,Metinic
9025,2021-05-16T19:56:07Z,9.472000000000001,50,Metinic
9026,2021-05-16T20:01:07Z,9.275,39,Metinic
9027,2021-05-16T20:06:07Z,9.176,26,Metinic
9028,2021-05-16T20:11:07Z,9.176,31,Metinic
9029,2021-05-16T20:16:07Z,9.176,24,Metinic
9030,2021-05-16T20:21:07Z,9.275,62,Metinic
9031,2021-05-16T20:26:07Z,9.275,36,Metinic
9032,2021-05-16T20:31:07Z,9.373000000000001,52,Metinic
9033,2021-05-16T20:36:07Z,9.275,31,Metinic
9034,2021-05-16T20:41:07Z,9.077,54,Metinic
9035,2021-05-16T20:46:07Z,9.077,60,Metinic
9036,2021-05-16T20:51:07Z,8.978,50,Metinic
9037,2021-05-16T20:56:07Z,8.978,28,Metinic
9038,2021-05-16T21:01:07Z,8.978,43,Metinic
9039,2021-05-16T21:06:07Z,8.879000000000001,53,Metinic
9040,2021-05-16T21:11:07Z,8.879000000000001,36,Metinic
9041,2021-05-16T21:16:07Z,8.68,28,Metinic
9042,2021-05-16T21:21:07Z,8.581,30,Metinic
9043,2021-05-16T21:26:07Z,8.581,24,Metinic
9044,2021-05-16T21:31:07Z,8.581,26,Metinic
9045,2021-05-16T21:36:07Z,8.481,24,Metinic
9046,2021-05-16T21:41:07Z,8.382000000000001,34,Metinic
9047,2021-05-16T21:46:07Z,8.382000000000001,23,Metinic
9048,2021-05-16T21:51:07Z,8.282,26,Metinic
9049,2021-05-16T21:56:07Z,8.382000000000001,21,Metinic
9050,2021-05-16T22:01:07Z,8.282,22,Metinic
9051,2021-05-16T22:06:07Z,8.282,18,Metinic
9052,2021-05-16T22:11:07Z,8.182,12,Metinic
9053,2021-05-16T22:16:07Z,8.182,21,Metinic
9054,2021-05-16T22:21:07Z,8.082,12,Metinic
9055,2021-05-16T22:26:07Z,8.082,14,Metinic
9056,2021-05-16T22:31:07Z,7.9830000000000005,8,Metinic
9057,2021-05-16T22:36:07Z,7.9830000000000005,9,Metinic
9058,2021-05-16T22:41:07Z,7.9830000000000005,13,Metinic
9059,2021-05-16T22:46:07Z,7.9830000000000005,9,Metinic
9060,2021-05-16T22:51:07Z,7.9830000000000005,12,Metinic
9061,2021-05-16T22:56:07Z,7.9830000000000005,5,Metinic
9062,2021-05-16T23:01:07Z,7.9830000000000005,4,Metinic
9063,2021-05-16T23:06:07Z,7.9830000000000005,4,Metinic
9064,2021-05-16T23:11:07Z,7.9830000000000005,2,Metinic
9065,2021-05-16T23:16:07Z,8.182,2,Metinic
9066,2021-05-16T23:21:07Z,8.382000000000001,1,Metinic
9067,2021-05-16T23:26:07Z,8.581,0,Metinic
9068,2021-05-16T23:31:07Z,8.581,0,Metinic
9069,2021-05-16T23:36:07Z,8.581,0,Metinic
9070,2021-05-16T23:41:07Z,8.68,0,Metinic
9071,2021-05-16T23:46:07Z,8.68,0,Metinic
9072,2021-05-16T23:51:07Z,8.581,0,Metinic
9073,2021-05-16T23:56:07Z,8.581,0,Metinic
9074,2021-05-17T00:01:07Z,8.382000000000001,0,Metinic
9075,2021-05-17T00:06:07Z,8.282,0,Metinic
9076,2021-05-17T00:11:07Z,8.182,0,Metinic
9077,2021-05-17T00:16:07Z,8.082,0,Metinic
9078,2021-05-17T00:21:07Z,8.082,0,Metinic
9079,2021-05-17T00:26:07Z,7.9830000000000005,0,Metinic
9080,2021-05-17T00:31:07Z,7.9830000000000005,0,Metinic
9081,2021-05-17T00:36:07Z,7.9830000000000005,0,Metinic
9082,2021-05-17T00:41:07Z,7.9830000000000005,0,Metinic
9083,2021-05-17T00:46:07Z,7.9830000000000005,0,Metinic
9084,2021-05-17T00:51:07Z,7.882,0,Metinic
9085,2021-05-17T00:56:07Z,7.782,0,Metinic
9086,2021-05-17T01:01:07Z,7.782,0,Metinic
9087,2021-05-17T01:06:07Z,7.6819999999999995,0,Metinic
9088,2021-05-17T01:11:07Z,7.6819999999999995,0,Metinic
9089,2021-05-17T01:16:07Z,7.6819999999999995,0,Metinic
9090,2021-05-17T01:21:07Z,7.6819999999999995,0,Metinic
9091,2021-05-17T01:26:07Z,7.6819999999999995,0,Metinic
9092,2021-05-17T01:31:07Z,7.6819999999999995,0,Metinic
9093,2021-05-17T01:36:07Z,7.6819999999999995,0,Metinic
9094,2021-05-17T01:41:07Z,7.582,0,Metinic
9095,2021-05-17T01:46:07Z,7.582,0,Metinic
9096,2021-05-17T01:51:07Z,7.481000000000001,0,Metinic
9097,2021-05-17T01:56:07Z,7.481000000000001,0,Metinic
9098,2021-05-17T02:01:07Z,7.481000000000001,0,Metinic
9099,2021-05-17T02:06:07Z,7.481000000000001,0,Metinic
9100,2021-05-17T02:11:07Z,7.381,0,Metinic
9101,2021-05-17T02:16:07Z,7.481000000000001,0,Metinic
9102,2021-05-17T02:21:07Z,7.381,0,Metinic
9103,2021-05-17T02:26:07Z,7.481000000000001,0,Metinic
9104,2021-05-17T02:31:07Z,7.481000000000001,0,Metinic
9105,2021-05-17T02:36:07Z,7.481000000000001,0,Metinic
9106,2021-05-17T02:41:07Z,7.481000000000001,0,Metinic
9107,2021-05-17T02:46:07Z,7.381,0,Metinic
9108,2021-05-17T02:51:07Z,7.381,0,Metinic
9109,2021-05-17T02:56:07Z,7.381,0,Metinic
9110,2021-05-17T03:01:07Z,7.381,0,Metinic
9111,2021-05-17T03:06:07Z,7.381,0,Metinic
9112,2021-05-17T03:11:07Z,7.381,0,Metinic
9113,2021-05-17T03:16:07Z,7.481000000000001,0,Metinic
9114,2021-05-17T03:21:07Z,7.481000000000001,0,Metinic
9115,2021-05-17T03:26:07Z,7.381,0,Metinic
9116,2021-05-17T03:31:07Z,7.381,0,Metinic
9117,2021-05-17T03:36:07Z,7.481000000000001,0,Metinic
9118,2021-05-17T03:41:07Z,7.481000000000001,0,Metinic
9119,2021-05-17T03:46:07Z,7.481000000000001,0,Metinic
9120,2021-05-17T03:51:07Z,7.481000000000001,0,Metinic
9121,2021-05-17T03:56:07Z,7.582,0,Metinic
9122,2021-05-17T04:01:07Z,7.582,0,Metinic
9123,2021-05-17T04:06:07Z,7.582,0,Metinic
9124,2021-05-17T04:11:07Z,7.582,0,Metinic
9125,2021-05-17T04:16:07Z,7.582,0,Metinic
9126,2021-05-17T04:21:07Z,7.582,0,Metinic
9127,2021-05-17T04:26:07Z,7.582,0,Metinic
9128,2021-05-17T04:31:07Z,7.582,0,Metinic
9129,2021-05-17T04:36:07Z,7.582,0,Metinic
9130,2021-05-17T04:41:07Z,7.6819999999999995,0,Metinic
9131,2021-05-17T04:46:07Z,7.6819999999999995,0,Metinic
9132,2021-05-17T04:51:07Z,7.6819999999999995,0,Metinic
9133,2021-05-17T04:56:07Z,7.6819999999999995,0,Metinic
9134,2021-05-17T05:01:07Z,7.782,0,Metinic
9135,2021-05-17T05:06:07Z,7.782,0,Metinic
9136,2021-05-17T05:11:07Z,7.782,0,Metinic
9137,2021-05-17T05:16:07Z,7.782,0,Metinic
9138,2021-05-17T05:21:07Z,7.782,0,Metinic
9139,2021-05-17T05:26:07Z,7.782,0,Metinic
9140,2021-05-17T05:31:07Z,7.6819999999999995,0,Metinic
9141,2021-05-17T05:36:07Z,7.6819999999999995,0,Metinic
9142,2021-05-17T05:41:07Z,7.6819999999999995,0,Metinic
9143,2021-05-17T05:46:07Z,7.6819999999999995,0,Metinic
9144,2021-05-17T05:51:07Z,7.6819999999999995,0,Metinic
9145,2021-05-17T05:56:07Z,7.782,0,Metinic
9146,2021-05-17T06:01:07Z,7.782,0,Metinic
9147,2021-05-17T06:06:07Z,7.782,0,Metinic
9148,2021-05-17T06:11:07Z,7.782,0,Metinic
9149,2021-05-17T06:16:07Z,7.882,0,Metinic
9150,2021-05-17T06:21:07Z,8.082,0,Metinic
9151,2021-05-17T06:26:07Z,8.182,0,Metinic
9152,2021-05-17T06:31:07Z,8.282,0,Metinic
9153,2021-05-17T06:36:07Z,8.182,0,Metinic
9154,2021-05-17T06:41:07Z,8.182,0,Metinic
9155,2021-05-17T06:46:07Z,8.182,0,Metinic
9156,2021-05-17T06:51:07Z,8.182,0,Metinic
9157,2021-05-17T06:56:07Z,8.282,0,Metinic
9158,2021-05-17T07:01:07Z,8.382000000000001,0,Metinic
9159,2021-05-17T07:06:07Z,8.382000000000001,0,Metinic
9160,2021-05-17T07:11:07Z,8.382000000000001,0,Metinic
9161,2021-05-17T07:16:07Z,8.581,0,Metinic
9162,2021-05-17T07:21:07Z,8.581,0,Metinic
9163,2021-05-17T07:26:07Z,8.68,0,Metinic
9164,2021-05-17T07:31:07Z,8.68,0,Metinic
9165,2021-05-17T07:36:07Z,8.68,0,Metinic
9166,2021-05-17T07:41:07Z,8.779,0,Metinic
9167,2021-05-17T07:46:07Z,8.779,0,Metinic
9168,2021-05-17T07:51:07Z,8.779,0,Metinic
9169,2021-05-17T07:56:07Z,8.779,0,Metinic
9170,2021-05-17T08:01:07Z,8.879000000000001,0,Metinic
9171,2021-05-17T08:06:07Z,8.879000000000001,0,Metinic
9172,2021-05-17T08:11:07Z,8.978,0,Metinic
9173,2021-05-17T08:16:07Z,8.978,0,Metinic
9174,2021-05-17T08:21:07Z,8.978,0,Metinic
9175,2021-05-17T08:26:07Z,9.077,0,Metinic
9176,2021-05-17T08:31:07Z,9.077,0,Metinic
9177,2021-05-17T08:36:07Z,9.077,0,Metinic
9178,2021-05-17T08:41:07Z,9.077,0,Metinic
9179,2021-05-17T08:46:07Z,9.077,0,Metinic
9180,2021-05-17T08:51:07Z,8.978,0,Metinic
9181,2021-05-17T08:56:07Z,8.978,0,Metinic
9182,2021-05-17T09:01:07Z,8.978,0,Metinic
9183,2021-05-17T09:06:07Z,8.879000000000001,0,Metinic
9184,2021-05-17T09:11:07Z,8.879000000000001,0,Metinic
9185,2021-05-17T09:16:07Z,8.879000000000001,0,Metinic
9186,2021-05-17T09:21:07Z,8.879000000000001,0,Metinic
9187,2021-05-17T09:26:07Z,8.581,0,Metinic
9188,2021-05-17T09:31:07Z,8.481,1,Metinic
9189,2021-05-17T09:36:07Z,8.481,1,Metinic
9190,2021-05-17T09:41:07Z,8.581,1,Metinic
9191,2021-05-17T09:46:07Z,8.581,1,Metinic
9192,2021-05-17T09:51:07Z,8.581,2,Metinic
9193,2021-05-17T09:56:07Z,8.581,3,Metinic
9194,2021-05-17T10:01:07Z,8.581,3,Metinic
9195,2021-05-17T10:06:07Z,8.581,1,Metinic
9196,2021-05-17T10:11:07Z,8.382000000000001,4,Metinic
9197,2021-05-17T10:16:07Z,8.282,3,Metinic
9198,2021-05-17T10:21:07Z,8.182,8,Metinic
9199,2021-05-17T10:26:07Z,8.182,6,Metinic
9200,2021-05-17T10:31:07Z,8.082,6,Metinic
9201,2021-05-17T10:36:07Z,8.182,7,Metinic
9202,2021-05-17T10:41:07Z,8.282,15,Metinic
9203,2021-05-17T10:46:07Z,8.282,7,Metinic
9204,2021-05-17T10:51:07Z,8.282,17,Metinic
9205,2021-05-17T10:56:07Z,8.382000000000001,12,Metinic
9206,2021-05-17T11:01:07Z,8.382000000000001,11,Metinic
9207,2021-05-17T11:06:07Z,8.282,12,Metinic
9208,2021-05-17T11:11:07Z,8.082,12,Metinic
9209,2021-05-17T11:16:07Z,8.082,11,Metinic
9210,2021-05-17T11:21:07Z,8.082,9,Metinic
9211,2021-05-17T11:26:07Z,8.082,12,Metinic
9212,2021-05-17T11:31:07Z,8.182,20,Metinic
9213,2021-05-17T11:36:07Z,8.182,27,Metinic
9214,2021-05-17T11:41:07Z,8.182,18,Metinic
9215,2021-05-17T11:46:07Z,8.282,23,Metinic
9216,2021-05-17T11:51:07Z,8.182,18,Metinic
9217,2021-05-17T11:56:07Z,8.182,14,Metinic
9218,2021-05-17T12:01:07Z,8.382000000000001,19,Metinic
9219,2021-05-17T12:06:07Z,8.581,18,Metinic
9220,2021-05-17T12:11:07Z,8.581,20,Metinic
9221,2021-05-17T12:16:07Z,8.282,27,Metinic
9222,2021-05-17T12:21:07Z,8.182,23,Metinic
9223,2021-05-17T12:26:07Z,8.082,43,Metinic
9224,2021-05-17T12:31:07Z,8.082,29,Metinic
9225,2021-05-17T12:36:07Z,8.082,26,Metinic
9226,2021-05-17T12:41:07Z,8.082,48,Metinic
9227,2021-05-17T12:46:07Z,8.082,39,Metinic
9228,2021-05-17T12:51:07Z,8.082,48,Metinic
9229,2021-05-17T12:56:07Z,8.082,33,Metinic
9230,2021-05-17T13:01:07Z,8.082,36,Metinic
9231,2021-05-17T13:06:07Z,8.082,50,Metinic
9232,2021-05-17T13:11:07Z,8.182,42,Metinic
9233,2021-05-17T13:16:07Z,8.082,40,Metinic
9234,2021-05-17T13:21:07Z,8.182,54,Metinic
9235,2021-05-17T13:26:07Z,8.182,63,Metinic
9236,2021-05-17T13:31:07Z,8.182,52,Metinic
9237,2021-05-17T13:36:07Z,8.182,68,Metinic
9238,2021-05-17T13:41:07Z,8.182,53,Metinic
9239,2021-05-17T13:46:07Z,8.182,65,Metinic
9240,2021-05-17T13:51:07Z,8.182,64,Metinic
9241,2021-05-17T13:56:07Z,8.182,74,Metinic
9242,2021-05-17T14:01:07Z,8.182,66,Metinic
9243,2021-05-17T14:06:07Z,8.282,54,Metinic
9244,2021-05-17T14:11:07Z,8.282,89,Metinic
9245,2021-05-17T14:16:07Z,8.282,54,Metinic
9246,2021-05-17T14:21:07Z,8.382000000000001,75,Metinic
9247,2021-05-17T14:26:07Z,8.481,65,Metinic
9248,2021-05-17T14:31:07Z,8.68,91,Metinic
9249,2021-05-17T14:36:07Z,8.779,80,Metinic
9250,2021-05-17T14:41:07Z,8.879000000000001,72,Metinic
9251,2021-05-17T14:46:07Z,8.879000000000001,87,Metinic
9252,2021-05-17T14:51:07Z,8.68,99,Metinic
9253,2021-05-17T14:56:07Z,8.481,87,Metinic
9254,2021-05-17T15:01:07Z,8.481,86,Metinic
9255,2021-05-17T15:06:07Z,8.481,81,Metinic
9256,2021-05-17T15:11:07Z,8.581,63,Metinic
9257,2021-05-17T15:16:07Z,8.581,96,Metinic
9258,2021-05-17T15:21:07Z,8.481,100,Metinic
9259,2021-05-17T15:26:07Z,8.581,77,Metinic
9260,2021-05-17T15:31:07Z,8.581,85,Metinic
9261,2021-05-17T15:36:07Z,8.68,86,Metinic
9262,2021-05-17T15:41:07Z,8.68,87,Metinic
9263,2021-05-17T15:46:07Z,8.68,99,Metinic
9264,2021-05-17T15:51:07Z,8.779,74,Metinic
9265,2021-05-17T15:56:07Z,8.879000000000001,68,Metinic
9266,2021-05-17T16:01:07Z,8.978,79,Metinic
9267,2021-05-17T16:06:07Z,8.978,89,Metinic
9268,2021-05-17T16:11:07Z,8.581,80,Metinic
9269,2021-05-17T16:16:07Z,8.382000000000001,53,Metinic
9270,2021-05-17T16:21:07Z,8.182,74,Metinic
9271,2021-05-17T16:26:07Z,8.282,70,Metinic
9272,2021-05-17T16:31:07Z,8.581,87,Metinic
9273,2021-05-17T16:36:07Z,9.176,118,Metinic
9274,2021-05-17T16:41:07Z,9.472000000000001,104,Metinic
9275,2021-05-17T16:46:07Z,9.472000000000001,85,Metinic
9276,2021-05-17T16:51:07Z,9.472000000000001,93,Metinic
9277,2021-05-17T16:56:07Z,8.978,114,Metinic
9278,2021-05-17T17:01:07Z,8.978,152,Metinic
9279,2021-05-17T17:06:07Z,8.879000000000001,104,Metinic
9280,2021-05-17T17:11:07Z,8.879000000000001,107,Metinic
9281,2021-05-17T17:16:07Z,8.879000000000001,110,Metinic
9282,2021-05-17T17:21:07Z,8.879000000000001,107,Metinic
9283,2021-05-17T17:26:07Z,8.581,128,Metinic
9284,2021-05-17T17:31:07Z,8.382000000000001,101,Metinic
9285,2021-05-17T17:36:07Z,8.68,47,Metinic
9286,2021-05-17T17:41:07Z,9.077,105,Metinic
9287,2021-05-17T17:46:07Z,9.373000000000001,85,Metinic
9288,2021-05-17T17:51:07Z,9.472000000000001,63,Metinic
9289,2021-05-17T17:56:07Z,9.571,95,Metinic
9290,2021-05-17T18:01:07Z,9.669,87,Metinic
9291,2021-05-17T18:06:07Z,9.669,160,Metinic
9292,2021-05-17T18:11:07Z,9.767999999999999,116,Metinic
9293,2021-05-17T18:16:07Z,9.866000000000001,128,Metinic
9294,2021-05-17T18:21:07Z,9.866000000000001,79,Metinic
9295,2021-05-17T18:26:07Z,9.866000000000001,94,Metinic
9296,2021-05-17T18:31:07Z,9.965000000000002,98,Metinic
9297,2021-05-17T18:36:07Z,10.063,72,Metinic
9298,2021-05-17T18:41:07Z,10.063,85,Metinic
9299,2021-05-17T18:46:07Z,10.063,89,Metinic
9300,2021-05-17T18:51:07Z,10.161,116,Metinic
9301,2021-05-17T18:56:07Z,10.161,103,Metinic
9302,2021-05-17T19:01:07Z,10.259,100,Metinic
9303,2021-05-17T19:06:07Z,10.357000000000001,104,Metinic
9304,2021-05-17T19:11:07Z,10.357000000000001,91,Metinic
9305,2021-05-17T19:16:07Z,10.455000000000002,176,Metinic
9306,2021-05-17T19:21:07Z,10.357000000000001,111,Metinic
9307,2021-05-17T19:26:07Z,10.357000000000001,69,Metinic
9308,2021-05-17T19:31:07Z,10.357000000000001,84,Metinic
9309,2021-05-17T19:36:07Z,10.357000000000001,98,Metinic
9310,2021-05-17T19:41:07Z,10.455000000000002,116,Metinic
9311,2021-05-17T19:46:07Z,10.455000000000002,104,Metinic
9312,2021-05-17T19:51:07Z,10.455000000000002,82,Metinic
9313,2021-05-17T19:56:07Z,10.553,56,Metinic
9314,2021-05-17T20:01:07Z,10.651,92,Metinic
9315,2021-05-17T20:06:07Z,10.553,80,Metinic
9316,2021-05-17T20:11:07Z,10.259,51,Metinic
9317,2021-05-17T20:16:07Z,10.161,100,Metinic
9318,2021-05-17T20:21:07Z,10.161,107,Metinic
9319,2021-05-17T20:26:07Z,10.259,89,Metinic
9320,2021-05-17T20:31:07Z,10.161,113,Metinic
9321,2021-05-17T20:36:07Z,9.767999999999999,50,Metinic
9322,2021-05-17T20:41:07Z,9.669,69,Metinic
9323,2021-05-17T20:46:07Z,9.571,63,Metinic
9324,2021-05-17T20:51:07Z,9.472000000000001,62,Metinic
9325,2021-05-17T20:56:07Z,9.373000000000001,100,Metinic
9326,2021-05-17T21:01:07Z,9.472000000000001,97,Metinic
9327,2021-05-17T21:06:07Z,9.472000000000001,42,Metinic
9328,2021-05-17T21:11:07Z,9.472000000000001,52,Metinic
9329,2021-05-17T21:16:07Z,9.472000000000001,70,Metinic
9330,2021-05-17T21:21:07Z,9.571,48,Metinic
9331,2021-05-17T21:26:07Z,9.472000000000001,50,Metinic
9332,2021-05-17T21:31:07Z,9.373000000000001,112,Metinic
9333,2021-05-17T21:36:07Z,9.275,97,Metinic
9334,2021-05-17T21:41:07Z,9.176,67,Metinic
9335,2021-05-17T21:46:07Z,9.077,51,Metinic
9336,2021-05-17T21:51:07Z,9.077,42,Metinic
9337,2021-05-17T21:56:07Z,9.077,30,Metinic
9338,2021-05-17T22:01:07Z,9.077,27,Metinic
9339,2021-05-17T22:06:07Z,8.978,17,Metinic
9340,2021-05-17T22:11:07Z,8.779,10,Metinic
9341,2021-05-17T22:16:07Z,8.68,14,Metinic
9342,2021-05-17T22:21:07Z,8.68,27,Metinic
9343,2021-05-17T22:26:07Z,8.68,17,Metinic
9344,2021-05-17T22:31:07Z,8.581,26,Metinic
9345,2021-05-17T22:36:07Z,8.481,41,Metinic
9346,2021-05-17T22:41:07Z,8.382000000000001,21,Metinic
9347,2021-05-17T22:46:07Z,8.382000000000001,12,Metinic
9348,2021-05-17T22:51:07Z,8.282,16,Metinic
9349,2021-05-17T22:56:07Z,8.282,15,Metinic
9350,2021-05-17T23:01:07Z,8.282,9,Metinic
9351,2021-05-17T23:06:07Z,8.282,6,Metinic
9352,2021-05-17T23:11:07Z,8.182,6,Metinic
9353,2021-05-17T23:16:07Z,8.182,4,Metinic
9354,2021-05-17T23:21:07Z,8.082,3,Metinic
9355,2021-05-17T23:26:07Z,8.082,2,Metinic
9356,2021-05-17T23:31:07Z,7.9830000000000005,2,Metinic
9357,2021-05-17T23:36:07Z,7.9830000000000005,2,Metinic
9358,2021-05-17T23:41:07Z,7.9830000000000005,2,Metinic
9359,2021-05-17T23:46:07Z,7.9830000000000005,0,Metinic
9360,2021-05-17T23:51:07Z,7.9830000000000005,0,Metinic
9361,2021-05-17T23:56:07Z,7.9830000000000005,0,Metinic
9362,2021-05-18T00:01:07Z,8.082,0,Metinic
9363,2021-05-18T00:06:07Z,8.082,0,Metinic
9364,2021-05-18T00:11:07Z,8.082,0,Metinic
9365,2021-05-18T00:16:07Z,8.182,0,Metinic
9366,2021-05-18T00:21:07Z,8.282,0,Metinic
9367,2021-05-18T00:26:07Z,8.382000000000001,0,Metinic
9368,2021-05-18T00:31:07Z,8.581,0,Metinic
9369,2021-05-18T00:36:07Z,8.581,0,Metinic
9370,2021-05-18T00:41:07Z,8.481,0,Metinic
9371,2021-05-18T00:46:07Z,8.382000000000001,0,Metinic
9372,2021-05-18T00:51:07Z,8.382000000000001,0,Metinic
9373,2021-05-18T00:56:07Z,8.282,0,Metinic
9374,2021-05-18T01:01:07Z,8.282,0,Metinic
9375,2021-05-18T01:06:07Z,8.182,0,Metinic
9376,2021-05-18T01:11:07Z,8.182,0,Metinic
9377,2021-05-18T01:16:07Z,8.182,0,Metinic
9378,2021-05-18T01:21:07Z,8.182,0,Metinic
9379,2021-05-18T01:26:07Z,8.082,0,Metinic
9380,2021-05-18T01:31:07Z,8.082,0,Metinic
9381,2021-05-18T01:36:07Z,8.082,0,Metinic
9382,2021-05-18T01:41:07Z,7.9830000000000005,0,Metinic
9383,2021-05-18T01:46:07Z,7.9830000000000005,0,Metinic
9384,2021-05-18T01:51:07Z,7.9830000000000005,0,Metinic
9385,2021-05-18T01:56:07Z,7.9830000000000005,0,Metinic
9386,2021-05-18T02:01:07Z,7.9830000000000005,0,Metinic
9387,2021-05-18T02:06:07Z,7.882,0,Metinic
9388,2021-05-18T02:11:07Z,7.882,0,Metinic
9389,2021-05-18T02:16:07Z,7.782,0,Metinic
9390,2021-05-18T02:21:07Z,7.882,0,Metinic
9391,2021-05-18T02:26:07Z,7.882,0,Metinic
9392,2021-05-18T02:31:07Z,7.882,0,Metinic
9393,2021-05-18T02:36:07Z,7.882,0,Metinic
9394,2021-05-18T02:41:07Z,7.882,0,Metinic
9395,2021-05-18T02:46:07Z,7.882,0,Metinic
9396,2021-05-18T02:51:07Z,7.882,0,Metinic
9397,2021-05-18T02:56:07Z,7.9830000000000005,0,Metinic
9398,2021-05-18T03:01:07Z,7.9830000000000005,0,Metinic
9399,2021-05-18T03:06:07Z,7.9830000000000005,0,Metinic
9400,2021-05-18T03:11:07Z,7.882,0,Metinic
9401,2021-05-18T03:16:07Z,7.882,0,Metinic
9402,2021-05-18T03:21:07Z,7.882,0,Metinic
9403,2021-05-18T03:26:07Z,7.882,0,Metinic
9404,2021-05-18T03:31:07Z,7.882,0,Metinic
9405,2021-05-18T03:36:07Z,7.782,0,Metinic
9406,2021-05-18T03:41:07Z,7.6819999999999995,0,Metinic
9407,2021-05-18T03:46:07Z,7.782,0,Metinic
9408,2021-05-18T03:51:07Z,7.782,0,Metinic
9409,2021-05-18T03:56:07Z,7.782,0,Metinic
9410,2021-05-18T04:01:07Z,7.6819999999999995,0,Metinic
9411,2021-05-18T04:06:07Z,7.6819999999999995,0,Metinic
9412,2021-05-18T04:11:07Z,7.6819999999999995,0,Metinic
9413,2021-05-18T04:16:07Z,7.6819999999999995,0,Metinic
9414,2021-05-18T04:21:07Z,7.6819999999999995,0,Metinic
9415,2021-05-18T04:26:07Z,7.6819999999999995,0,Metinic
9416,2021-05-18T04:31:07Z,7.6819999999999995,0,Metinic
9417,2021-05-18T04:36:07Z,7.6819999999999995,0,Metinic
9418,2021-05-18T04:41:07Z,7.782,0,Metinic
9419,2021-05-18T04:46:07Z,7.782,0,Metinic
9420,2021-05-18T04:51:07Z,7.882,0,Metinic
9421,2021-05-18T04:56:07Z,7.882,0,Metinic
9422,2021-05-18T05:01:07Z,7.9830000000000005,0,Metinic
9423,2021-05-18T05:06:07Z,7.9830000000000005,0,Metinic
9424,2021-05-18T05:11:07Z,7.882,0,Metinic
9425,2021-05-18T05:16:07Z,7.6819999999999995,0,Metinic
9426,2021-05-18T05:21:07Z,7.582,0,Metinic
9427,2021-05-18T05:26:07Z,7.481000000000001,0,Metinic
9428,2021-05-18T05:31:07Z,7.481000000000001,0,Metinic
9429,2021-05-18T05:36:07Z,7.481000000000001,0,Metinic
9430,2021-05-18T05:41:07Z,7.582,0,Metinic
9431,2021-05-18T05:46:07Z,7.582,0,Metinic
9432,2021-05-18T05:51:07Z,7.782,0,Metinic
9433,2021-05-18T05:56:07Z,7.882,0,Metinic
9434,2021-05-18T06:01:07Z,7.9830000000000005,0,Metinic
9435,2021-05-18T06:06:07Z,7.9830000000000005,0,Metinic
9436,2021-05-18T06:11:07Z,7.9830000000000005,0,Metinic
9437,2021-05-18T06:16:07Z,7.9830000000000005,0,Metinic
9438,2021-05-18T06:21:07Z,7.9830000000000005,0,Metinic
9439,2021-05-18T06:26:07Z,7.9830000000000005,0,Metinic
9440,2021-05-18T06:31:07Z,7.882,0,Metinic
9441,2021-05-18T06:36:07Z,7.882,0,Metinic
9442,2021-05-18T06:41:07Z,7.882,0,Metinic
9443,2021-05-18T06:46:07Z,7.882,0,Metinic
9444,2021-05-18T06:51:07Z,7.882,0,Metinic
9445,2021-05-18T06:56:07Z,7.9830000000000005,0,Metinic
9446,2021-05-18T07:01:07Z,8.082,0,Metinic
9447,2021-05-18T07:06:07Z,8.382000000000001,0,Metinic
9448,2021-05-18T07:11:07Z,8.481,0,Metinic
9449,2021-05-18T07:16:07Z,8.481,0,Metinic
9450,2021-05-18T07:21:07Z,8.481,0,Metinic
9451,2021-05-18T07:26:07Z,8.481,0,Metinic
9452,2021-05-18T07:31:07Z,8.481,0,Metinic
9453,2021-05-18T07:36:07Z,8.481,0,Metinic
9454,2021-05-18T07:41:07Z,8.879000000000001,0,Metinic
9455,2021-05-18T07:46:07Z,8.879000000000001,0,Metinic
9456,2021-05-18T07:51:07Z,8.879000000000001,0,Metinic
9457,2021-05-18T07:56:07Z,8.978,0,Metinic
9458,2021-05-18T08:01:07Z,8.978,0,Metinic
9459,2021-05-18T08:06:07Z,8.978,0,Metinic
9460,2021-05-18T08:11:07Z,9.077,0,Metinic
9461,2021-05-18T08:16:07Z,9.077,0,Metinic
9462,2021-05-18T08:21:07Z,9.176,0,Metinic
9463,2021-05-18T08:26:07Z,9.176,0,Metinic
9464,2021-05-18T08:31:07Z,9.275,0,Metinic
9465,2021-05-18T08:36:07Z,9.275,0,Metinic
9466,2021-05-18T08:41:07Z,9.373000000000001,0,Metinic
9467,2021-05-18T08:46:07Z,9.373000000000001,0,Metinic
9468,2021-05-18T08:51:07Z,9.472000000000001,0,Metinic
9469,2021-05-18T08:56:07Z,9.472000000000001,0,Metinic
9470,2021-05-18T09:01:07Z,9.275,0,Metinic
9471,2021-05-18T09:06:07Z,9.275,0,Metinic
9472,2021-05-18T09:11:07Z,9.275,0,Metinic
9473,2021-05-18T09:16:07Z,9.275,0,Metinic
9474,2021-05-18T09:21:07Z,9.275,0,Metinic
9475,2021-05-18T09:26:07Z,9.275,0,Metinic
9476,2021-05-18T09:31:07Z,9.176,0,Metinic
9477,2021-05-18T09:36:07Z,8.978,2,Metinic
9478,2021-05-18T09:41:07Z,8.978,1,Metinic
9479,2021-05-18T09:46:07Z,8.978,2,Metinic
9480,2021-05-18T09:51:07Z,8.978,2,Metinic
9481,2021-05-18T09:56:07Z,8.978,1,Metinic
9482,2021-05-18T10:01:07Z,8.978,4,Metinic
9483,2021-05-18T10:06:07Z,8.978,2,Metinic
9484,2021-05-18T10:11:07Z,8.978,3,Metinic
9485,2021-05-18T10:16:07Z,8.978,11,Metinic
9486,2021-05-18T10:21:07Z,8.879000000000001,12,Metinic
9487,2021-05-18T10:26:07Z,8.779,12,Metinic
9488,2021-05-18T10:31:07Z,8.68,15,Metinic
9489,2021-05-18T10:36:07Z,8.68,13,Metinic
9490,2021-05-18T10:41:07Z,8.581,13,Metinic
9491,2021-05-18T10:46:07Z,8.68,10,Metinic
9492,2021-05-18T10:51:07Z,8.581,22,Metinic
9493,2021-05-18T10:56:07Z,8.581,14,Metinic
9494,2021-05-18T11:01:07Z,8.481,18,Metinic
9495,2021-05-18T11:06:07Z,8.481,8,Metinic
9496,2021-05-18T11:11:07Z,8.382000000000001,18,Metinic
9497,2021-05-18T11:16:07Z,8.382000000000001,24,Metinic
9498,2021-05-18T11:21:07Z,8.282,10,Metinic
9499,2021-05-18T11:26:07Z,8.282,16,Metinic
9500,2021-05-18T11:31:07Z,8.282,7,Metinic
9501,2021-05-18T11:36:07Z,8.282,10,Metinic
9502,2021-05-18T11:41:07Z,8.282,15,Metinic
9503,2021-05-18T11:46:07Z,8.382000000000001,10,Metinic
9504,2021-05-18T11:51:07Z,8.382000000000001,22,Metinic
9505,2021-05-18T11:56:07Z,8.382000000000001,41,Metinic
9506,2021-05-18T12:01:07Z,8.481,49,Metinic
9507,2021-05-18T12:06:07Z,8.581,41,Metinic
9508,2021-05-18T12:11:07Z,8.481,34,Metinic
9509,2021-05-18T12:16:07Z,8.382000000000001,21,Metinic
9510,2021-05-18T12:21:07Z,8.382000000000001,36,Metinic
9511,2021-05-18T12:26:07Z,8.282,54,Metinic
9512,2021-05-18T12:31:07Z,8.282,56,Metinic
9513,2021-05-18T12:36:07Z,8.282,52,Metinic
9514,2021-05-18T12:41:07Z,8.282,59,Metinic
9515,2021-05-18T12:46:07Z,8.282,46,Metinic
9516,2021-05-18T12:51:07Z,8.382000000000001,33,Metinic
9517,2021-05-18T12:56:07Z,8.382000000000001,41,Metinic
9518,2021-05-18T13:01:07Z,8.382000000000001,38,Metinic
9519,2021-05-18T13:06:07Z,8.382000000000001,34,Metinic
9520,2021-05-18T13:11:07Z,8.382000000000001,55,Metinic
9521,2021-05-18T13:16:07Z,8.382000000000001,35,Metinic
9522,2021-05-18T13:21:07Z,8.382000000000001,71,Metinic
9523,2021-05-18T13:26:07Z,8.481,96,Metinic
9524,2021-05-18T13:31:07Z,8.382000000000001,48,Metinic
9525,2021-05-18T13:36:07Z,8.382000000000001,83,Metinic
9526,2021-05-18T13:41:07Z,8.382000000000001,47,Metinic
9527,2021-05-18T13:46:07Z,8.382000000000001,25,Metinic
9528,2021-05-18T13:51:07Z,8.282,52,Metinic
9529,2021-05-18T13:56:07Z,8.282,22,Metinic
9530,2021-05-18T14:01:07Z,8.282,53,Metinic
9531,2021-05-18T14:06:07Z,8.282,126,Metinic
9532,2021-05-18T14:11:07Z,8.282,86,Metinic
9533,2021-05-18T14:16:07Z,8.382000000000001,56,Metinic
9534,2021-05-18T14:21:07Z,8.382000000000001,54,Metinic
9535,2021-05-18T14:26:07Z,8.382000000000001,84,Metinic
9536,2021-05-18T14:31:07Z,8.382000000000001,52,Metinic
9537,2021-05-18T14:36:07Z,8.382000000000001,136,Metinic
9538,2021-05-18T14:41:07Z,8.481,104,Metinic
9539,2021-05-18T14:46:07Z,8.481,46,Metinic
9540,2021-05-18T14:51:07Z,8.481,103,Metinic
9541,2021-05-18T14:56:07Z,8.481,74,Metinic
9542,2021-05-18T15:01:07Z,8.481,71,Metinic
9543,2021-05-18T15:06:07Z,8.481,115,Metinic
9544,2021-05-18T15:11:07Z,8.282,73,Metinic
9545,2021-05-18T15:16:07Z,8.082,42,Metinic
9546,2021-05-18T15:21:07Z,7.9830000000000005,224,Metinic
9547,2021-05-18T15:26:07Z,7.882,48,Metinic
9548,2021-05-18T15:31:07Z,7.9830000000000005,46,Metinic
9549,2021-05-18T15:36:07Z,7.9830000000000005,108,Metinic
9550,2021-05-18T15:41:07Z,7.882,49,Metinic
9551,2021-05-18T15:46:07Z,7.882,68,Metinic
9552,2021-05-18T15:51:07Z,7.9830000000000005,304,Metinic
9553,2021-05-18T15:56:07Z,7.9830000000000005,72,Metinic
9554,2021-05-18T16:01:07Z,8.282,109,Metinic
9555,2021-05-18T16:06:07Z,8.481,49,Metinic
9556,2021-05-18T16:11:07Z,8.581,107,Metinic
9557,2021-05-18T16:16:07Z,8.581,116,Metinic
9558,2021-05-18T16:21:07Z,8.382000000000001,116,Metinic
9559,2021-05-18T16:26:07Z,8.382000000000001,74,Metinic
9560,2021-05-18T16:31:07Z,8.182,45,Metinic
9561,2021-05-18T16:36:07Z,8.182,95,Metinic
9562,2021-05-18T16:41:07Z,8.382000000000001,168,Metinic
9563,2021-05-18T16:46:07Z,8.282,40,Metinic
9564,2021-05-18T16:51:07Z,8.282,200,Metinic
9565,2021-05-18T16:56:07Z,8.182,123,Metinic
9566,2021-05-18T17:01:07Z,8.182,83,Metinic
9567,2021-05-18T17:06:07Z,8.182,65,Metinic
9568,2021-05-18T17:11:07Z,8.082,41,Metinic
9569,2021-05-18T17:16:07Z,8.082,25,Metinic
9570,2021-05-18T17:21:07Z,8.282,46,Metinic
9571,2021-05-18T17:26:07Z,8.382000000000001,79,Metinic
9572,2021-05-18T17:31:07Z,8.382000000000001,128,Metinic
9573,2021-05-18T17:36:07Z,8.282,21,Metinic
9574,2021-05-18T17:41:07Z,8.382000000000001,152,Metinic
9575,2021-05-18T17:46:07Z,8.382000000000001,184,Metinic
9576,2021-05-18T17:51:07Z,8.382000000000001,113,Metinic
9577,2021-05-18T17:56:07Z,8.382000000000001,136,Metinic
9578,2021-05-18T18:01:07Z,8.382000000000001,88,Metinic
9579,2021-05-18T18:06:07Z,8.382000000000001,49,Metinic
9580,2021-05-18T18:11:07Z,8.282,56,Metinic
9581,2021-05-18T18:16:07Z,8.382000000000001,81,Metinic
9582,2021-05-18T18:21:07Z,8.382000000000001,65,Metinic
9583,2021-05-18T18:26:07Z,8.481,97,Metinic
9584,2021-05-18T18:31:07Z,8.481,136,Metinic
9585,2021-05-18T18:36:07Z,8.481,80,Metinic
9586,2021-05-18T18:41:07Z,8.382000000000001,44,Metinic
9587,2021-05-18T18:46:07Z,8.382000000000001,43,Metinic
9588,2021-05-18T18:51:07Z,8.382000000000001,47,Metinic
9589,2021-05-18T18:56:07Z,8.481,33,Metinic
9590,2021-05-18T19:01:07Z,8.382000000000001,108,Metinic
9591,2021-05-18T19:06:07Z,8.481,126,Metinic
9592,2021-05-18T19:11:07Z,8.481,106,Metinic
9593,2021-05-18T19:16:07Z,8.481,102,Metinic
9594,2021-05-18T19:21:07Z,8.481,56,Metinic
9595,2021-05-18T19:26:07Z,8.382000000000001,92,Metinic
9596,2021-05-18T19:31:07Z,8.382000000000001,208,Metinic
9597,2021-05-18T19:36:07Z,8.282,41,Metinic
9598,2021-05-18T19:41:07Z,8.282,101,Metinic
9599,2021-05-18T19:46:07Z,8.382000000000001,44,Metinic
9600,2021-05-18T19:51:07Z,8.382000000000001,84,Metinic
9601,2021-05-18T19:56:07Z,8.382000000000001,23,Metinic
9602,2021-05-18T20:01:07Z,8.382000000000001,160,Metinic
9603,2021-05-18T20:06:07Z,8.382000000000001,64,Metinic
9604,2021-05-18T20:11:07Z,8.382000000000001,84,Metinic
9605,2021-05-18T20:16:07Z,8.481,32,Metinic
9606,2021-05-18T20:21:07Z,8.481,67,Metinic
9607,2021-05-18T20:26:07Z,8.481,20,Metinic
9608,2021-05-18T20:31:07Z,8.481,80,Metinic
9609,2021-05-18T20:36:07Z,8.481,106,Metinic
9610,2021-05-18T20:41:07Z,8.481,77,Metinic
9611,2021-05-18T20:46:07Z,8.581,92,Metinic
9612,2021-05-18T20:51:07Z,8.581,67,Metinic
9613,2021-05-18T20:56:07Z,8.68,54,Metinic
9614,2021-05-18T21:01:07Z,8.779,37,Metinic
9615,2021-05-18T21:06:07Z,8.779,20,Metinic
9616,2021-05-18T21:11:07Z,8.779,28,Metinic
9617,2021-05-18T21:16:07Z,8.779,15,Metinic
9618,2021-05-18T21:21:07Z,8.779,59,Metinic
9619,2021-05-18T21:26:07Z,8.779,43,Metinic
9620,2021-05-18T21:31:07Z,8.879000000000001,17,Metinic
9621,2021-05-18T21:36:07Z,8.978,32,Metinic
9622,2021-05-18T21:41:07Z,9.077,52,Metinic
9623,2021-05-18T21:46:07Z,9.176,14,Metinic
9624,2021-05-18T21:51:07Z,9.176,9,Metinic
9625,2021-05-18T21:56:07Z,9.176,10,Metinic
9626,2021-05-18T22:01:07Z,9.275,10,Metinic
9627,2021-05-18T22:06:07Z,9.275,21,Metinic
9628,2021-05-18T22:11:07Z,9.176,21,Metinic
9629,2021-05-18T22:16:07Z,9.176,6,Metinic
9630,2021-05-18T22:21:07Z,9.077,12,Metinic
9631,2021-05-18T22:26:07Z,9.077,15,Metinic
9632,2021-05-18T22:31:07Z,9.077,6,Metinic
9633,2021-05-18T22:36:07Z,9.176,3,Metinic
9634,2021-05-18T22:41:07Z,9.077,3,Metinic
9635,2021-05-18T22:46:07Z,9.077,7,Metinic
9636,2021-05-18T22:51:07Z,8.978,6,Metinic
9637,2021-05-18T22:56:07Z,8.879000000000001,12,Metinic
9638,2021-05-18T23:01:07Z,8.779,6,Metinic
9639,2021-05-18T23:06:07Z,8.68,12,Metinic
9640,2021-05-18T23:11:07Z,8.581,8,Metinic
9641,2021-05-18T23:16:07Z,8.481,8,Metinic
9642,2021-05-18T23:21:07Z,8.382000000000001,1,Metinic
9643,2021-05-18T23:26:07Z,8.481,6,Metinic
9644,2021-05-18T23:31:07Z,8.481,4,Metinic
9645,2021-05-18T23:36:07Z,8.481,3,Metinic
9646,2021-05-18T23:41:07Z,8.481,0,Metinic
9647,2021-05-18T23:46:07Z,8.481,0,Metinic
9648,2021-05-18T23:51:07Z,8.481,0,Metinic
9649,2021-05-18T23:56:07Z,8.481,0,Metinic
9650,2021-05-19T00:01:07Z,8.481,0,Metinic
9651,2021-05-19T00:06:07Z,8.481,0,Metinic
9652,2021-05-19T00:11:07Z,8.581,0,Metinic
9653,2021-05-19T00:16:07Z,8.581,0,Metinic
9654,2021-05-19T00:21:07Z,8.68,0,Metinic
9655,2021-05-19T00:26:07Z,8.879000000000001,0,Metinic
9656,2021-05-19T00:31:07Z,8.978,0,Metinic
9657,2021-05-19T00:36:07Z,9.176,0,Metinic
9658,2021-05-19T00:41:07Z,9.176,0,Metinic
9659,2021-05-19T00:46:07Z,9.176,0,Metinic
9660,2021-05-19T00:51:07Z,9.176,0,Metinic
9661,2021-05-19T00:56:07Z,9.275,0,Metinic
9662,2021-05-19T01:01:07Z,9.373000000000001,0,Metinic
9663,2021-05-19T01:06:07Z,9.472000000000001,0,Metinic
9664,2021-05-19T01:11:07Z,9.472000000000001,0,Metinic
9665,2021-05-19T01:16:07Z,9.176,0,Metinic
9666,2021-05-19T01:21:07Z,8.978,0,Metinic
9667,2021-05-19T01:26:07Z,8.879000000000001,0,Metinic
9668,2021-05-19T01:31:07Z,8.879000000000001,0,Metinic
9669,2021-05-19T01:36:07Z,8.879000000000001,0,Metinic
9670,2021-05-19T01:41:07Z,8.779,0,Metinic
9671,2021-05-19T01:46:07Z,8.779,0,Metinic
9672,2021-05-19T01:51:07Z,8.779,0,Metinic
9673,2021-05-19T01:56:07Z,8.779,0,Metinic
9674,2021-05-19T02:01:07Z,8.779,0,Metinic
9675,2021-05-19T02:06:07Z,8.779,0,Metinic
9676,2021-05-19T02:11:07Z,8.779,0,Metinic
9677,2021-05-19T02:16:07Z,8.879000000000001,0,Metinic
9678,2021-05-19T02:21:07Z,8.978,0,Metinic
9679,2021-05-19T02:26:07Z,8.978,0,Metinic
9680,2021-05-19T02:31:07Z,8.879000000000001,0,Metinic
9681,2021-05-19T02:36:07Z,8.879000000000001,0,Metinic
9682,2021-05-19T02:41:07Z,8.879000000000001,0,Metinic
9683,2021-05-19T02:46:07Z,8.779,0,Metinic
9684,2021-05-19T02:51:07Z,8.68,0,Metinic
9685,2021-05-19T02:56:07Z,8.581,0,Metinic
9686,2021-05-19T03:01:07Z,8.581,0,Metinic
9687,2021-05-19T03:06:07Z,8.581,0,Metinic
9688,2021-05-19T03:11:07Z,8.581,0,Metinic
9689,2021-05-19T03:16:07Z,8.68,0,Metinic
9690,2021-05-19T03:21:07Z,8.779,0,Metinic
9691,2021-05-19T03:26:07Z,8.779,0,Metinic
9692,2021-05-19T03:31:07Z,8.581,0,Metinic
9693,2021-05-19T03:36:07Z,8.182,0,Metinic
9694,2021-05-19T03:41:07Z,8.082,0,Metinic
9695,2021-05-19T03:46:07Z,7.9830000000000005,0,Metinic
9696,2021-05-19T03:51:07Z,7.9830000000000005,0,Metinic
9697,2021-05-19T03:56:07Z,7.882,0,Metinic
9698,2021-05-19T04:01:07Z,7.882,0,Metinic
9699,2021-05-19T04:06:07Z,7.782,0,Metinic
9700,2021-05-19T04:11:07Z,7.782,0,Metinic
9701,2021-05-19T04:16:07Z,7.782,0,Metinic
9702,2021-05-19T04:21:07Z,7.882,0,Metinic
9703,2021-05-19T04:26:07Z,7.9830000000000005,0,Metinic
9704,2021-05-19T04:31:07Z,7.9830000000000005,0,Metinic
9705,2021-05-19T04:36:07Z,8.082,0,Metinic
9706,2021-05-19T04:41:07Z,8.182,0,Metinic
9707,2021-05-19T04:46:07Z,8.282,0,Metinic
9708,2021-05-19T04:51:07Z,8.382000000000001,0,Metinic
9709,2021-05-19T04:56:07Z,8.481,0,Metinic
9710,2021-05-19T05:01:07Z,8.481,0,Metinic
9711,2021-05-19T05:06:07Z,8.581,0,Metinic
9712,2021-05-19T05:11:07Z,8.68,0,Metinic
9713,2021-05-19T05:16:07Z,8.581,0,Metinic
9714,2021-05-19T05:21:07Z,8.581,0,Metinic
9715,2021-05-19T05:26:07Z,8.481,0,Metinic
9716,2021-05-19T05:31:07Z,8.182,0,Metinic
9717,2021-05-19T05:36:07Z,8.082,0,Metinic
9718,2021-05-19T05:41:07Z,8.082,0,Metinic
9719,2021-05-19T05:46:07Z,8.082,0,Metinic
9720,2021-05-19T05:51:07Z,8.182,0,Metinic
9721,2021-05-19T05:56:07Z,8.282,0,Metinic
9722,2021-05-19T06:01:07Z,8.082,0,Metinic
9723,2021-05-19T06:06:07Z,7.9830000000000005,0,Metinic
9724,2021-05-19T06:11:07Z,8.082,0,Metinic
9725,2021-05-19T06:16:07Z,8.182,0,Metinic
9726,2021-05-19T06:21:07Z,8.282,0,Metinic
9727,2021-05-19T06:26:07Z,8.382000000000001,0,Metinic
9728,2021-05-19T06:31:07Z,8.481,0,Metinic
9729,2021-05-19T06:36:07Z,8.581,0,Metinic
9730,2021-05-19T06:41:07Z,8.581,0,Metinic
9731,2021-05-19T06:46:07Z,8.581,0,Metinic
9732,2021-05-19T06:51:07Z,8.481,0,Metinic
9733,2021-05-19T06:56:07Z,8.382000000000001,0,Metinic
9734,2021-05-19T07:01:07Z,8.382000000000001,0,Metinic
9735,2021-05-19T07:06:07Z,8.382000000000001,0,Metinic
9736,2021-05-19T07:11:07Z,8.282,0,Metinic
9737,2021-05-19T07:16:07Z,8.382000000000001,0,Metinic
9738,2021-05-19T07:21:07Z,8.282,0,Metinic
9739,2021-05-19T07:26:07Z,8.382000000000001,0,Metinic
9740,2021-05-19T07:31:07Z,8.382000000000001,0,Metinic
9741,2021-05-19T07:36:07Z,8.282,0,Metinic
9742,2021-05-19T07:41:07Z,8.282,0,Metinic
9743,2021-05-19T07:46:07Z,8.282,0,Metinic
9744,2021-05-19T07:51:07Z,8.282,0,Metinic
9745,2021-05-19T07:56:07Z,8.382000000000001,0,Metinic
9746,2021-05-19T08:01:07Z,8.382000000000001,0,Metinic
9747,2021-05-19T08:06:07Z,8.481,0,Metinic
9748,2021-05-19T08:11:07Z,8.481,0,Metinic
9749,2021-05-19T08:16:07Z,8.481,0,Metinic
9750,2021-05-19T08:21:07Z,8.481,0,Metinic
9751,2021-05-19T08:26:07Z,8.581,0,Metinic
9752,2021-05-19T08:31:07Z,8.68,0,Metinic
9753,2021-05-19T08:36:07Z,8.879000000000001,0,Metinic
9754,2021-05-19T08:41:07Z,8.978,0,Metinic
9755,2021-05-19T08:46:07Z,8.978,0,Metinic
9756,2021-05-19T08:51:07Z,8.879000000000001,0,Metinic
9757,2021-05-19T08:56:07Z,8.879000000000001,0,Metinic
9758,2021-05-19T09:01:07Z,8.879000000000001,0,Metinic
9759,2021-05-19T09:06:07Z,8.879000000000001,0,Metinic
9760,2021-05-19T09:11:07Z,8.879000000000001,0,Metinic
9761,2021-05-19T09:16:07Z,8.978,0,Metinic
9762,2021-05-19T09:21:07Z,8.978,0,Metinic
9763,2021-05-19T09:26:07Z,9.077,0,Metinic
9764,2021-05-19T09:31:07Z,9.077,0,Metinic
9765,2021-05-19T09:36:07Z,9.077,1,Metinic
9766,2021-05-19T09:41:07Z,9.077,3,Metinic
9767,2021-05-19T09:46:07Z,9.077,3,Metinic
9768,2021-05-19T09:51:07Z,9.176,2,Metinic
9769,2021-05-19T09:56:07Z,9.176,4,Metinic
9770,2021-05-19T10:01:07Z,9.176,7,Metinic
9771,2021-05-19T10:06:07Z,9.275,13,Metinic
9772,2021-05-19T10:11:07Z,9.275,3,Metinic
9773,2021-05-19T10:16:07Z,9.176,2,Metinic
9774,2021-05-19T10:21:07Z,9.176,3,Metinic
9775,2021-05-19T10:26:07Z,9.077,6,Metinic
9776,2021-05-19T10:31:07Z,9.077,1,Metinic
9777,2021-05-19T10:36:07Z,9.077,4,Metinic
9778,2021-05-19T10:41:07Z,9.077,8,Metinic
9779,2021-05-19T10:46:07Z,9.176,7,Metinic
9780,2021-05-19T10:51:07Z,9.176,9,Metinic
9781,2021-05-19T10:56:07Z,9.176,8,Metinic
9782,2021-05-19T11:01:07Z,9.275,9,Metinic
9783,2021-05-19T11:06:07Z,9.275,22,Metinic
9784,2021-05-19T11:11:07Z,9.373000000000001,10,Metinic
9785,2021-05-19T11:16:07Z,9.373000000000001,15,Metinic
9786,2021-05-19T11:21:07Z,9.472000000000001,18,Metinic
9787,2021-05-19T11:26:07Z,9.472000000000001,14,Metinic
9788,2021-05-19T11:31:07Z,9.571,5,Metinic
9789,2021-05-19T11:36:07Z,9.571,9,Metinic
9790,2021-05-19T11:41:07Z,9.571,5,Metinic
9791,2021-05-19T11:46:07Z,9.571,19,Metinic
9792,2021-05-19T11:51:07Z,9.571,13,Metinic
9793,2021-05-19T11:56:07Z,9.571,6,Metinic
9794,2021-05-19T12:01:07Z,9.571,22,Metinic
9795,2021-05-19T12:06:07Z,9.571,29,Metinic
9796,2021-05-19T12:11:07Z,9.571,17,Metinic
9797,2021-05-19T12:16:07Z,9.571,72,Metinic
9798,2021-05-19T12:21:07Z,9.571,31,Metinic
9799,2021-05-19T12:26:07Z,9.571,40,Metinic
9800,2021-05-19T12:31:07Z,9.571,9,Metinic
9801,2021-05-19T12:36:07Z,9.472000000000001,16,Metinic
9802,2021-05-19T12:41:07Z,9.472000000000001,5,Metinic
9803,2021-05-19T12:46:07Z,9.373000000000001,11,Metinic
9804,2021-05-19T12:51:07Z,9.373000000000001,10,Metinic
9805,2021-05-19T12:56:07Z,9.472000000000001,51,Metinic
9806,2021-05-19T13:01:07Z,9.472000000000001,52,Metinic
9807,2021-05-19T13:06:07Z,9.472000000000001,79,Metinic
9808,2021-05-19T13:11:07Z,8.978,47,Metinic
9809,2021-05-19T13:16:07Z,8.779,92,Metinic
9810,2021-05-19T13:21:07Z,8.581,20,Metinic
9811,2021-05-19T13:26:07Z,8.581,23,Metinic
9812,2021-05-19T13:31:07Z,8.779,46,Metinic
9813,2021-05-19T13:36:07Z,9.373000000000001,74,Metinic
9814,2021-05-19T13:41:07Z,9.571,28,Metinic
9815,2021-05-19T13:46:07Z,9.669,99,Metinic
9816,2021-05-19T13:51:07Z,9.866000000000001,45,Metinic
9817,2021-05-19T13:56:07Z,10.063,52,Metinic
9818,2021-05-19T14:01:07Z,10.161,42,Metinic
9819,2021-05-19T14:06:07Z,10.259,45,Metinic
9820,2021-05-19T14:11:07Z,10.063,59,Metinic
9821,2021-05-19T14:16:07Z,9.866000000000001,87,Metinic
9822,2021-05-19T14:21:07Z,10.063,37,Metinic
9823,2021-05-19T14:26:07Z,10.259,42,Metinic
9824,2021-05-19T14:31:07Z,10.357000000000001,136,Metinic
9825,2021-05-19T14:36:07Z,10.161,39,Metinic
9826,2021-05-19T14:41:07Z,10.063,34,Metinic
9827,2021-05-19T14:46:07Z,10.161,61,Metinic
9828,2021-05-19T14:51:07Z,10.161,126,Metinic
9829,2021-05-19T14:56:07Z,10.357000000000001,216,Metinic
9830,2021-05-19T15:01:07Z,10.357000000000001,43,Metinic
9831,2021-05-19T15:06:07Z,10.455000000000002,31,Metinic
9832,2021-05-19T15:11:07Z,10.259,117,Metinic
9833,2021-05-19T15:16:07Z,10.259,103,Metinic
9834,2021-05-19T15:21:07Z,10.259,92,Metinic
9835,2021-05-19T15:26:07Z,10.455000000000002,93,Metinic
9836,2021-05-19T15:31:07Z,10.553,288,Metinic
9837,2021-05-19T15:36:07Z,10.651,77,Metinic
9838,2021-05-19T15:41:07Z,10.651,74,Metinic
9839,2021-05-19T15:46:07Z,10.747999999999998,208,Metinic
9840,2021-05-19T15:51:07Z,10.846,92,Metinic
9841,2021-05-19T15:56:07Z,10.943999999999999,40,Metinic
9842,2021-05-19T16:01:07Z,11.040999999999999,184,Metinic
9843,2021-05-19T16:06:07Z,10.747999999999998,184,Metinic
9844,2021-05-19T16:11:07Z,10.553,28,Metinic
9845,2021-05-19T16:16:07Z,10.455000000000002,47,Metinic
9846,2021-05-19T16:21:07Z,10.455000000000002,144,Metinic
9847,2021-05-19T16:26:07Z,10.553,56,Metinic
9848,2021-05-19T16:31:07Z,10.553,121,Metinic
9849,2021-05-19T16:36:07Z,10.553,168,Metinic
9850,2021-05-19T16:41:07Z,10.651,33,Metinic
9851,2021-05-19T16:46:07Z,10.651,112,Metinic
9852,2021-05-19T16:51:07Z,10.651,464,Metinic
9853,2021-05-19T16:56:07Z,10.747999999999998,24,Metinic
9854,2021-05-19T17:01:07Z,10.747999999999998,89,Metinic
9855,2021-05-19T17:06:07Z,10.747999999999998,352,Metinic
9856,2021-05-19T17:11:07Z,10.943999999999999,33,Metinic
9857,2021-05-19T17:16:07Z,11.139,100,Metinic
9858,2021-05-19T17:21:07Z,11.334,168,Metinic
9859,2021-05-19T17:26:07Z,11.431,352,Metinic
9860,2021-05-19T17:31:07Z,11.527999999999999,288,Metinic
9861,2021-05-19T17:36:07Z,11.527999999999999,113,Metinic
9862,2021-05-19T17:41:07Z,11.625,32,Metinic
9863,2021-05-19T17:46:07Z,11.431,136,Metinic
9864,2021-05-19T17:51:07Z,11.334,56,Metinic
9865,2021-05-19T17:56:07Z,11.235999999999999,208,Metinic
9866,2021-05-19T18:01:07Z,11.139,224,Metinic
9867,2021-05-19T18:06:07Z,11.040999999999999,128,Metinic
9868,2021-05-19T18:11:07Z,10.943999999999999,74,Metinic
9869,2021-05-19T18:16:07Z,10.846,128,Metinic
9870,2021-05-19T18:21:07Z,10.846,192,Metinic
9871,2021-05-19T18:26:07Z,10.846,125,Metinic
9872,2021-05-19T18:31:07Z,10.846,43,Metinic
9873,2021-05-19T18:36:07Z,10.846,47,Metinic
9874,2021-05-19T18:41:07Z,10.943999999999999,136,Metinic
9875,2021-05-19T18:46:07Z,10.943999999999999,96,Metinic
9876,2021-05-19T18:51:07Z,10.651,62,Metinic
9877,2021-05-19T18:56:07Z,10.063,152,Metinic
9878,2021-05-19T19:01:07Z,9.669,111,Metinic
9879,2021-05-19T19:06:07Z,9.571,78,Metinic
9880,2021-05-19T19:11:07Z,9.571,70,Metinic
9881,2021-05-19T19:16:07Z,9.571,108,Metinic
9882,2021-05-19T19:21:07Z,9.571,232,Metinic
9883,2021-05-19T19:26:07Z,9.669,176,Metinic
9884,2021-05-19T19:31:07Z,9.669,89,Metinic
9885,2021-05-19T19:36:07Z,9.767999999999999,144,Metinic
9886,2021-05-19T19:41:07Z,9.767999999999999,100,Metinic
9887,2021-05-19T19:46:07Z,9.866000000000001,54,Metinic
9888,2021-05-19T19:51:07Z,9.866000000000001,94,Metinic
9889,2021-05-19T19:56:07Z,9.965000000000002,33,Metinic
9890,2021-05-19T20:01:07Z,9.965000000000002,73,Metinic
9891,2021-05-19T20:06:07Z,9.866000000000001,70,Metinic
9892,2021-05-19T20:11:07Z,9.767999999999999,288,Metinic
9893,2021-05-19T20:16:07Z,9.767999999999999,24,Metinic
9894,2021-05-19T20:21:07Z,9.866000000000001,32,Metinic
9895,2021-05-19T20:26:07Z,9.965000000000002,67,Metinic
9896,2021-05-19T20:31:07Z,9.965000000000002,192,Metinic
9897,2021-05-19T20:36:07Z,9.965000000000002,19,Metinic
9898,2021-05-19T20:41:07Z,9.965000000000002,152,Metinic
9899,2021-05-19T20:46:07Z,10.063,64,Metinic
9900,2021-05-19T20:51:07Z,10.161,43,Metinic
9901,2021-05-19T20:56:07Z,10.357000000000001,35,Metinic
9902,2021-05-19T21:01:07Z,10.553,55,Metinic
9903,2021-05-19T21:06:07Z,10.651,55,Metinic
9904,2021-05-19T21:11:07Z,10.747999999999998,31,Metinic
9905,2021-05-19T21:16:07Z,10.747999999999998,27,Metinic
9906,2021-05-19T21:21:07Z,10.846,12,Metinic
9907,2021-05-19T21:26:07Z,10.943999999999999,18,Metinic
9908,2021-05-19T21:31:07Z,11.139,103,Metinic
9909,2021-05-19T21:36:07Z,11.235999999999999,29,Metinic
9910,2021-05-19T21:41:07Z,11.040999999999999,12,Metinic
9911,2021-05-19T21:46:07Z,11.040999999999999,27,Metinic
9912,2021-05-19T21:51:07Z,11.139,8,Metinic
9913,2021-05-19T21:56:07Z,11.139,36,Metinic
9914,2021-05-19T22:01:07Z,11.139,37,Metinic
9915,2021-05-19T22:06:07Z,11.040999999999999,30,Metinic
9916,2021-05-19T22:11:07Z,10.943999999999999,37,Metinic
9917,2021-05-19T22:16:07Z,10.747999999999998,36,Metinic
9918,2021-05-19T22:21:07Z,10.747999999999998,19,Metinic
9919,2021-05-19T22:26:07Z,10.651,33,Metinic
9920,2021-05-19T22:31:07Z,10.553,27,Metinic
9921,2021-05-19T22:36:07Z,10.455000000000002,24,Metinic
9922,2021-05-19T22:41:07Z,10.455000000000002,12,Metinic
9923,2021-05-19T22:46:07Z,10.357000000000001,27,Metinic
9924,2021-05-19T22:51:07Z,10.357000000000001,17,Metinic
9925,2021-05-19T22:56:07Z,10.161,19,Metinic
9926,2021-05-19T23:01:07Z,9.965000000000002,13,Metinic
9927,2021-05-19T23:06:07Z,9.965000000000002,6,Metinic
9928,2021-05-19T23:11:07Z,10.063,10,Metinic
9929,2021-05-19T23:16:07Z,10.063,5,Metinic
9930,2021-05-19T23:21:07Z,10.063,1,Metinic
9931,2021-05-19T23:26:07Z,10.161,2,Metinic
9932,2021-05-19T23:31:07Z,10.259,0,Metinic
9933,2021-05-19T23:36:07Z,10.063,0,Metinic
9934,2021-05-19T23:41:07Z,9.767999999999999,0,Metinic
9935,2021-05-19T23:46:07Z,9.767999999999999,0,Metinic
9936,2021-05-19T23:51:07Z,9.866000000000001,0,Metinic
9937,2021-05-19T23:56:07Z,9.965000000000002,0,Metinic
9938,2021-05-20T00:01:07Z,9.965000000000002,0,Metinic
9939,2021-05-20T00:06:07Z,10.063,0,Metinic
9940,2021-05-20T00:11:07Z,10.063,0,Metinic
9941,2021-05-20T00:16:07Z,10.063,0,Metinic
9942,2021-05-20T00:21:07Z,9.965000000000002,0,Metinic
9943,2021-05-20T00:26:07Z,9.965000000000002,0,Metinic
9944,2021-05-20T00:31:07Z,9.965000000000002,0,Metinic
9945,2021-05-20T00:36:07Z,9.669,0,Metinic
9946,2021-05-20T00:41:07Z,9.373000000000001,0,Metinic
9947,2021-05-20T00:46:07Z,9.176,0,Metinic
9948,2021-05-20T00:51:07Z,8.978,0,Metinic
9949,2021-05-20T00:56:07Z,8.779,0,Metinic
9950,2021-05-20T01:01:07Z,8.68,0,Metinic
9951,2021-05-20T01:06:07Z,8.481,0,Metinic
9952,2021-05-20T01:11:07Z,8.382000000000001,0,Metinic
9953,2021-05-20T01:16:07Z,8.382000000000001,0,Metinic
9954,2021-05-20T01:21:07Z,8.382000000000001,0,Metinic
9955,2021-05-20T01:26:07Z,8.382000000000001,0,Metinic
9956,2021-05-20T01:31:07Z,8.382000000000001,0,Metinic
9957,2021-05-20T01:36:07Z,8.382000000000001,0,Metinic
9958,2021-05-20T01:41:07Z,8.481,0,Metinic
9959,2021-05-20T01:46:07Z,8.978,0,Metinic
9960,2021-05-20T01:51:07Z,9.571,0,Metinic
9961,2021-05-20T01:56:07Z,10.161,0,Metinic
9962,2021-05-20T02:01:07Z,10.357000000000001,0,Metinic
9963,2021-05-20T02:06:07Z,10.553,0,Metinic
9964,2021-05-20T02:11:07Z,10.747999999999998,0,Metinic
9965,2021-05-20T02:16:07Z,10.943999999999999,0,Metinic
9966,2021-05-20T02:21:07Z,10.943999999999999,0,Metinic
9967,2021-05-20T02:26:07Z,11.040999999999999,0,Metinic
9968,2021-05-20T02:31:07Z,11.040999999999999,0,Metinic
9969,2021-05-20T02:36:07Z,11.139,0,Metinic
9970,2021-05-20T02:41:07Z,11.139,0,Metinic
9971,2021-05-20T02:46:07Z,11.139,0,Metinic
9972,2021-05-20T02:51:07Z,11.139,0,Metinic
9973,2021-05-20T02:56:07Z,11.139,0,Metinic
9974,2021-05-20T03:01:07Z,11.139,0,Metinic
9975,2021-05-20T03:06:07Z,11.139,0,Metinic
9976,2021-05-20T03:11:07Z,11.139,0,Metinic
9977,2021-05-20T03:16:07Z,11.139,0,Metinic
9978,2021-05-20T03:21:07Z,11.235999999999999,0,Metinic
9979,2021-05-20T03:26:07Z,11.334,0,Metinic
9980,2021-05-20T03:31:07Z,11.431,0,Metinic
9981,2021-05-20T03:36:07Z,11.139,0,Metinic
9982,2021-05-20T03:41:07Z,9.571,0,Metinic
9983,2021-05-20T03:46:07Z,8.978,0,Metinic
9984,2021-05-20T03:51:07Z,9.767999999999999,0,Metinic
9985,2021-05-20T03:56:07Z,9.669,0,Metinic
9986,2021-05-20T04:01:07Z,10.651,0,Metinic
9987,2021-05-20T04:06:07Z,10.747999999999998,0,Metinic
9988,2021-05-20T04:11:07Z,11.235999999999999,0,Metinic
9989,2021-05-20T04:16:07Z,10.943999999999999,0,Metinic
9990,2021-05-20T04:21:07Z,10.943999999999999,0,Metinic
9991,2021-05-20T04:26:07Z,10.943999999999999,0,Metinic
9992,2021-05-20T04:31:07Z,11.235999999999999,0,Metinic
9993,2021-05-20T04:36:07Z,11.334,0,Metinic
9994,2021-05-20T04:41:07Z,11.235999999999999,0,Metinic
9995,2021-05-20T04:46:07Z,11.235999999999999,0,Metinic
9996,2021-05-20T04:51:07Z,11.235999999999999,0,Metinic
9997,2021-05-20T04:56:07Z,11.235999999999999,0,Metinic
9998,2021-05-20T05:01:07Z,11.334,0,Metinic
9999,2021-05-20T05:06:07Z,11.334,0,Metinic
10000,2021-05-20T05:11:07Z,11.334,0,Metinic
10001,2021-05-20T05:16:07Z,11.334,0,Metinic
10002,2021-05-20T05:21:07Z,11.334,0,Metinic
10003,2021-05-20T05:26:07Z,11.334,0,Metinic
10004,2021-05-20T05:31:07Z,11.334,0,Metinic
10005,2021-05-20T05:36:07Z,11.334,0,Metinic
10006,2021-05-20T05:41:07Z,11.334,0,Metinic
10007,2021-05-20T05:46:07Z,11.334,0,Metinic
10008,2021-05-20T05:51:07Z,11.334,0,Metinic
10009,2021-05-20T05:56:07Z,11.040999999999999,0,Metinic
10010,2021-05-20T06:01:07Z,10.747999999999998,0,Metinic
10011,2021-05-20T06:06:07Z,10.747999999999998,0,Metinic
10012,2021-05-20T06:11:07Z,10.846,0,Metinic
10013,2021-05-20T06:16:07Z,10.747999999999998,0,Metinic
10014,2021-05-20T06:21:07Z,10.747999999999998,0,Metinic
10015,2021-05-20T06:26:07Z,10.651,0,Metinic
10016,2021-05-20T06:31:07Z,10.846,0,Metinic
10017,2021-05-20T06:36:07Z,11.040999999999999,0,Metinic
10018,2021-05-20T06:41:07Z,11.139,0,Metinic
10019,2021-05-20T06:46:07Z,11.139,0,Metinic
10020,2021-05-20T06:51:07Z,11.235999999999999,0,Metinic
10021,2021-05-20T06:56:07Z,11.235999999999999,0,Metinic
10022,2021-05-20T07:01:07Z,11.040999999999999,0,Metinic
10023,2021-05-20T07:06:07Z,10.651,0,Metinic
10024,2021-05-20T07:11:07Z,10.357000000000001,0,Metinic
10025,2021-05-20T07:16:07Z,9.965000000000002,0,Metinic
10026,2021-05-20T07:21:07Z,9.965000000000002,0,Metinic
10027,2021-05-20T07:26:07Z,10.357000000000001,0,Metinic
10028,2021-05-20T07:31:07Z,10.651,0,Metinic
10029,2021-05-20T07:36:07Z,10.259,0,Metinic
10030,2021-05-20T07:41:07Z,10.455000000000002,0,Metinic
10031,2021-05-20T07:46:07Z,10.063,0,Metinic
10032,2021-05-20T07:51:07Z,9.866000000000001,0,Metinic
10033,2021-05-20T07:56:07Z,9.965000000000002,0,Metinic
10034,2021-05-20T08:01:07Z,9.866000000000001,0,Metinic
10035,2021-05-20T08:06:07Z,9.866000000000001,0,Metinic
10036,2021-05-20T08:11:07Z,9.571,0,Metinic
10037,2021-05-20T08:16:07Z,9.866000000000001,0,Metinic
10038,2021-05-20T08:21:07Z,9.669,0,Metinic
10039,2021-05-20T08:26:07Z,9.571,0,Metinic
10040,2021-05-20T08:31:07Z,9.571,0,Metinic
10041,2021-05-20T08:36:07Z,9.669,0,Metinic
10042,2021-05-20T08:41:07Z,10.063,0,Metinic
10043,2021-05-20T08:46:07Z,10.455000000000002,0,Metinic
10044,2021-05-20T08:51:07Z,10.651,0,Metinic
10045,2021-05-20T08:56:07Z,10.747999999999998,0,Metinic
10046,2021-05-20T09:01:07Z,10.747999999999998,0,Metinic
10047,2021-05-20T09:06:07Z,10.553,0,Metinic
10048,2021-05-20T09:11:07Z,10.455000000000002,0,Metinic
10049,2021-05-20T09:16:07Z,10.553,0,Metinic
10050,2021-05-20T09:21:07Z,10.553,0,Metinic
10051,2021-05-20T09:26:07Z,10.846,1,Metinic
10052,2021-05-20T09:31:07Z,10.651,1,Metinic
10053,2021-05-20T09:36:07Z,10.651,4,Metinic
10054,2021-05-20T09:41:07Z,10.846,4,Metinic
10055,2021-05-20T09:46:07Z,11.040999999999999,3,Metinic
10056,2021-05-20T09:51:07Z,10.943999999999999,2,Metinic
10057,2021-05-20T09:56:07Z,10.846,4,Metinic
10058,2021-05-20T10:01:07Z,10.553,2,Metinic
10059,2021-05-20T10:06:07Z,9.965000000000002,5,Metinic
10060,2021-05-20T10:11:07Z,9.866000000000001,3,Metinic
10061,2021-05-20T10:16:07Z,9.472000000000001,5,Metinic
10062,2021-05-20T10:21:07Z,9.373000000000001,2,Metinic
10063,2021-05-20T10:26:07Z,9.472000000000001,0,Metinic
10064,2021-05-20T10:31:07Z,9.373000000000001,6,Metinic
10065,2021-05-20T10:36:07Z,9.571,5,Metinic
10066,2021-05-20T10:41:07Z,9.767999999999999,7,Metinic
10067,2021-05-20T10:46:07Z,9.767999999999999,8,Metinic
10068,2021-05-20T10:51:07Z,9.669,8,Metinic
10069,2021-05-20T10:56:07Z,9.571,10,Metinic
10070,2021-05-20T11:01:07Z,9.571,10,Metinic
10071,2021-05-20T11:06:07Z,9.571,12,Metinic
10072,2021-05-20T11:11:07Z,9.472000000000001,13,Metinic
10073,2021-05-20T11:16:07Z,9.373000000000001,14,Metinic
10074,2021-05-20T11:21:07Z,9.373000000000001,8,Metinic
10075,2021-05-20T11:26:07Z,9.373000000000001,13,Metinic
10076,2021-05-20T11:31:07Z,9.373000000000001,9,Metinic
10077,2021-05-20T11:36:07Z,9.373000000000001,22,Metinic
10078,2021-05-20T11:41:07Z,9.373000000000001,16,Metinic
10079,2021-05-20T11:46:07Z,9.373000000000001,11,Metinic
10080,2021-05-20T11:51:07Z,9.373000000000001,12,Metinic
10081,2021-05-20T11:56:07Z,9.275,17,Metinic
10082,2021-05-20T12:01:07Z,9.275,10,Metinic
10083,2021-05-20T12:06:07Z,9.275,25,Metinic
10084,2021-05-20T12:11:07Z,9.373000000000001,10,Metinic
10085,2021-05-20T12:16:07Z,9.373000000000001,20,Metinic
10086,2021-05-20T12:21:07Z,9.176,20,Metinic
10087,2021-05-20T12:26:07Z,9.176,26,Metinic
10088,2021-05-20T12:31:07Z,9.077,24,Metinic
10089,2021-05-20T12:36:07Z,9.077,27,Metinic
10090,2021-05-20T12:41:07Z,9.077,30,Metinic
10091,2021-05-20T12:46:07Z,9.077,17,Metinic
10092,2021-05-20T12:51:07Z,9.176,31,Metinic
10093,2021-05-20T12:56:07Z,9.373000000000001,24,Metinic
10094,2021-05-20T13:01:07Z,9.571,50,Metinic
10095,2021-05-20T13:06:07Z,9.571,50,Metinic
10096,2021-05-20T13:11:07Z,9.275,45,Metinic
10097,2021-05-20T13:16:07Z,9.176,39,Metinic
10098,2021-05-20T13:21:07Z,9.275,33,Metinic
10099,2021-05-20T13:26:07Z,9.472000000000001,42,Metinic
10100,2021-05-20T13:31:07Z,9.373000000000001,54,Metinic
10101,2021-05-20T13:36:07Z,9.472000000000001,24,Metinic
10102,2021-05-20T13:41:07Z,9.373000000000001,37,Metinic
10103,2021-05-20T13:46:07Z,9.472000000000001,51,Metinic
10104,2021-05-20T13:51:07Z,9.767999999999999,58,Metinic
10105,2021-05-20T13:56:07Z,9.571,62,Metinic
10106,2021-05-20T14:01:07Z,9.571,23,Metinic
10107,2021-05-20T14:06:07Z,9.373000000000001,32,Metinic
10108,2021-05-20T14:11:07Z,9.373000000000001,71,Metinic
10109,2021-05-20T14:16:07Z,9.571,64,Metinic
10110,2021-05-20T14:21:07Z,9.767999999999999,16,Metinic
10111,2021-05-20T14:26:07Z,10.063,22,Metinic
10112,2021-05-20T14:31:07Z,10.259,62,Metinic
10113,2021-05-20T14:36:07Z,9.373000000000001,80,Metinic
10114,2021-05-20T14:41:07Z,9.866000000000001,53,Metinic
10115,2021-05-20T14:46:07Z,9.965000000000002,26,Metinic
10116,2021-05-20T14:51:07Z,10.455000000000002,75,Metinic
10117,2021-05-20T14:56:07Z,10.553,87,Metinic
10118,2021-05-20T15:01:07Z,10.357000000000001,69,Metinic
10119,2021-05-20T15:06:07Z,10.846,115,Metinic
10120,2021-05-20T15:11:07Z,10.943999999999999,39,Metinic
10121,2021-05-20T15:16:07Z,11.040999999999999,66,Metinic
10122,2021-05-20T15:21:07Z,10.259,28,Metinic
10123,2021-05-20T15:26:07Z,10.943999999999999,103,Metinic
10124,2021-05-20T15:31:07Z,10.943999999999999,112,Metinic
10125,2021-05-20T15:36:07Z,10.651,91,Metinic
10126,2021-05-20T15:41:07Z,11.334,86,Metinic
10127,2021-05-20T15:46:07Z,11.431,42,Metinic
10128,2021-05-20T15:51:07Z,10.943999999999999,55,Metinic
10129,2021-05-20T15:56:07Z,10.943999999999999,73,Metinic
10130,2021-05-20T16:01:07Z,9.472000000000001,144,Metinic
10131,2021-05-20T16:06:07Z,9.176,256,Metinic
10132,2021-05-20T16:11:07Z,9.767999999999999,30,Metinic
10133,2021-05-20T16:16:07Z,10.943999999999999,74,Metinic
10134,2021-05-20T16:21:07Z,11.527999999999999,114,Metinic
10135,2021-05-20T16:26:07Z,11.722,168,Metinic
10136,2021-05-20T16:31:07Z,11.916,51,Metinic
10137,2021-05-20T16:36:07Z,12.013,91,Metinic
10138,2021-05-20T16:41:07Z,12.11,115,Metinic
10139,2021-05-20T16:46:07Z,12.206999999999999,128,Metinic
10140,2021-05-20T16:51:07Z,12.206999999999999,208,Metinic
10141,2021-05-20T16:56:07Z,12.206999999999999,27,Metinic
10142,2021-05-20T17:01:07Z,12.206999999999999,44,Metinic
10143,2021-05-20T17:06:07Z,12.206999999999999,152,Metinic
10144,2021-05-20T17:11:07Z,12.206999999999999,336,Metinic
10145,2021-05-20T17:16:07Z,12.11,336,Metinic
10146,2021-05-20T17:21:07Z,12.11,168,Metinic
10147,2021-05-20T17:26:07Z,12.013,232,Metinic
10148,2021-05-20T17:31:07Z,12.013,65,Metinic
10149,2021-05-20T17:36:07Z,12.013,54,Metinic
10150,2021-05-20T17:41:07Z,12.013,336,Metinic
10151,2021-05-20T17:46:07Z,12.013,144,Metinic
10152,2021-05-20T17:51:07Z,12.11,368,Metinic
10153,2021-05-20T17:56:07Z,12.11,54,Metinic
10154,2021-05-20T18:01:07Z,12.11,50,Metinic
10155,2021-05-20T18:06:07Z,12.11,64,Metinic
10156,2021-05-20T18:11:07Z,12.013,109,Metinic
10157,2021-05-20T18:16:07Z,11.916,86,Metinic
10158,2021-05-20T18:21:07Z,11.916,272,Metinic
10159,2021-05-20T18:26:07Z,10.553,28,Metinic
10160,2021-05-20T18:31:07Z,10.943999999999999,512,Metinic
10161,2021-05-20T18:36:07Z,10.846,136,Metinic
10162,2021-05-20T18:41:07Z,10.357000000000001,176,Metinic
10163,2021-05-20T18:46:07Z,10.259,288,Metinic
10164,2021-05-20T18:51:07Z,10.063,176,Metinic
10165,2021-05-20T18:56:07Z,9.669,152,Metinic
10166,2021-05-20T19:01:07Z,9.866000000000001,272,Metinic
10167,2021-05-20T19:06:07Z,9.767999999999999,118,Metinic
10168,2021-05-20T19:11:07Z,9.571,248,Metinic
10169,2021-05-20T19:16:07Z,9.571,91,Metinic
10170,2021-05-20T19:21:07Z,9.472000000000001,136,Metinic
10171,2021-05-20T19:26:07Z,9.472000000000001,108,Metinic
10172,2021-05-20T19:31:07Z,9.571,152,Metinic
10173,2021-05-20T19:36:07Z,9.571,87,Metinic
10174,2021-05-20T19:41:07Z,9.767999999999999,288,Metinic
10175,2021-05-20T19:46:07Z,9.965000000000002,272,Metinic
10176,2021-05-20T19:51:07Z,9.176,58,Metinic
10177,2021-05-20T19:56:07Z,9.176,66,Metinic
10178,2021-05-20T20:01:07Z,9.176,95,Metinic
10179,2021-05-20T20:06:07Z,9.373000000000001,152,Metinic
10180,2021-05-20T20:11:07Z,9.571,128,Metinic
10181,2021-05-20T20:16:07Z,9.669,128,Metinic
10182,2021-05-20T20:21:07Z,9.767999999999999,136,Metinic
10183,2021-05-20T20:26:07Z,9.767999999999999,89,Metinic
10184,2021-05-20T20:31:07Z,9.965000000000002,43,Metinic
10185,2021-05-20T20:36:07Z,10.063,46,Metinic
10186,2021-05-20T20:41:07Z,10.259,55,Metinic
10187,2021-05-20T20:46:07Z,10.553,23,Metinic
10188,2021-05-20T20:51:07Z,10.651,59,Metinic
10189,2021-05-20T20:56:07Z,10.846,53,Metinic
10190,2021-05-20T21:01:07Z,10.846,69,Metinic
10191,2021-05-20T21:06:07Z,10.747999999999998,65,Metinic
10192,2021-05-20T21:11:07Z,10.747999999999998,69,Metinic
10193,2021-05-20T21:16:07Z,9.767999999999999,50,Metinic
10194,2021-05-20T21:21:07Z,9.275,17,Metinic
10195,2021-05-20T21:26:07Z,9.275,67,Metinic
10196,2021-05-20T21:31:07Z,9.275,60,Metinic
10197,2021-05-20T21:36:07Z,8.978,80,Metinic
10198,2021-05-20T21:41:07Z,8.879000000000001,18,Metinic
10199,2021-05-20T21:46:07Z,8.879000000000001,44,Metinic
10200,2021-05-20T21:51:07Z,8.978,22,Metinic
10201,2021-05-20T21:56:07Z,8.978,16,Metinic
10202,2021-05-20T22:01:07Z,9.077,20,Metinic
10203,2021-05-20T22:06:07Z,9.077,8,Metinic
10204,2021-05-20T22:11:07Z,9.176,10,Metinic
10205,2021-05-20T22:16:07Z,9.373000000000001,18,Metinic
10206,2021-05-20T22:21:07Z,9.472000000000001,3,Metinic
10207,2021-05-20T22:26:07Z,9.767999999999999,24,Metinic
10208,2021-05-20T22:31:07Z,9.767999999999999,8,Metinic
10209,2021-05-20T22:36:07Z,9.669,16,Metinic
10210,2021-05-20T22:41:07Z,9.472000000000001,16,Metinic
10211,2021-05-20T22:46:07Z,9.472000000000001,2,Metinic
10212,2021-05-20T22:51:07Z,9.472000000000001,7,Metinic
10213,2021-05-20T22:56:07Z,9.472000000000001,6,Metinic
10214,2021-05-20T23:01:07Z,9.373000000000001,6,Metinic
10215,2021-05-20T23:06:07Z,9.373000000000001,5,Metinic
10216,2021-05-20T23:11:07Z,9.472000000000001,0,Metinic
10217,2021-05-20T23:16:07Z,9.571,4,Metinic
10218,2021-05-20T23:21:07Z,9.571,0,Metinic
10219,2021-05-20T23:26:07Z,9.571,4,Metinic
10220,2021-05-20T23:31:07Z,9.571,0,Metinic
10221,2021-05-20T23:36:07Z,9.472000000000001,0,Metinic
10222,2021-05-20T23:41:07Z,9.472000000000001,0,Metinic
10223,2021-05-20T23:46:07Z,9.472000000000001,0,Metinic
10224,2021-05-20T23:51:07Z,9.472000000000001,0,Metinic
10225,2021-05-20T23:56:07Z,9.472000000000001,0,Metinic
10226,2021-05-21T00:01:07Z,9.275,0,Metinic
10227,2021-05-21T00:06:07Z,9.275,0,Metinic
10228,2021-05-21T00:11:07Z,9.275,0,Metinic
10229,2021-05-21T00:16:07Z,9.275,0,Metinic
10230,2021-05-21T00:21:07Z,9.176,0,Metinic
10231,2021-05-21T00:26:07Z,9.077,0,Metinic
10232,2021-05-21T00:31:07Z,9.077,0,Metinic
10233,2021-05-21T00:36:07Z,8.978,0,Metinic
10234,2021-05-21T00:41:07Z,8.879000000000001,0,Metinic
10235,2021-05-21T00:46:07Z,8.879000000000001,0,Metinic
10236,2021-05-21T00:51:07Z,8.779,0,Metinic
10237,2021-05-21T00:56:07Z,8.779,0,Metinic
10238,2021-05-21T01:01:07Z,8.779,0,Metinic
10239,2021-05-21T01:06:07Z,8.879000000000001,0,Metinic
10240,2021-05-21T01:11:07Z,8.879000000000001,0,Metinic
10241,2021-05-21T01:16:07Z,8.879000000000001,0,Metinic
10242,2021-05-21T01:21:07Z,8.879000000000001,0,Metinic
10243,2021-05-21T01:26:07Z,8.879000000000001,0,Metinic
10244,2021-05-21T01:31:07Z,8.879000000000001,0,Metinic
10245,2021-05-21T01:36:07Z,8.879000000000001,0,Metinic
10246,2021-05-21T01:41:07Z,8.978,0,Metinic
10247,2021-05-21T01:46:07Z,8.978,0,Metinic
10248,2021-05-21T01:51:07Z,8.68,0,Metinic
10249,2021-05-21T01:56:07Z,8.481,0,Metinic
10250,2021-05-21T02:01:07Z,8.481,0,Metinic
10251,2021-05-21T02:06:07Z,8.382000000000001,0,Metinic
10252,2021-05-21T02:11:07Z,8.481,0,Metinic
10253,2021-05-21T02:16:07Z,8.481,0,Metinic
10254,2021-05-21T02:21:07Z,8.581,0,Metinic
10255,2021-05-21T02:26:07Z,8.581,0,Metinic
10256,2021-05-21T02:31:07Z,8.581,0,Metinic
10257,2021-05-21T02:36:07Z,8.481,0,Metinic
10258,2021-05-21T02:41:07Z,8.581,0,Metinic
10259,2021-05-21T02:46:07Z,8.581,0,Metinic
10260,2021-05-21T02:51:07Z,8.68,0,Metinic
10261,2021-05-21T02:56:07Z,8.68,0,Metinic
10262,2021-05-21T03:01:07Z,8.581,0,Metinic
10263,2021-05-21T03:06:07Z,8.581,0,Metinic
10264,2021-05-21T03:11:07Z,8.581,0,Metinic
10265,2021-05-21T03:16:07Z,8.581,0,Metinic
10266,2021-05-21T03:21:07Z,8.581,0,Metinic
10267,2021-05-21T03:26:07Z,8.581,0,Metinic
10268,2021-05-21T03:31:07Z,8.581,0,Metinic
10269,2021-05-21T03:36:07Z,8.581,0,Metinic
10270,2021-05-21T03:41:07Z,8.481,0,Metinic
10271,2021-05-21T03:46:07Z,8.581,0,Metinic
10272,2021-05-21T03:51:07Z,8.581,0,Metinic
10273,2021-05-21T03:56:07Z,8.581,0,Metinic
10274,2021-05-21T04:01:07Z,8.581,0,Metinic
10275,2021-05-21T04:06:07Z,8.581,0,Metinic
10276,2021-05-21T04:11:07Z,8.581,0,Metinic
10277,2021-05-21T04:16:07Z,8.581,0,Metinic
10278,2021-05-21T04:21:07Z,8.581,0,Metinic
10279,2021-05-21T04:26:07Z,8.581,0,Metinic
10280,2021-05-21T04:31:07Z,8.581,0,Metinic
10281,2021-05-21T04:36:07Z,8.581,0,Metinic
10282,2021-05-21T04:41:07Z,8.581,0,Metinic
10283,2021-05-21T04:46:07Z,8.581,0,Metinic
10284,2021-05-21T04:51:07Z,8.581,0,Metinic
10285,2021-05-21T04:56:07Z,8.581,0,Metinic
10286,2021-05-21T05:01:07Z,8.581,0,Metinic
10287,2021-05-21T05:06:07Z,8.581,0,Metinic
10288,2021-05-21T05:11:07Z,8.581,0,Metinic
10289,2021-05-21T05:16:07Z,8.581,0,Metinic
10290,2021-05-21T05:21:07Z,8.581,0,Metinic
10291,2021-05-21T05:26:07Z,8.581,0,Metinic
10292,2021-05-21T05:31:07Z,8.481,0,Metinic
10293,2021-05-21T05:36:07Z,8.282,0,Metinic
10294,2021-05-21T05:41:07Z,8.182,0,Metinic
10295,2021-05-21T05:46:07Z,8.282,0,Metinic
10296,2021-05-21T05:51:07Z,8.282,0,Metinic
10297,2021-05-21T05:56:07Z,8.282,0,Metinic
10298,2021-05-21T06:01:07Z,8.382000000000001,0,Metinic
10299,2021-05-21T06:06:07Z,8.481,0,Metinic
10300,2021-05-21T06:11:07Z,8.481,0,Metinic
10301,2021-05-21T06:16:07Z,8.481,0,Metinic
10302,2021-05-21T06:21:07Z,8.481,0,Metinic
10303,2021-05-21T06:26:07Z,8.382000000000001,0,Metinic
10304,2021-05-21T06:31:07Z,8.282,0,Metinic
10305,2021-05-21T06:36:07Z,8.282,0,Metinic
10306,2021-05-21T06:41:07Z,8.182,0,Metinic
10307,2021-05-21T06:46:07Z,8.282,0,Metinic
10308,2021-05-21T06:51:07Z,8.282,0,Metinic
10309,2021-05-21T06:56:07Z,8.282,0,Metinic
10310,2021-05-21T07:01:07Z,8.382000000000001,0,Metinic
10311,2021-05-21T07:06:07Z,8.382000000000001,0,Metinic
10312,2021-05-21T07:11:07Z,8.382000000000001,0,Metinic
10313,2021-05-21T07:16:07Z,8.182,0,Metinic
10314,2021-05-21T07:21:07Z,8.082,0,Metinic
10315,2021-05-21T07:26:07Z,8.082,0,Metinic
10316,2021-05-21T07:31:07Z,8.082,0,Metinic
10317,2021-05-21T07:36:07Z,8.082,0,Metinic
10318,2021-05-21T07:41:07Z,8.082,0,Metinic
10319,2021-05-21T07:46:07Z,8.182,0,Metinic
10320,2021-05-21T07:51:07Z,8.182,0,Metinic
10321,2021-05-21T07:56:07Z,8.082,0,Metinic
10322,2021-05-21T08:01:07Z,8.082,0,Metinic
10323,2021-05-21T08:06:07Z,8.082,0,Metinic
10324,2021-05-21T08:11:07Z,8.182,0,Metinic
10325,2021-05-21T08:16:07Z,8.182,0,Metinic
10326,2021-05-21T08:21:07Z,8.182,0,Metinic
10327,2021-05-21T08:26:07Z,8.182,0,Metinic
10328,2021-05-21T08:31:07Z,8.182,0,Metinic
10329,2021-05-21T08:36:07Z,8.182,0,Metinic
10330,2021-05-21T08:41:07Z,8.182,0,Metinic
10331,2021-05-21T08:46:07Z,8.182,0,Metinic
10332,2021-05-21T08:51:07Z,8.182,0,Metinic
10333,2021-05-21T08:56:07Z,8.282,0,Metinic
10334,2021-05-21T09:01:07Z,8.282,0,Metinic
10335,2021-05-21T09:06:07Z,8.282,0,Metinic
10336,2021-05-21T09:11:07Z,8.382000000000001,0,Metinic
10337,2021-05-21T09:16:07Z,8.382000000000001,0,Metinic
10338,2021-05-21T09:21:07Z,8.382000000000001,0,Metinic
10339,2021-05-21T09:26:07Z,8.282,0,Metinic
10340,2021-05-21T09:31:07Z,8.382000000000001,0,Metinic
10341,2021-05-21T09:36:07Z,8.382000000000001,0,Metinic
10342,2021-05-21T09:41:07Z,8.382000000000001,1,Metinic
10343,2021-05-21T09:46:07Z,8.481,1,Metinic
10344,2021-05-21T09:51:07Z,8.481,1,Metinic
10345,2021-05-21T09:56:07Z,8.481,4,Metinic
10346,2021-05-21T10:01:07Z,8.481,2,Metinic
10347,2021-05-21T10:06:07Z,8.481,1,Metinic
10348,2021-05-21T10:11:07Z,8.481,8,Metinic
10349,2021-05-21T10:16:07Z,8.481,2,Metinic
10350,2021-05-21T10:21:07Z,8.581,6,Metinic
10351,2021-05-21T10:26:07Z,8.581,4,Metinic
10352,2021-05-21T10:31:07Z,8.581,6,Metinic
10353,2021-05-21T10:36:07Z,8.581,7,Metinic
10354,2021-05-21T10:41:07Z,8.68,5,Metinic
10355,2021-05-21T10:46:07Z,8.779,10,Metinic
10356,2021-05-21T10:51:07Z,8.879000000000001,6,Metinic
10357,2021-05-21T10:56:07Z,8.978,5,Metinic
10358,2021-05-21T11:01:07Z,9.077,6,Metinic
10359,2021-05-21T11:06:07Z,9.176,5,Metinic
10360,2021-05-21T11:11:07Z,9.275,10,Metinic
10361,2021-05-21T11:16:07Z,9.373000000000001,5,Metinic
10362,2021-05-21T11:21:07Z,9.472000000000001,3,Metinic
10363,2021-05-21T11:26:07Z,9.571,7,Metinic
10364,2021-05-21T11:31:07Z,9.571,11,Metinic
10365,2021-05-21T11:36:07Z,9.571,14,Metinic
10366,2021-05-21T11:41:07Z,9.571,9,Metinic
10367,2021-05-21T11:46:07Z,9.669,5,Metinic
10368,2021-05-21T11:51:07Z,9.669,7,Metinic
10369,2021-05-21T11:56:07Z,9.767999999999999,15,Metinic
10370,2021-05-21T12:01:07Z,9.866000000000001,17,Metinic
10371,2021-05-21T12:06:07Z,9.767999999999999,7,Metinic
10372,2021-05-21T12:11:07Z,9.669,16,Metinic
10373,2021-05-21T12:16:07Z,9.669,4,Metinic
10374,2021-05-21T12:21:07Z,9.669,9,Metinic
10375,2021-05-21T12:26:07Z,9.669,11,Metinic
10376,2021-05-21T12:31:07Z,9.669,6,Metinic
10377,2021-05-21T12:36:07Z,9.669,25,Metinic
10378,2021-05-21T12:41:07Z,9.669,25,Metinic
10379,2021-05-21T12:46:07Z,9.669,17,Metinic
10380,2021-05-21T12:51:07Z,9.767999999999999,20,Metinic
10381,2021-05-21T12:56:07Z,9.767999999999999,17,Metinic
10382,2021-05-21T13:01:07Z,9.767999999999999,22,Metinic
10383,2021-05-21T13:06:07Z,9.571,25,Metinic
10384,2021-05-21T13:11:07Z,9.571,37,Metinic
10385,2021-05-21T13:16:07Z,9.472000000000001,49,Metinic
10386,2021-05-21T13:21:07Z,9.472000000000001,30,Metinic
10387,2021-05-21T13:26:07Z,9.472000000000001,36,Metinic
10388,2021-05-21T13:31:07Z,9.472000000000001,18,Metinic
10389,2021-05-21T13:36:07Z,9.275,63,Metinic
10390,2021-05-21T13:41:07Z,9.275,33,Metinic
10391,2021-05-21T13:46:07Z,9.176,128,Metinic
10392,2021-05-21T13:51:07Z,9.176,64,Metinic
10393,2021-05-21T13:56:07Z,9.176,75,Metinic
10394,2021-05-21T14:01:07Z,9.176,29,Metinic
10395,2021-05-21T14:06:07Z,9.176,50,Metinic
10396,2021-05-21T14:11:07Z,9.176,42,Metinic
10397,2021-05-21T14:16:07Z,9.176,29,Metinic
10398,2021-05-21T14:21:07Z,9.275,50,Metinic
10399,2021-05-21T14:26:07Z,9.373000000000001,63,Metinic
10400,2021-05-21T14:31:07Z,9.472000000000001,42,Metinic
10401,2021-05-21T14:36:07Z,9.571,48,Metinic
10402,2021-05-21T14:41:07Z,9.767999999999999,34,Metinic
10403,2021-05-21T14:46:07Z,9.866000000000001,59,Metinic
10404,2021-05-21T14:51:07Z,10.063,32,Metinic
10405,2021-05-21T14:56:07Z,10.259,160,Metinic
10406,2021-05-21T15:01:07Z,10.455000000000002,90,Metinic
10407,2021-05-21T15:06:07Z,10.553,82,Metinic
10408,2021-05-21T15:11:07Z,9.669,103,Metinic
10409,2021-05-21T15:16:07Z,9.669,94,Metinic
10410,2021-05-21T15:21:07Z,9.472000000000001,64,Metinic
10411,2021-05-21T15:26:07Z,9.373000000000001,104,Metinic
10412,2021-05-21T15:31:07Z,9.965000000000002,72,Metinic
10413,2021-05-21T15:36:07Z,9.669,97,Metinic
10414,2021-05-21T15:41:07Z,9.669,248,Metinic
10415,2021-05-21T15:46:07Z,9.669,59,Metinic
10416,2021-05-21T15:51:07Z,9.965000000000002,52,Metinic
10417,2021-05-21T15:56:07Z,10.357000000000001,128,Metinic
10418,2021-05-21T16:01:07Z,10.553,65,Metinic
10419,2021-05-21T16:06:07Z,10.943999999999999,8,Metinic
10420,2021-05-21T16:11:07Z,11.139,92,Metinic
10421,2021-05-21T16:16:07Z,11.235999999999999,184,Metinic
10422,2021-05-21T16:21:07Z,9.866000000000001,42,Metinic
10423,2021-05-21T16:26:07Z,9.866000000000001,62,Metinic
10424,2021-05-21T16:31:07Z,9.767999999999999,62,Metinic
10425,2021-05-21T16:36:07Z,9.077,68,Metinic
10426,2021-05-21T16:41:07Z,8.68,66,Metinic
10427,2021-05-21T16:46:07Z,8.581,168,Metinic
10428,2021-05-21T16:51:07Z,8.481,200,Metinic
10429,2021-05-21T16:56:07Z,8.481,121,Metinic
10430,2021-05-21T17:01:07Z,8.481,56,Metinic
10431,2021-05-21T17:06:07Z,8.581,152,Metinic
10432,2021-05-21T17:11:07Z,8.481,85,Metinic
10433,2021-05-21T17:16:07Z,8.481,160,Metinic
10434,2021-05-21T17:21:07Z,8.481,58,Metinic
10435,2021-05-21T17:26:07Z,8.382000000000001,136,Metinic
10436,2021-05-21T17:31:07Z,8.382000000000001,48,Metinic
10437,2021-05-21T17:36:07Z,8.382000000000001,168,Metinic
10438,2021-05-21T17:41:07Z,8.282,152,Metinic
10439,2021-05-21T17:46:07Z,8.182,97,Metinic
10440,2021-05-21T17:51:07Z,8.282,480,Metinic
10441,2021-05-21T17:56:07Z,8.481,61,Metinic
10442,2021-05-21T18:01:07Z,8.282,109,Metinic
10443,2021-05-21T18:06:07Z,8.082,49,Metinic
10444,2021-05-21T18:11:07Z,8.082,152,Metinic
10445,2021-05-21T18:16:07Z,8.082,256,Metinic
10446,2021-05-21T18:21:07Z,8.082,39,Metinic
10447,2021-05-21T18:26:07Z,8.182,160,Metinic
10448,2021-05-21T18:31:07Z,8.082,240,Metinic
10449,2021-05-21T18:36:07Z,8.082,30,Metinic
10450,2021-05-21T18:41:07Z,8.082,105,Metinic
10451,2021-05-21T18:46:07Z,8.182,36,Metinic
10452,2021-05-21T18:51:07Z,8.481,38,Metinic
10453,2021-05-21T18:56:07Z,8.581,52,Metinic
10454,2021-05-21T19:01:07Z,8.68,184,Metinic
10455,2021-05-21T19:06:07Z,8.779,103,Metinic
10456,2021-05-21T19:11:07Z,8.779,66,Metinic
10457,2021-05-21T19:16:07Z,8.779,42,Metinic
10458,2021-05-21T19:21:07Z,8.779,73,Metinic
10459,2021-05-21T19:26:07Z,8.68,136,Metinic
10460,2021-05-21T19:31:07Z,8.581,82,Metinic
10461,2021-05-21T19:36:07Z,8.481,216,Metinic
10462,2021-05-21T19:41:07Z,8.382000000000001,144,Metinic
10463,2021-05-21T19:46:07Z,8.581,59,Metinic
10464,2021-05-21T19:51:07Z,8.779,256,Metinic
10465,2021-05-21T19:56:07Z,8.879000000000001,144,Metinic
10466,2021-05-21T20:01:07Z,8.68,68,Metinic
10467,2021-05-21T20:06:07Z,8.68,288,Metinic
10468,2021-05-21T20:11:07Z,8.779,64,Metinic
10469,2021-05-21T20:16:07Z,8.879000000000001,67,Metinic
10470,2021-05-21T20:21:07Z,8.978,87,Metinic
10471,2021-05-21T20:26:07Z,9.077,34,Metinic
10472,2021-05-21T20:31:07Z,9.077,45,Metinic
10473,2021-05-21T20:36:07Z,8.978,54,Metinic
10474,2021-05-21T20:41:07Z,8.978,86,Metinic
10475,2021-05-21T20:46:07Z,8.879000000000001,256,Metinic
10476,2021-05-21T20:51:07Z,8.68,77,Metinic
10477,2021-05-21T20:56:07Z,8.68,80,Metinic
10478,2021-05-21T21:01:07Z,8.68,144,Metinic
10479,2021-05-21T21:06:07Z,8.779,105,Metinic
10480,2021-05-21T21:11:07Z,8.581,60,Metinic
10481,2021-05-21T21:16:07Z,8.382000000000001,49,Metinic
10482,2021-05-21T21:21:07Z,8.382000000000001,114,Metinic
10483,2021-05-21T21:26:07Z,8.382000000000001,87,Metinic
10484,2021-05-21T21:31:07Z,8.382000000000001,31,Metinic
10485,2021-05-21T21:36:07Z,8.382000000000001,57,Metinic
10486,2021-05-21T21:41:07Z,8.481,69,Metinic
10487,2021-05-21T21:46:07Z,8.481,21,Metinic
10488,2021-05-21T21:51:07Z,8.481,52,Metinic
10489,2021-05-21T21:56:07Z,8.481,31,Metinic
10490,2021-05-21T22:01:07Z,8.481,13,Metinic
10491,2021-05-21T22:06:07Z,8.382000000000001,51,Metinic
10492,2021-05-21T22:11:07Z,8.382000000000001,4,Metinic
10493,2021-05-21T22:16:07Z,8.382000000000001,26,Metinic
10494,2021-05-21T22:21:07Z,8.382000000000001,9,Metinic
10495,2021-05-21T22:26:07Z,8.382000000000001,39,Metinic
10496,2021-05-21T22:31:07Z,8.382000000000001,11,Metinic
10497,2021-05-21T22:36:07Z,8.382000000000001,11,Metinic
10498,2021-05-21T22:41:07Z,8.382000000000001,8,Metinic
10499,2021-05-21T22:46:07Z,8.481,18,Metinic
10500,2021-05-21T22:51:07Z,8.481,22,Metinic
10501,2021-05-21T22:56:07Z,8.581,20,Metinic
10502,2021-05-21T23:01:07Z,8.481,3,Metinic
10503,2021-05-21T23:06:07Z,8.481,15,Metinic
10504,2021-05-21T23:11:07Z,8.382000000000001,11,Metinic
10505,2021-05-21T23:16:07Z,8.382000000000001,2,Metinic
10506,2021-05-21T23:21:07Z,8.382000000000001,2,Metinic
10507,2021-05-21T23:26:07Z,8.382000000000001,1,Metinic
10508,2021-05-21T23:31:07Z,8.382000000000001,0,Metinic
10509,2021-05-21T23:36:07Z,8.382000000000001,1,Metinic
10510,2021-05-21T23:41:07Z,8.382000000000001,0,Metinic
10511,2021-05-21T23:46:07Z,8.382000000000001,0,Metinic
10512,2021-05-21T23:51:07Z,8.481,0,Metinic
10513,2021-05-21T23:56:07Z,8.481,0,Metinic
10514,2021-05-22T00:01:07Z,8.581,0,Metinic
10515,2021-05-22T00:06:07Z,8.68,0,Metinic
10516,2021-05-22T00:11:07Z,8.879000000000001,0,Metinic
10517,2021-05-22T00:16:07Z,8.978,0,Metinic
10518,2021-05-22T00:21:07Z,9.077,0,Metinic
10519,2021-05-22T00:26:07Z,9.176,0,Metinic
10520,2021-05-22T00:31:07Z,9.176,0,Metinic
10521,2021-05-22T00:36:07Z,9.275,0,Metinic
10522,2021-05-22T00:41:07Z,9.373000000000001,0,Metinic
10523,2021-05-22T00:46:07Z,9.373000000000001,0,Metinic
10524,2021-05-22T00:51:07Z,9.472000000000001,0,Metinic
10525,2021-05-22T00:56:07Z,9.373000000000001,0,Metinic
10526,2021-05-22T01:01:07Z,9.373000000000001,0,Metinic
10527,2021-05-22T01:06:07Z,9.373000000000001,0,Metinic
10528,2021-05-22T01:11:07Z,9.373000000000001,0,Metinic
10529,2021-05-22T01:16:07Z,9.472000000000001,0,Metinic
10530,2021-05-22T01:21:07Z,9.472000000000001,0,Metinic
10531,2021-05-22T01:26:07Z,9.472000000000001,0,Metinic
10532,2021-05-22T01:31:07Z,9.373000000000001,0,Metinic
10533,2021-05-22T01:36:07Z,9.373000000000001,0,Metinic
10534,2021-05-22T01:41:07Z,9.472000000000001,0,Metinic
10535,2021-05-22T01:46:07Z,9.373000000000001,0,Metinic
10536,2021-05-22T01:51:07Z,9.373000000000001,0,Metinic
10537,2021-05-22T01:56:07Z,9.373000000000001,0,Metinic
10538,2021-05-22T02:01:07Z,9.373000000000001,0,Metinic
10539,2021-05-22T02:06:07Z,9.373000000000001,0,Metinic
10540,2021-05-22T02:11:07Z,9.176,0,Metinic
10541,2021-05-22T02:16:07Z,9.077,0,Metinic
10542,2021-05-22T02:21:07Z,8.978,0,Metinic
10543,2021-05-22T02:26:07Z,8.779,0,Metinic
10544,2021-05-22T02:31:07Z,8.581,0,Metinic
10545,2021-05-22T02:36:07Z,8.581,0,Metinic
10546,2021-05-22T02:41:07Z,8.68,0,Metinic
10547,2021-05-22T02:46:07Z,8.779,0,Metinic
10548,2021-05-22T02:51:07Z,8.779,0,Metinic
10549,2021-05-22T02:56:07Z,8.779,0,Metinic
10550,2021-05-22T03:01:07Z,8.779,0,Metinic
10551,2021-05-22T03:06:07Z,8.879000000000001,0,Metinic
10552,2021-05-22T03:11:07Z,8.879000000000001,0,Metinic
10553,2021-05-22T03:16:07Z,8.879000000000001,0,Metinic
10554,2021-05-22T03:21:07Z,8.879000000000001,0,Metinic
10555,2021-05-22T03:26:07Z,8.978,0,Metinic
10556,2021-05-22T03:31:07Z,8.978,0,Metinic
10557,2021-05-22T03:36:07Z,8.978,0,Metinic
10558,2021-05-22T03:41:07Z,8.978,0,Metinic
10559,2021-05-22T03:46:07Z,8.879000000000001,0,Metinic
10560,2021-05-22T03:51:07Z,8.68,0,Metinic
10561,2021-05-22T03:56:07Z,8.481,0,Metinic
10562,2021-05-22T04:01:07Z,8.481,0,Metinic
10563,2021-05-22T04:06:07Z,8.481,0,Metinic
10564,2021-05-22T04:11:07Z,8.481,0,Metinic
10565,2021-05-22T04:16:07Z,8.382000000000001,0,Metinic
10566,2021-05-22T04:21:07Z,8.68,0,Metinic
10567,2021-05-22T04:26:07Z,9.275,0,Metinic
10568,2021-05-22T04:31:07Z,9.571,0,Metinic
10569,2021-05-22T04:36:07Z,9.669,0,Metinic
10570,2021-05-22T04:41:07Z,9.669,0,Metinic
10571,2021-05-22T04:46:07Z,9.571,0,Metinic
10572,2021-05-22T04:51:07Z,9.472000000000001,0,Metinic
10573,2021-05-22T04:56:07Z,9.472000000000001,0,Metinic
10574,2021-05-22T05:01:07Z,9.472000000000001,0,Metinic
10575,2021-05-22T05:06:07Z,9.472000000000001,0,Metinic
10576,2021-05-22T05:11:07Z,9.472000000000001,0,Metinic
10577,2021-05-22T05:16:07Z,9.472000000000001,0,Metinic
10578,2021-05-22T05:21:07Z,9.571,0,Metinic
10579,2021-05-22T05:26:07Z,9.472000000000001,0,Metinic
10580,2021-05-22T05:31:07Z,9.373000000000001,0,Metinic
10581,2021-05-22T05:36:07Z,9.275,0,Metinic
10582,2021-05-22T05:41:07Z,9.176,0,Metinic
10583,2021-05-22T05:46:07Z,9.275,0,Metinic
10584,2021-05-22T05:51:07Z,9.275,0,Metinic
10585,2021-05-22T05:56:07Z,9.176,0,Metinic
10586,2021-05-22T06:01:07Z,9.077,0,Metinic
10587,2021-05-22T06:06:07Z,8.978,0,Metinic
10588,2021-05-22T06:11:07Z,8.978,0,Metinic
10589,2021-05-22T06:16:07Z,8.879000000000001,0,Metinic
10590,2021-05-22T06:21:07Z,8.879000000000001,0,Metinic
10591,2021-05-22T06:26:07Z,8.779,0,Metinic
10592,2021-05-22T06:31:07Z,8.581,0,Metinic
10593,2021-05-22T06:36:07Z,8.68,0,Metinic
10594,2021-05-22T06:41:07Z,8.779,0,Metinic
10595,2021-05-22T06:46:07Z,8.581,0,Metinic
10596,2021-05-22T06:51:07Z,8.382000000000001,0,Metinic
10597,2021-05-22T06:56:07Z,8.282,0,Metinic
10598,2021-05-22T07:01:07Z,8.382000000000001,0,Metinic
10599,2021-05-22T07:06:07Z,8.481,0,Metinic
10600,2021-05-22T07:11:07Z,8.481,0,Metinic
10601,2021-05-22T07:16:07Z,8.382000000000001,0,Metinic
10602,2021-05-22T07:21:07Z,8.481,0,Metinic
10603,2021-05-22T07:26:07Z,8.779,0,Metinic
10604,2021-05-22T07:31:07Z,8.978,0,Metinic
10605,2021-05-22T07:36:07Z,8.978,0,Metinic
10606,2021-05-22T07:41:07Z,8.978,0,Metinic
10607,2021-05-22T07:46:07Z,8.879000000000001,0,Metinic
10608,2021-05-22T07:51:07Z,8.879000000000001,0,Metinic
10609,2021-05-22T07:56:07Z,8.68,0,Metinic
10610,2021-05-22T08:01:07Z,8.779,0,Metinic
10611,2021-05-22T08:06:07Z,8.779,0,Metinic
10612,2021-05-22T08:11:07Z,8.68,0,Metinic
10613,2021-05-22T08:16:07Z,8.581,0,Metinic
10614,2021-05-22T08:21:07Z,8.779,0,Metinic
10615,2021-05-22T08:26:07Z,8.879000000000001,0,Metinic
10616,2021-05-22T08:31:07Z,8.978,0,Metinic
10617,2021-05-22T08:36:07Z,8.978,0,Metinic
10618,2021-05-22T08:41:07Z,8.779,0,Metinic
10619,2021-05-22T08:46:07Z,8.581,0,Metinic
10620,2021-05-22T08:51:07Z,8.581,0,Metinic
10621,2021-05-22T08:56:07Z,8.481,0,Metinic
10622,2021-05-22T09:01:07Z,8.481,0,Metinic
10623,2021-05-22T09:06:07Z,8.581,0,Metinic
10624,2021-05-22T09:11:07Z,8.68,0,Metinic
10625,2021-05-22T09:16:07Z,8.779,0,Metinic
10626,2021-05-22T09:21:07Z,8.779,0,Metinic
10627,2021-05-22T09:26:07Z,8.879000000000001,0,Metinic
10628,2021-05-22T09:31:07Z,8.879000000000001,1,Metinic
10629,2021-05-22T09:36:07Z,8.978,0,Metinic
10630,2021-05-22T09:41:07Z,8.978,0,Metinic
10631,2021-05-22T09:46:07Z,9.077,0,Metinic
10632,2021-05-22T09:51:07Z,9.077,0,Metinic
10633,2021-05-22T09:56:07Z,9.176,0,Metinic
10634,2021-05-22T10:01:07Z,9.176,2,Metinic
10635,2021-05-22T10:06:07Z,9.176,2,Metinic
10636,2021-05-22T10:11:07Z,9.275,5,Metinic
10637,2021-05-22T10:16:07Z,9.077,2,Metinic
10638,2021-05-22T10:21:07Z,8.978,5,Metinic
10639,2021-05-22T10:26:07Z,8.978,3,Metinic
10640,2021-05-22T10:31:07Z,8.978,6,Metinic
10641,2021-05-22T10:36:07Z,8.978,4,Metinic
10642,2021-05-22T10:41:07Z,8.879000000000001,11,Metinic
10643,2021-05-22T10:46:07Z,8.978,14,Metinic
10644,2021-05-22T10:51:07Z,8.978,8,Metinic
10645,2021-05-22T10:56:07Z,8.978,6,Metinic
10646,2021-05-22T11:01:07Z,8.978,16,Metinic
10647,2021-05-22T11:06:07Z,8.978,7,Metinic
10648,2021-05-22T11:11:07Z,8.879000000000001,21,Metinic
10649,2021-05-22T11:16:07Z,8.879000000000001,17,Metinic
10650,2021-05-22T11:21:07Z,8.879000000000001,10,Metinic
10651,2021-05-22T11:26:07Z,8.879000000000001,5,Metinic
10652,2021-05-22T11:31:07Z,8.879000000000001,3,Metinic
10653,2021-05-22T11:36:07Z,8.879000000000001,17,Metinic
10654,2021-05-22T11:41:07Z,8.879000000000001,2,Metinic
10655,2021-05-22T11:46:07Z,8.879000000000001,25,Metinic
10656,2021-05-22T11:51:07Z,8.879000000000001,20,Metinic
10657,2021-05-22T11:56:07Z,8.879000000000001,28,Metinic
10658,2021-05-22T12:01:07Z,8.978,3,Metinic
10659,2021-05-22T12:06:07Z,8.978,6,Metinic
10660,2021-05-22T12:11:07Z,9.077,7,Metinic
10661,2021-05-22T12:16:07Z,9.077,9,Metinic
10662,2021-05-22T12:21:07Z,9.176,23,Metinic
10663,2021-05-22T12:26:07Z,9.176,7,Metinic
10664,2021-05-22T12:31:07Z,9.176,5,Metinic
10665,2021-05-22T12:36:07Z,9.176,17,Metinic
10666,2021-05-22T12:41:07Z,9.176,20,Metinic
10667,2021-05-22T12:46:07Z,9.275,21,Metinic
10668,2021-05-22T12:51:07Z,9.275,20,Metinic
10669,2021-05-22T12:56:07Z,9.275,2,Metinic
10670,2021-05-22T13:01:07Z,9.275,29,Metinic
10671,2021-05-22T13:06:07Z,9.275,30,Metinic
10672,2021-05-22T13:11:07Z,9.275,43,Metinic
10673,2021-05-22T13:16:07Z,9.275,30,Metinic
10674,2021-05-22T13:21:07Z,9.275,11,Metinic
10675,2021-05-22T13:26:07Z,9.275,53,Metinic
10676,2021-05-22T13:31:07Z,9.275,7,Metinic
10677,2021-05-22T13:36:07Z,9.275,8,Metinic
10678,2021-05-22T13:41:07Z,9.275,75,Metinic
10679,2021-05-22T13:46:07Z,9.373000000000001,5,Metinic
10680,2021-05-22T13:51:07Z,9.077,7,Metinic
10681,2021-05-22T13:56:07Z,8.978,4,Metinic
10682,2021-05-22T14:01:07Z,8.879000000000001,16,Metinic
10683,2021-05-22T14:06:07Z,8.879000000000001,2,Metinic
10684,2021-05-22T14:11:07Z,8.879000000000001,11,Metinic
10685,2021-05-22T14:16:07Z,8.879000000000001,3,Metinic
10686,2021-05-22T14:21:07Z,8.978,28,Metinic
10687,2021-05-22T14:26:07Z,9.077,55,Metinic
10688,2021-05-22T14:31:07Z,8.978,27,Metinic
10689,2021-05-22T14:36:07Z,8.978,36,Metinic
10690,2021-05-22T14:41:07Z,8.978,31,Metinic
10691,2021-05-22T14:46:07Z,8.779,1,Metinic
10692,2021-05-22T14:51:07Z,8.879000000000001,0,Metinic
10693,2021-05-22T14:56:07Z,8.879000000000001,31,Metinic
10694,2021-05-22T15:01:07Z,9.077,5,Metinic
10695,2021-05-22T15:06:07Z,9.077,34,Metinic
10696,2021-05-22T15:11:07Z,9.077,1,Metinic
10697,2021-05-22T15:16:07Z,8.978,0,Metinic
10698,2021-05-22T15:21:07Z,8.978,6,Metinic
10699,2021-05-22T15:26:07Z,8.978,0,Metinic
10700,2021-05-22T15:31:07Z,8.879000000000001,2,Metinic
10701,2021-05-22T15:36:07Z,8.879000000000001,12,Metinic
10702,2021-05-22T15:41:07Z,8.779,18,Metinic
10703,2021-05-22T15:46:07Z,8.68,30,Metinic
10704,2021-05-22T15:51:07Z,8.68,25,Metinic
10705,2021-05-22T15:56:07Z,8.68,74,Metinic
10706,2021-05-22T16:01:07Z,8.68,1,Metinic
10707,2021-05-22T16:06:07Z,8.68,29,Metinic
10708,2021-05-22T16:11:07Z,8.581,16,Metinic
10709,2021-05-22T16:16:07Z,8.481,6,Metinic
10710,2021-05-22T16:21:07Z,8.581,42,Metinic
10711,2021-05-22T16:26:07Z,8.68,74,Metinic
10712,2021-05-22T16:31:07Z,8.779,22,Metinic
10713,2021-05-22T16:36:07Z,8.68,136,Metinic
10714,2021-05-22T16:41:07Z,8.68,100,Metinic
10715,2021-05-22T16:46:07Z,8.68,62,Metinic
10716,2021-05-22T16:51:07Z,8.68,192,Metinic
10717,2021-05-22T16:56:07Z,8.68,3,Metinic
10718,2021-05-22T17:01:07Z,8.68,29,Metinic
10719,2021-05-22T17:06:07Z,8.68,123,Metinic
10720,2021-05-22T17:11:07Z,8.68,87,Metinic
10721,2021-05-22T17:16:07Z,8.68,7,Metinic
10722,2021-05-22T17:21:07Z,8.68,24,Metinic
10723,2021-05-22T17:26:07Z,8.68,152,Metinic
10724,2021-05-22T17:31:07Z,8.581,111,Metinic
10725,2021-05-22T17:36:07Z,8.481,136,Metinic
10726,2021-05-22T17:41:07Z,8.481,51,Metinic
10727,2021-05-22T17:46:07Z,8.481,5,Metinic
10728,2021-05-22T17:51:07Z,8.481,63,Metinic
10729,2021-05-22T17:56:07Z,8.481,73,Metinic
10730,2021-05-22T18:01:07Z,8.481,3,Metinic
10731,2021-05-22T18:06:07Z,8.481,41,Metinic
10732,2021-05-22T18:11:07Z,8.382000000000001,168,Metinic
10733,2021-05-22T18:16:07Z,8.282,38,Metinic
10734,2021-05-22T18:21:07Z,8.282,42,Metinic
10735,2021-05-22T18:26:07Z,8.182,65,Metinic
10736,2021-05-22T18:31:07Z,8.182,12,Metinic
10737,2021-05-22T18:36:07Z,8.182,52,Metinic
10738,2021-05-22T18:41:07Z,8.182,4,Metinic
10739,2021-05-22T18:46:07Z,8.182,59,Metinic
10740,2021-05-22T18:51:07Z,8.082,45,Metinic
10741,2021-05-22T18:56:07Z,8.082,53,Metinic
10742,2021-05-22T19:01:07Z,8.082,22,Metinic
10743,2021-05-22T19:06:07Z,8.082,27,Metinic
10744,2021-05-22T19:11:07Z,8.082,50,Metinic
10745,2021-05-22T19:16:07Z,8.082,36,Metinic
10746,2021-05-22T19:21:07Z,7.9830000000000005,26,Metinic
10747,2021-05-22T19:26:07Z,8.082,25,Metinic
10748,2021-05-22T19:31:07Z,8.082,19,Metinic
10749,2021-05-22T19:36:07Z,8.182,7,Metinic
10750,2021-05-22T19:41:07Z,8.182,1,Metinic
10751,2021-05-22T19:46:07Z,8.182,2,Metinic
10752,2021-05-22T19:51:07Z,8.182,10,Metinic
10753,2021-05-22T19:56:07Z,8.282,8,Metinic
10754,2021-05-22T20:01:07Z,8.382000000000001,29,Metinic
10755,2021-05-22T20:06:07Z,8.481,1,Metinic
10756,2021-05-22T20:11:07Z,8.481,0,Metinic
10757,2021-05-22T20:16:07Z,8.481,12,Metinic
10758,2021-05-22T20:21:07Z,8.481,11,Metinic
10759,2021-05-22T20:26:07Z,8.581,16,Metinic
10760,2021-05-22T20:31:07Z,8.581,0,Metinic
10761,2021-05-22T20:36:07Z,8.581,5,Metinic
10762,2021-05-22T20:41:07Z,8.581,3,Metinic
10763,2021-05-22T20:46:07Z,8.581,1,Metinic
10764,2021-05-22T20:51:07Z,8.581,4,Metinic
10765,2021-05-22T20:56:07Z,8.581,5,Metinic
10766,2021-05-22T21:01:07Z,8.581,6,Metinic
10767,2021-05-22T21:06:07Z,8.581,5,Metinic
10768,2021-05-22T21:11:07Z,8.68,6,Metinic
10769,2021-05-22T21:16:07Z,8.68,0,Metinic
10770,2021-05-22T21:21:07Z,8.779,6,Metinic
10771,2021-05-22T21:26:07Z,8.68,1,Metinic
10772,2021-05-22T21:31:07Z,8.581,1,Metinic
10773,2021-05-22T21:36:07Z,8.382000000000001,0,Metinic
10774,2021-05-22T21:41:07Z,8.282,2,Metinic
10775,2021-05-22T21:46:07Z,8.68,2,Metinic
10776,2021-05-22T21:51:07Z,8.978,1,Metinic
10777,2021-05-22T21:56:07Z,8.879000000000001,1,Metinic
10778,2021-05-22T22:01:07Z,8.879000000000001,0,Metinic
10779,2021-05-22T22:06:07Z,8.879000000000001,5,Metinic
10780,2021-05-22T22:11:07Z,8.879000000000001,0,Metinic
10781,2021-05-22T22:16:07Z,8.879000000000001,6,Metinic
10782,2021-05-22T22:21:07Z,8.879000000000001,1,Metinic
10783,2021-05-22T22:26:07Z,8.879000000000001,0,Metinic
10784,2021-05-22T22:31:07Z,8.879000000000001,2,Metinic
10785,2021-05-22T22:36:07Z,8.879000000000001,0,Metinic
10786,2021-05-22T22:41:07Z,8.879000000000001,1,Metinic
10787,2021-05-22T22:46:07Z,8.978,0,Metinic
10788,2021-05-22T22:51:07Z,8.879000000000001,0,Metinic
10789,2021-05-22T22:56:07Z,8.978,0,Metinic
10790,2021-05-22T23:01:07Z,8.978,1,Metinic
10791,2021-05-22T23:06:07Z,8.978,0,Metinic
10792,2021-05-22T23:11:07Z,8.879000000000001,1,Metinic
10793,2021-05-22T23:16:07Z,8.779,1,Metinic
10794,2021-05-22T23:21:07Z,8.779,1,Metinic
10795,2021-05-22T23:26:07Z,8.779,0,Metinic
10796,2021-05-22T23:31:07Z,8.779,0,Metinic
10797,2021-05-22T23:36:07Z,8.779,0,Metinic
10798,2021-05-22T23:41:07Z,8.779,0,Metinic
10799,2021-05-22T23:46:07Z,8.68,0,Metinic
10800,2021-05-22T23:51:07Z,8.68,0,Metinic
10801,2021-05-22T23:56:07Z,8.68,0,Metinic
10802,2021-05-23T00:01:07Z,8.68,0,Metinic
10803,2021-05-23T00:06:07Z,8.68,0,Metinic
10804,2021-05-23T00:11:07Z,8.68,0,Metinic
10805,2021-05-23T00:16:07Z,8.68,0,Metinic
10806,2021-05-23T00:21:07Z,8.68,0,Metinic
10807,2021-05-23T00:26:07Z,8.68,0,Metinic
10808,2021-05-23T00:31:07Z,8.68,0,Metinic
10809,2021-05-23T00:36:07Z,8.68,0,Metinic
10810,2021-05-23T00:41:07Z,8.68,0,Metinic
10811,2021-05-23T00:46:07Z,8.68,0,Metinic
10812,2021-05-23T00:51:07Z,8.68,0,Metinic
10813,2021-05-23T00:56:07Z,8.68,0,Metinic
10814,2021-05-23T01:01:07Z,8.68,0,Metinic
10815,2021-05-23T01:06:07Z,8.68,0,Metinic
10816,2021-05-23T01:11:07Z,8.68,0,Metinic
10817,2021-05-23T01:16:07Z,8.68,0,Metinic
10818,2021-05-23T01:21:07Z,8.581,0,Metinic
10819,2021-05-23T01:26:07Z,8.68,0,Metinic
10820,2021-05-23T01:31:07Z,8.68,0,Metinic
10821,2021-05-23T01:36:07Z,8.68,0,Metinic
10822,2021-05-23T01:41:07Z,8.68,0,Metinic
10823,2021-05-23T01:46:07Z,8.68,0,Metinic
10824,2021-05-23T01:51:07Z,8.68,0,Metinic
10825,2021-05-23T01:56:07Z,8.68,0,Metinic
10826,2021-05-23T02:01:07Z,8.581,0,Metinic
10827,2021-05-23T02:06:07Z,8.581,0,Metinic
10828,2021-05-23T02:11:07Z,8.581,0,Metinic
10829,2021-05-23T02:16:07Z,8.581,0,Metinic
10830,2021-05-23T02:21:07Z,8.581,0,Metinic
10831,2021-05-23T02:26:07Z,8.581,0,Metinic
10832,2021-05-23T02:31:07Z,8.581,0,Metinic
10833,2021-05-23T02:36:07Z,8.68,0,Metinic
10834,2021-05-23T02:41:07Z,8.68,0,Metinic
10835,2021-05-23T02:46:07Z,8.68,0,Metinic
10836,2021-05-23T02:51:07Z,8.68,0,Metinic
10837,2021-05-23T02:56:07Z,8.68,0,Metinic
10838,2021-05-23T03:01:07Z,8.68,0,Metinic
10839,2021-05-23T03:06:07Z,8.68,0,Metinic
10840,2021-05-23T03:11:07Z,8.68,0,Metinic
10841,2021-05-23T03:16:07Z,8.68,0,Metinic
10842,2021-05-23T03:21:07Z,8.581,0,Metinic
10843,2021-05-23T03:26:07Z,8.581,0,Metinic
10844,2021-05-23T03:31:07Z,8.581,0,Metinic
10845,2021-05-23T03:36:07Z,8.581,0,Metinic
10846,2021-05-23T03:41:07Z,8.581,0,Metinic
10847,2021-05-23T03:46:07Z,8.581,0,Metinic
10848,2021-05-23T03:51:07Z,8.581,0,Metinic
10849,2021-05-23T03:56:07Z,8.481,0,Metinic
10850,2021-05-23T04:01:07Z,8.382000000000001,0,Metinic
10851,2021-05-23T04:06:07Z,8.382000000000001,0,Metinic
10852,2021-05-23T04:11:07Z,8.382000000000001,0,Metinic
10853,2021-05-23T04:16:07Z,8.282,0,Metinic
10854,2021-05-23T04:21:07Z,8.282,0,Metinic
10855,2021-05-23T04:26:07Z,8.282,0,Metinic
10856,2021-05-23T04:31:07Z,8.282,0,Metinic
10857,2021-05-23T04:36:07Z,8.282,0,Metinic
10858,2021-05-23T04:41:07Z,8.282,0,Metinic
10859,2021-05-23T04:46:07Z,8.282,0,Metinic
10860,2021-05-23T04:51:07Z,8.282,0,Metinic
10861,2021-05-23T04:56:07Z,8.282,0,Metinic
10862,2021-05-23T05:01:07Z,8.282,0,Metinic
10863,2021-05-23T05:06:07Z,8.282,0,Metinic
10864,2021-05-23T05:11:07Z,8.282,0,Metinic
10865,2021-05-23T05:16:07Z,8.282,0,Metinic
10866,2021-05-23T05:21:07Z,8.282,0,Metinic
10867,2021-05-23T05:26:07Z,8.282,0,Metinic
10868,2021-05-23T05:31:07Z,8.282,0,Metinic
10869,2021-05-23T05:36:07Z,8.282,0,Metinic
10870,2021-05-23T05:41:07Z,8.282,0,Metinic
10871,2021-05-23T05:46:07Z,8.282,0,Metinic
10872,2021-05-23T05:51:07Z,8.282,0,Metinic
10873,2021-05-23T05:56:07Z,8.282,0,Metinic
10874,2021-05-23T06:01:07Z,8.282,0,Metinic
10875,2021-05-23T06:06:07Z,8.282,0,Metinic
10876,2021-05-23T06:11:07Z,8.282,0,Metinic
10877,2021-05-23T06:16:07Z,8.282,0,Metinic
10878,2021-05-23T06:21:07Z,8.182,0,Metinic
10879,2021-05-23T06:26:07Z,8.182,0,Metinic
10880,2021-05-23T06:31:07Z,8.182,0,Metinic
10881,2021-05-23T06:36:07Z,8.182,0,Metinic
10882,2021-05-23T06:41:07Z,8.182,0,Metinic
10883,2021-05-23T06:46:07Z,8.082,0,Metinic
10884,2021-05-23T06:51:07Z,8.182,0,Metinic
10885,2021-05-23T06:56:07Z,8.182,0,Metinic
10886,2021-05-23T07:01:07Z,8.182,0,Metinic
10887,2021-05-23T07:06:07Z,8.182,0,Metinic
10888,2021-05-23T07:11:07Z,8.182,0,Metinic
10889,2021-05-23T07:16:07Z,8.182,0,Metinic
10890,2021-05-23T07:21:07Z,8.182,0,Metinic
10891,2021-05-23T07:26:07Z,8.182,0,Metinic
10892,2021-05-23T07:31:07Z,8.182,0,Metinic
10893,2021-05-23T07:36:07Z,8.182,0,Metinic
10894,2021-05-23T07:41:07Z,8.182,0,Metinic
10895,2021-05-23T07:46:07Z,8.182,0,Metinic
10896,2021-05-23T07:51:07Z,8.182,0,Metinic
10897,2021-05-23T07:56:07Z,8.082,0,Metinic
10898,2021-05-23T08:01:07Z,8.082,0,Metinic
10899,2021-05-23T08:06:07Z,8.082,0,Metinic
10900,2021-05-23T08:11:07Z,8.082,0,Metinic
10901,2021-05-23T08:16:07Z,8.082,0,Metinic
10902,2021-05-23T08:21:07Z,8.082,0,Metinic
10903,2021-05-23T08:26:07Z,8.082,0,Metinic
10904,2021-05-23T08:31:07Z,7.9830000000000005,0,Metinic
10905,2021-05-23T08:36:07Z,7.9830000000000005,0,Metinic
10906,2021-05-23T08:41:07Z,7.9830000000000005,0,Metinic
10907,2021-05-23T08:46:07Z,7.9830000000000005,0,Metinic
10908,2021-05-23T08:51:07Z,7.9830000000000005,0,Metinic
10909,2021-05-23T08:56:07Z,8.082,0,Metinic
10910,2021-05-23T09:01:07Z,8.082,0,Metinic
10911,2021-05-23T09:06:07Z,8.082,0,Metinic
10912,2021-05-23T09:11:07Z,8.082,0,Metinic
10913,2021-05-23T09:16:07Z,8.082,0,Metinic
10914,2021-05-23T09:21:07Z,8.082,0,Metinic
10915,2021-05-23T09:26:07Z,8.082,1,Metinic
10916,2021-05-23T09:31:07Z,8.082,1,Metinic
10917,2021-05-23T09:36:07Z,8.082,0,Metinic
10918,2021-05-23T09:41:07Z,8.082,0,Metinic
10919,2021-05-23T09:46:07Z,8.182,0,Metinic
10920,2021-05-23T09:51:07Z,8.182,0,Metinic
10921,2021-05-23T09:56:07Z,8.182,4,Metinic
10922,2021-05-23T10:01:07Z,8.382000000000001,1,Metinic
10923,2021-05-23T10:06:07Z,8.382000000000001,2,Metinic
10924,2021-05-23T10:11:07Z,8.382000000000001,0,Metinic
10925,2021-05-23T10:16:07Z,8.382000000000001,1,Metinic
10926,2021-05-23T10:21:07Z,8.382000000000001,1,Metinic
10927,2021-05-23T10:26:07Z,8.382000000000001,1,Metinic
10928,2021-05-23T10:31:07Z,8.382000000000001,1,Metinic
10929,2021-05-23T10:36:07Z,8.382000000000001,2,Metinic
10930,2021-05-23T10:41:07Z,8.382000000000001,5,Metinic
10931,2021-05-23T10:46:07Z,8.382000000000001,6,Metinic
10932,2021-05-23T10:51:07Z,8.382000000000001,11,Metinic
10933,2021-05-23T10:56:07Z,8.382000000000001,3,Metinic
10934,2021-05-23T11:01:07Z,8.382000000000001,5,Metinic
10935,2021-05-23T11:06:07Z,8.382000000000001,6,Metinic
10936,2021-05-23T11:11:07Z,8.382000000000001,13,Metinic
10937,2021-05-23T11:16:07Z,8.382000000000001,19,Metinic
10938,2021-05-23T11:21:07Z,8.382000000000001,4,Metinic
10939,2021-05-23T11:26:07Z,8.382000000000001,20,Metinic
10940,2021-05-23T11:31:07Z,8.382000000000001,4,Metinic
10941,2021-05-23T11:36:07Z,8.382000000000001,15,Metinic
10942,2021-05-23T11:41:07Z,8.382000000000001,7,Metinic
10943,2021-05-23T11:46:07Z,8.382000000000001,34,Metinic
10944,2021-05-23T11:51:07Z,8.382000000000001,9,Metinic
10945,2021-05-23T11:56:07Z,8.382000000000001,20,Metinic
10946,2021-05-23T12:01:07Z,8.382000000000001,5,Metinic
10947,2021-05-23T12:06:07Z,8.382000000000001,37,Metinic
10948,2021-05-23T12:11:07Z,8.382000000000001,29,Metinic
10949,2021-05-23T12:16:07Z,8.382000000000001,22,Metinic
10950,2021-05-23T12:21:07Z,8.382000000000001,17,Metinic
10951,2021-05-23T12:26:07Z,8.382000000000001,7,Metinic
10952,2021-05-23T12:31:07Z,8.382000000000001,13,Metinic
10953,2021-05-23T12:36:07Z,8.382000000000001,30,Metinic
10954,2021-05-23T12:41:07Z,8.481,11,Metinic
10955,2021-05-23T12:46:07Z,8.481,5,Metinic
10956,2021-05-23T12:51:07Z,8.481,42,Metinic
10957,2021-05-23T12:56:07Z,8.481,20,Metinic
10958,2021-05-23T13:01:07Z,8.481,84,Metinic
10959,2021-05-23T13:06:07Z,8.481,8,Metinic
10960,2021-05-23T13:11:07Z,8.481,34,Metinic
10961,2021-05-23T13:16:07Z,8.481,38,Metinic
10962,2021-05-23T13:21:07Z,8.581,11,Metinic
10963,2021-05-23T13:26:07Z,8.68,11,Metinic
10964,2021-05-23T13:31:07Z,8.779,30,Metinic
10965,2021-05-23T13:36:07Z,8.779,21,Metinic
10966,2021-05-23T13:41:07Z,8.779,17,Metinic
10967,2021-05-23T13:46:07Z,8.779,14,Metinic
10968,2021-05-23T13:51:07Z,8.779,51,Metinic
10969,2021-05-23T13:56:07Z,8.779,11,Metinic
10970,2021-05-23T14:01:07Z,8.779,15,Metinic
10971,2021-05-23T14:06:07Z,8.779,39,Metinic
10972,2021-05-23T14:11:07Z,8.779,14,Metinic
10973,2021-05-23T14:16:07Z,8.779,7,Metinic
10974,2021-05-23T14:21:07Z,8.779,91,Metinic
10975,2021-05-23T14:26:07Z,8.779,21,Metinic
10976,2021-05-23T14:31:07Z,8.779,15,Metinic
10977,2021-05-23T14:36:07Z,8.779,17,Metinic
10978,2021-05-23T14:41:07Z,8.779,10,Metinic
10979,2021-05-23T14:46:07Z,8.779,9,Metinic
10980,2021-05-23T14:51:07Z,8.779,8,Metinic
10981,2021-05-23T14:56:07Z,8.779,2,Metinic
10982,2021-05-23T15:01:07Z,8.68,12,Metinic
10983,2021-05-23T15:06:07Z,8.68,8,Metinic
10984,2021-05-23T15:11:07Z,8.68,4,Metinic
10985,2021-05-23T15:16:07Z,8.68,36,Metinic
10986,2021-05-23T15:21:07Z,8.779,7,Metinic
10987,2021-05-23T15:26:07Z,8.68,29,Metinic
10988,2021-05-23T15:31:07Z,8.68,10,Metinic
10989,2021-05-23T15:36:07Z,8.779,20,Metinic
10990,2021-05-23T15:41:07Z,8.879000000000001,3,Metinic
10991,2021-05-23T15:46:07Z,8.978,52,Metinic
10992,2021-05-23T15:51:07Z,8.978,168,Metinic
10993,2021-05-23T15:56:07Z,8.879000000000001,40,Metinic
10994,2021-05-23T16:01:07Z,8.779,17,Metinic
10995,2021-05-23T16:06:07Z,8.779,20,Metinic
10996,2021-05-23T16:11:07Z,8.779,30,Metinic
10997,2021-05-23T16:16:07Z,8.779,13,Metinic
10998,2021-05-23T16:21:07Z,8.779,128,Metinic
10999,2021-05-23T16:26:07Z,8.779,136,Metinic
11000,2021-05-23T16:31:07Z,8.68,56,Metinic
11001,2021-05-23T16:36:07Z,8.779,25,Metinic
11002,2021-05-23T16:41:07Z,8.779,93,Metinic
11003,2021-05-23T16:46:07Z,8.779,56,Metinic
11004,2021-05-23T16:51:07Z,8.779,107,Metinic
11005,2021-05-23T16:56:07Z,8.68,28,Metinic
11006,2021-05-23T17:01:07Z,8.68,52,Metinic
11007,2021-05-23T17:06:07Z,8.68,65,Metinic
11008,2021-05-23T17:11:07Z,8.581,63,Metinic
11009,2021-05-23T17:16:07Z,8.481,87,Metinic
11010,2021-05-23T17:21:07Z,8.481,30,Metinic
11011,2021-05-23T17:26:07Z,8.481,1,Metinic
11012,2021-05-23T17:31:07Z,8.382000000000001,2,Metinic
11013,2021-05-23T17:36:07Z,8.282,6,Metinic
11014,2021-05-23T17:41:07Z,8.282,22,Metinic
11015,2021-05-23T17:46:07Z,8.282,36,Metinic
11016,2021-05-23T17:51:07Z,8.282,15,Metinic
11017,2021-05-23T17:56:07Z,8.282,34,Metinic
11018,2021-05-23T18:01:07Z,8.282,16,Metinic
11019,2021-05-23T18:06:07Z,8.282,26,Metinic
11020,2021-05-23T18:11:07Z,8.282,7,Metinic
11021,2021-05-23T18:16:07Z,8.282,116,Metinic
11022,2021-05-23T18:21:07Z,8.282,42,Metinic
11023,2021-05-23T18:26:07Z,8.282,9,Metinic
11024,2021-05-23T18:31:07Z,8.282,4,Metinic
11025,2021-05-23T18:36:07Z,8.282,7,Metinic
11026,2021-05-23T18:41:07Z,8.282,6,Metinic
11027,2021-05-23T18:46:07Z,8.282,25,Metinic
11028,2021-05-23T18:51:07Z,8.282,84,Metinic
11029,2021-05-23T18:56:07Z,8.282,68,Metinic
11030,2021-05-23T19:01:07Z,8.282,61,Metinic
11031,2021-05-23T19:06:07Z,8.382000000000001,39,Metinic
11032,2021-05-23T19:11:07Z,8.282,13,Metinic
11033,2021-05-23T19:16:07Z,8.282,29,Metinic
11034,2021-05-23T19:21:07Z,8.382000000000001,98,Metinic
11035,2021-05-23T19:26:07Z,8.382000000000001,59,Metinic
11036,2021-05-23T19:31:07Z,8.382000000000001,66,Metinic
11037,2021-05-23T19:36:07Z,8.481,15,Metinic
11038,2021-05-23T19:41:07Z,8.481,31,Metinic
11039,2021-05-23T19:46:07Z,8.481,58,Metinic
11040,2021-05-23T19:51:07Z,8.481,63,Metinic
11041,2021-05-23T19:56:07Z,8.481,13,Metinic
11042,2021-05-23T20:01:07Z,8.481,336,Metinic
11043,2021-05-23T20:06:07Z,8.481,91,Metinic
11044,2021-05-23T20:11:07Z,8.282,19,Metinic
11045,2021-05-23T20:16:07Z,8.182,160,Metinic
11046,2021-05-23T20:21:07Z,8.182,71,Metinic
11047,2021-05-23T20:26:07Z,8.182,51,Metinic
11048,2021-05-23T20:31:07Z,8.282,128,Metinic
11049,2021-05-23T20:36:07Z,8.282,66,Metinic
11050,2021-05-23T20:41:07Z,8.182,37,Metinic
11051,2021-05-23T20:46:07Z,8.182,42,Metinic
11052,2021-05-23T20:51:07Z,8.182,37,Metinic
11053,2021-05-23T20:56:07Z,8.182,84,Metinic
11054,2021-05-23T21:01:07Z,8.182,26,Metinic
11055,2021-05-23T21:06:07Z,8.182,144,Metinic
11056,2021-05-23T21:11:07Z,8.282,77,Metinic
11057,2021-05-23T21:16:07Z,8.282,57,Metinic
11058,2021-05-23T21:21:07Z,8.282,19,Metinic
11059,2021-05-23T21:26:07Z,8.282,79,Metinic
11060,2021-05-23T21:31:07Z,8.282,31,Metinic
11061,2021-05-23T21:36:07Z,8.282,22,Metinic
11062,2021-05-23T21:41:07Z,8.282,31,Metinic
11063,2021-05-23T21:46:07Z,8.382000000000001,47,Metinic
11064,2021-05-23T21:51:07Z,8.382000000000001,43,Metinic
11065,2021-05-23T21:56:07Z,8.382000000000001,32,Metinic
11066,2021-05-23T22:01:07Z,8.282,24,Metinic
11067,2021-05-23T22:06:07Z,8.282,53,Metinic
11068,2021-05-23T22:11:07Z,8.182,27,Metinic
11069,2021-05-23T22:16:07Z,8.182,35,Metinic
11070,2021-05-23T22:21:07Z,8.182,36,Metinic
11071,2021-05-23T22:26:07Z,8.182,17,Metinic
11072,2021-05-23T22:31:07Z,8.282,10,Metinic
11073,2021-05-23T22:36:07Z,8.282,17,Metinic
11074,2021-05-23T22:41:07Z,8.382000000000001,11,Metinic
11075,2021-05-23T22:46:07Z,8.382000000000001,3,Metinic
11076,2021-05-23T22:51:07Z,8.382000000000001,10,Metinic
11077,2021-05-23T22:56:07Z,8.282,9,Metinic
11078,2021-05-23T23:01:07Z,8.282,5,Metinic
11079,2021-05-23T23:06:07Z,8.282,6,Metinic
11080,2021-05-23T23:11:07Z,8.282,3,Metinic
11081,2021-05-23T23:16:07Z,8.282,1,Metinic
11082,2021-05-23T23:21:07Z,8.282,1,Metinic
11083,2021-05-23T23:26:07Z,8.182,0,Metinic
11084,2021-05-23T23:31:07Z,8.182,0,Metinic
11085,2021-05-23T23:36:07Z,8.182,0,Metinic
11086,2021-05-23T23:41:07Z,8.082,0,Metinic
11087,2021-05-23T23:46:07Z,8.082,0,Metinic
11088,2021-05-23T23:51:07Z,8.082,0,Metinic
11089,2021-05-23T23:56:07Z,8.182,0,Metinic
11090,2021-05-24T00:01:07Z,8.182,0,Metinic
11091,2021-05-24T00:06:07Z,8.182,0,Metinic
11092,2021-05-24T00:11:07Z,8.282,0,Metinic
11093,2021-05-24T00:16:07Z,8.282,0,Metinic
11094,2021-05-24T00:21:07Z,8.382000000000001,0,Metinic
11095,2021-05-24T00:26:07Z,8.382000000000001,0,Metinic
11096,2021-05-24T00:31:07Z,8.282,0,Metinic
11097,2021-05-24T00:36:07Z,8.282,0,Metinic
11098,2021-05-24T00:41:07Z,8.282,0,Metinic
11099,2021-05-24T00:46:07Z,8.282,0,Metinic
11100,2021-05-24T00:51:07Z,8.282,0,Metinic
11101,2021-05-24T00:56:07Z,8.282,0,Metinic
11102,2021-05-24T01:01:07Z,8.282,0,Metinic
11103,2021-05-24T01:06:07Z,8.282,0,Metinic
11104,2021-05-24T01:11:07Z,8.382000000000001,0,Metinic
11105,2021-05-24T01:16:07Z,8.382000000000001,0,Metinic
11106,2021-05-24T01:21:07Z,8.481,0,Metinic
11107,2021-05-24T01:26:07Z,8.481,0,Metinic
11108,2021-05-24T01:31:07Z,8.382000000000001,0,Metinic
11109,2021-05-24T01:36:07Z,8.481,0,Metinic
11110,2021-05-24T01:41:07Z,8.481,0,Metinic
11111,2021-05-24T01:46:07Z,8.481,0,Metinic
11112,2021-05-24T01:51:07Z,8.481,0,Metinic
11113,2021-05-24T01:56:07Z,8.481,0,Metinic
11114,2021-05-24T02:01:07Z,8.481,0,Metinic
11115,2021-05-24T02:06:07Z,8.581,0,Metinic
11116,2021-05-24T02:11:07Z,8.581,0,Metinic
11117,2021-05-24T02:16:07Z,8.581,0,Metinic
11118,2021-05-24T02:21:07Z,8.68,0,Metinic
11119,2021-05-24T02:26:07Z,8.68,0,Metinic
11120,2021-05-24T02:31:07Z,8.68,0,Metinic
11121,2021-05-24T02:36:07Z,8.68,0,Metinic
11122,2021-05-24T02:41:07Z,8.779,0,Metinic
11123,2021-05-24T02:46:07Z,8.779,0,Metinic
11124,2021-05-24T02:51:07Z,8.779,0,Metinic
11125,2021-05-24T02:56:07Z,8.779,0,Metinic
11126,2021-05-24T03:01:07Z,8.68,0,Metinic
11127,2021-05-24T03:06:07Z,8.581,0,Metinic
11128,2021-05-24T03:11:07Z,8.68,0,Metinic
11129,2021-05-24T03:16:07Z,8.581,0,Metinic
11130,2021-05-24T03:21:07Z,8.779,0,Metinic
11131,2021-05-24T03:26:07Z,8.68,0,Metinic
11132,2021-05-24T03:31:07Z,8.779,0,Metinic
11133,2021-05-24T03:36:07Z,8.779,0,Metinic
11134,2021-05-24T03:41:07Z,8.779,0,Metinic
11135,2021-05-24T03:46:07Z,8.879000000000001,0,Metinic
11136,2021-05-24T03:51:07Z,8.879000000000001,0,Metinic
11137,2021-05-24T03:56:07Z,8.879000000000001,0,Metinic
11138,2021-05-24T04:01:07Z,8.879000000000001,0,Metinic
11139,2021-05-24T04:06:07Z,8.779,0,Metinic
11140,2021-05-24T04:11:07Z,8.779,0,Metinic
11141,2021-05-24T04:16:07Z,8.779,0,Metinic
11142,2021-05-24T04:21:07Z,8.879000000000001,0,Metinic
11143,2021-05-24T04:26:07Z,8.779,0,Metinic
11144,2021-05-24T04:31:07Z,8.879000000000001,0,Metinic
11145,2021-05-24T04:36:07Z,8.879000000000001,0,Metinic
11146,2021-05-24T04:41:07Z,8.879000000000001,0,Metinic
11147,2021-05-24T04:46:07Z,8.879000000000001,0,Metinic
11148,2021-05-24T04:51:07Z,8.978,0,Metinic
11149,2021-05-24T04:56:07Z,8.879000000000001,0,Metinic
11150,2021-05-24T05:01:07Z,8.978,0,Metinic
11151,2021-05-24T05:06:07Z,8.978,0,Metinic
11152,2021-05-24T05:11:07Z,9.077,0,Metinic
11153,2021-05-24T05:16:07Z,9.077,0,Metinic
11154,2021-05-24T05:21:07Z,9.077,0,Metinic
11155,2021-05-24T05:26:07Z,9.176,0,Metinic
11156,2021-05-24T05:31:07Z,9.176,0,Metinic
11157,2021-05-24T05:36:07Z,9.176,0,Metinic
11158,2021-05-24T05:41:07Z,9.176,0,Metinic
11159,2021-05-24T05:46:07Z,9.275,0,Metinic
11160,2021-05-24T05:51:07Z,9.275,0,Metinic
11161,2021-05-24T05:56:07Z,9.275,0,Metinic
11162,2021-05-24T06:01:07Z,9.373000000000001,0,Metinic
11163,2021-05-24T06:06:07Z,9.373000000000001,0,Metinic
11164,2021-05-24T06:11:07Z,9.373000000000001,0,Metinic
11165,2021-05-24T06:16:07Z,9.472000000000001,0,Metinic
11166,2021-05-24T06:21:07Z,9.472000000000001,0,Metinic
11167,2021-05-24T06:26:07Z,9.472000000000001,0,Metinic
11168,2021-05-24T06:31:07Z,9.472000000000001,0,Metinic
11169,2021-05-24T06:36:07Z,9.472000000000001,0,Metinic
11170,2021-05-24T06:41:07Z,9.472000000000001,0,Metinic
11171,2021-05-24T06:46:07Z,9.472000000000001,0,Metinic
11172,2021-05-24T06:51:07Z,9.472000000000001,0,Metinic
11173,2021-05-24T06:56:07Z,9.373000000000001,0,Metinic
11174,2021-05-24T07:01:07Z,9.373000000000001,0,Metinic
11175,2021-05-24T07:06:07Z,9.373000000000001,0,Metinic
11176,2021-05-24T07:11:07Z,9.472000000000001,0,Metinic
11177,2021-05-24T07:16:07Z,9.472000000000001,0,Metinic
11178,2021-05-24T07:21:07Z,9.472000000000001,0,Metinic
11179,2021-05-24T07:26:07Z,9.472000000000001,0,Metinic
11180,2021-05-24T07:31:07Z,9.472000000000001,0,Metinic
11181,2021-05-24T07:36:07Z,9.571,0,Metinic
11182,2021-05-24T07:41:07Z,9.571,0,Metinic
11183,2021-05-24T07:46:07Z,9.571,0,Metinic
11184,2021-05-24T07:51:07Z,9.571,0,Metinic
11185,2021-05-24T07:56:07Z,9.472000000000001,0,Metinic
11186,2021-05-24T08:01:07Z,9.472000000000001,0,Metinic
11187,2021-05-24T08:06:07Z,9.472000000000001,0,Metinic
11188,2021-05-24T08:11:07Z,9.472000000000001,0,Metinic
11189,2021-05-24T08:16:07Z,9.472000000000001,0,Metinic
11190,2021-05-24T08:21:07Z,9.472000000000001,0,Metinic
11191,2021-05-24T08:26:07Z,9.472000000000001,0,Metinic
11192,2021-05-24T08:31:07Z,9.373000000000001,0,Metinic
11193,2021-05-24T08:36:07Z,9.373000000000001,0,Metinic
11194,2021-05-24T08:41:07Z,9.373000000000001,0,Metinic
11195,2021-05-24T08:46:07Z,9.373000000000001,0,Metinic
11196,2021-05-24T08:51:07Z,9.373000000000001,0,Metinic
11197,2021-05-24T08:56:07Z,9.373000000000001,0,Metinic
11198,2021-05-24T09:01:07Z,9.373000000000001,0,Metinic
11199,2021-05-24T09:06:07Z,9.373000000000001,1,Metinic
11200,2021-05-24T09:11:07Z,9.472000000000001,0,Metinic
11201,2021-05-24T09:16:07Z,9.472000000000001,2,Metinic
11202,2021-05-24T09:21:07Z,9.472000000000001,3,Metinic
11203,2021-05-24T09:26:07Z,9.472000000000001,2,Metinic
11204,2021-05-24T09:31:07Z,9.472000000000001,3,Metinic
11205,2021-05-24T09:36:07Z,9.472000000000001,2,Metinic
11206,2021-05-24T09:41:07Z,9.472000000000001,5,Metinic
11207,2021-05-24T09:46:07Z,9.571,5,Metinic
11208,2021-05-24T09:51:07Z,9.571,7,Metinic
11209,2021-05-24T09:56:07Z,9.571,12,Metinic
11210,2021-05-24T10:01:07Z,9.571,4,Metinic
11211,2021-05-24T10:06:07Z,9.571,5,Metinic
11212,2021-05-24T10:11:07Z,9.571,6,Metinic
11213,2021-05-24T10:16:07Z,9.669,7,Metinic
11214,2021-05-24T10:21:07Z,9.669,3,Metinic
11215,2021-05-24T10:26:07Z,9.669,8,Metinic
11216,2021-05-24T10:31:07Z,9.767999999999999,13,Metinic
11217,2021-05-24T10:36:07Z,9.767999999999999,8,Metinic
11218,2021-05-24T10:41:07Z,9.767999999999999,13,Metinic
11219,2021-05-24T10:46:07Z,9.767999999999999,8,Metinic
11220,2021-05-24T10:51:07Z,9.767999999999999,11,Metinic
11221,2021-05-24T10:56:07Z,9.767999999999999,10,Metinic
11222,2021-05-24T11:01:07Z,9.767999999999999,9,Metinic
11223,2021-05-24T11:06:07Z,9.767999999999999,13,Metinic
11224,2021-05-24T11:11:07Z,9.767999999999999,15,Metinic
11225,2021-05-24T11:16:07Z,9.767999999999999,12,Metinic
11226,2021-05-24T11:21:07Z,9.767999999999999,9,Metinic
11227,2021-05-24T11:26:07Z,9.767999999999999,14,Metinic
11228,2021-05-24T11:31:07Z,9.767999999999999,12,Metinic
11229,2021-05-24T11:36:07Z,9.767999999999999,11,Metinic
11230,2021-05-24T11:41:07Z,9.767999999999999,14,Metinic
11231,2021-05-24T11:46:07Z,9.767999999999999,16,Metinic
11232,2021-05-24T11:51:07Z,9.767999999999999,15,Metinic
11233,2021-05-24T11:56:07Z,9.767999999999999,17,Metinic
11234,2021-05-24T12:01:07Z,9.767999999999999,14,Metinic
11235,2021-05-24T12:06:07Z,9.767999999999999,20,Metinic
11236,2021-05-24T12:11:07Z,9.767999999999999,20,Metinic
11237,2021-05-24T12:16:07Z,9.767999999999999,15,Metinic
11238,2021-05-24T12:21:07Z,9.767999999999999,12,Metinic
11239,2021-05-24T12:26:07Z,9.767999999999999,19,Metinic
11240,2021-05-24T12:31:07Z,9.767999999999999,23,Metinic
11241,2021-05-24T12:36:07Z,9.767999999999999,19,Metinic
11242,2021-05-24T12:41:07Z,9.866000000000001,22,Metinic
11243,2021-05-24T12:46:07Z,9.866000000000001,24,Metinic
11244,2021-05-24T12:51:07Z,9.965000000000002,21,Metinic
11245,2021-05-24T12:56:07Z,9.965000000000002,36,Metinic
11246,2021-05-24T13:01:07Z,9.866000000000001,29,Metinic
11247,2021-05-24T13:06:07Z,9.866000000000001,23,Metinic
11248,2021-05-24T13:11:07Z,9.866000000000001,12,Metinic
11249,2021-05-24T13:16:07Z,9.866000000000001,26,Metinic
11250,2021-05-24T13:21:07Z,9.866000000000001,29,Metinic
11251,2021-05-24T13:26:07Z,9.866000000000001,35,Metinic
11252,2021-05-24T13:31:07Z,9.767999999999999,30,Metinic
11253,2021-05-24T13:36:07Z,9.767999999999999,24,Metinic
11254,2021-05-24T13:41:07Z,9.767999999999999,31,Metinic
11255,2021-05-24T13:46:07Z,9.767999999999999,35,Metinic
11256,2021-05-24T13:51:07Z,9.866000000000001,37,Metinic
11257,2021-05-24T13:56:07Z,9.866000000000001,37,Metinic
11258,2021-05-24T14:01:07Z,9.965000000000002,23,Metinic
11259,2021-05-24T14:06:07Z,10.063,74,Metinic
11260,2021-05-24T14:11:07Z,10.063,22,Metinic
11261,2021-05-24T14:16:07Z,10.063,38,Metinic
11262,2021-05-24T14:21:07Z,10.161,41,Metinic
11263,2021-05-24T14:26:07Z,10.063,47,Metinic
11264,2021-05-24T14:31:07Z,10.161,34,Metinic
11265,2021-05-24T14:36:07Z,10.161,48,Metinic
11266,2021-05-24T14:41:07Z,10.161,61,Metinic
11267,2021-05-24T14:46:07Z,10.161,26,Metinic
11268,2021-05-24T14:51:07Z,10.161,88,Metinic
11269,2021-05-24T14:56:07Z,10.161,50,Metinic
11270,2021-05-24T15:01:07Z,10.259,34,Metinic
11271,2021-05-24T15:06:07Z,10.259,91,Metinic
11272,2021-05-24T15:11:07Z,10.259,35,Metinic
11273,2021-05-24T15:16:07Z,10.259,70,Metinic
11274,2021-05-24T15:21:07Z,10.259,65,Metinic
11275,2021-05-24T15:26:07Z,10.259,20,Metinic
11276,2021-05-24T15:31:07Z,10.259,85,Metinic
11277,2021-05-24T15:36:07Z,10.259,76,Metinic
11278,2021-05-24T15:41:07Z,10.161,59,Metinic
11279,2021-05-24T15:46:07Z,10.063,98,Metinic
11280,2021-05-24T15:51:07Z,9.965000000000002,63,Metinic
11281,2021-05-24T15:56:07Z,9.866000000000001,152,Metinic
11282,2021-05-24T16:01:07Z,9.866000000000001,160,Metinic
11283,2021-05-24T16:06:07Z,9.866000000000001,34,Metinic
11284,2021-05-24T16:11:07Z,9.767999999999999,33,Metinic
11285,2021-05-24T16:16:07Z,9.767999999999999,78,Metinic
11286,2021-05-24T16:21:07Z,9.669,80,Metinic
11287,2021-05-24T16:26:07Z,9.767999999999999,24,Metinic
11288,2021-05-24T16:31:07Z,9.669,54,Metinic
11289,2021-05-24T16:36:07Z,9.767999999999999,33,Metinic
11290,2021-05-24T16:41:07Z,9.767999999999999,152,Metinic
11291,2021-05-24T16:46:07Z,9.866000000000001,128,Metinic
11292,2021-05-24T16:51:07Z,9.866000000000001,128,Metinic
11293,2021-05-24T16:56:07Z,9.965000000000002,54,Metinic
11294,2021-05-24T17:01:07Z,9.965000000000002,128,Metinic
11295,2021-05-24T17:06:07Z,9.965000000000002,109,Metinic
11296,2021-05-24T17:11:07Z,9.866000000000001,152,Metinic
11297,2021-05-24T17:16:07Z,9.767999999999999,87,Metinic
11298,2021-05-24T17:21:07Z,9.767999999999999,248,Metinic
11299,2021-05-24T17:26:07Z,9.767999999999999,160,Metinic
11300,2021-05-24T17:31:07Z,9.669,200,Metinic
11301,2021-05-24T17:36:07Z,9.669,288,Metinic
11302,2021-05-24T17:41:07Z,9.571,176,Metinic
11303,2021-05-24T17:46:07Z,9.669,192,Metinic
11304,2021-05-24T17:51:07Z,9.866000000000001,272,Metinic
11305,2021-05-24T17:56:07Z,10.161,272,Metinic
11306,2021-05-24T18:01:07Z,10.455000000000002,51,Metinic
11307,2021-05-24T18:06:07Z,10.651,128,Metinic
11308,2021-05-24T18:11:07Z,10.747999999999998,240,Metinic
11309,2021-05-24T18:16:07Z,10.747999999999998,176,Metinic
11310,2021-05-24T18:21:07Z,10.846,74,Metinic
11311,2021-05-24T18:26:07Z,10.846,84,Metinic
11312,2021-05-24T18:31:07Z,10.846,768,Metinic
11313,2021-05-24T18:36:07Z,10.846,448,Metinic
11314,2021-05-24T18:41:07Z,10.943999999999999,272,Metinic
11315,2021-05-24T18:46:07Z,10.943999999999999,224,Metinic
11316,2021-05-24T18:51:07Z,11.040999999999999,464,Metinic
11317,2021-05-24T18:56:07Z,11.040999999999999,53,Metinic
11318,2021-05-24T19:01:07Z,11.040999999999999,464,Metinic
11319,2021-05-24T19:06:07Z,11.040999999999999,78,Metinic
11320,2021-05-24T19:11:07Z,11.040999999999999,512,Metinic
11321,2021-05-24T19:16:07Z,11.040999999999999,384,Metinic
11322,2021-05-24T19:21:07Z,11.139,63,Metinic
11323,2021-05-24T19:26:07Z,11.139,38,Metinic
11324,2021-05-24T19:31:07Z,11.139,59,Metinic
11325,2021-05-24T19:36:07Z,11.235999999999999,192,Metinic
11326,2021-05-24T19:41:07Z,11.235999999999999,800,Metinic
11327,2021-05-24T19:46:07Z,11.235999999999999,448,Metinic
11328,2021-05-24T19:51:07Z,11.235999999999999,43,Metinic
11329,2021-05-24T19:56:07Z,11.235999999999999,45,Metinic
11330,2021-05-24T20:01:07Z,11.235999999999999,168,Metinic
11331,2021-05-24T20:06:07Z,11.139,224,Metinic
11332,2021-05-24T20:11:07Z,11.139,352,Metinic
11333,2021-05-24T20:16:07Z,11.235999999999999,34,Metinic
11334,2021-05-24T20:21:07Z,11.235999999999999,116,Metinic
11335,2021-05-24T20:26:07Z,11.235999999999999,28,Metinic
11336,2021-05-24T20:31:07Z,11.235999999999999,128,Metinic
11337,2021-05-24T20:36:07Z,11.235999999999999,109,Metinic
11338,2021-05-24T20:41:07Z,11.139,160,Metinic
11339,2021-05-24T20:46:07Z,11.040999999999999,46,Metinic
11340,2021-05-24T20:51:07Z,10.943999999999999,136,Metinic
11341,2021-05-24T20:56:07Z,10.943999999999999,352,Metinic
11342,2021-05-24T21:01:07Z,10.943999999999999,128,Metinic
11343,2021-05-24T21:06:07Z,10.846,19,Metinic
11344,2021-05-24T21:11:07Z,10.651,128,Metinic
11345,2021-05-24T21:16:07Z,10.357000000000001,22,Metinic
11346,2021-05-24T21:21:07Z,10.259,53,Metinic
11347,2021-05-24T21:26:07Z,10.259,160,Metinic
11348,2021-05-24T21:31:07Z,10.357000000000001,128,Metinic
11349,2021-05-24T21:36:07Z,10.357000000000001,69,Metinic
11350,2021-05-24T21:41:07Z,10.455000000000002,84,Metinic
11351,2021-05-24T21:46:07Z,10.553,55,Metinic
11352,2021-05-24T21:51:07Z,10.651,128,Metinic
11353,2021-05-24T21:56:07Z,10.651,48,Metinic
11354,2021-05-24T22:01:07Z,10.747999999999998,19,Metinic
11355,2021-05-24T22:06:07Z,10.161,80,Metinic
11356,2021-05-24T22:11:07Z,10.259,70,Metinic
11357,2021-05-24T22:16:07Z,10.259,16,Metinic
11358,2021-05-24T22:21:07Z,10.259,25,Metinic
11359,2021-05-24T22:26:07Z,10.161,24,Metinic
11360,2021-05-24T22:31:07Z,10.161,23,Metinic
11361,2021-05-24T22:36:07Z,10.259,10,Metinic
11362,2021-05-24T22:41:07Z,10.455000000000002,33,Metinic
11363,2021-05-24T22:46:07Z,10.651,19,Metinic
11364,2021-05-24T22:51:07Z,10.747999999999998,22,Metinic
11365,2021-05-24T22:56:07Z,10.747999999999998,19,Metinic
11366,2021-05-24T23:01:07Z,10.747999999999998,14,Metinic
11367,2021-05-24T23:06:07Z,10.747999999999998,19,Metinic
11368,2021-05-24T23:11:07Z,10.747999999999998,9,Metinic
11369,2021-05-24T23:16:07Z,10.747999999999998,5,Metinic
11370,2021-05-24T23:21:07Z,10.747999999999998,4,Metinic
11371,2021-05-24T23:26:07Z,10.747999999999998,0,Metinic
11372,2021-05-24T23:31:07Z,10.846,3,Metinic
11373,2021-05-24T23:36:07Z,10.846,1,Metinic
11374,2021-05-24T23:41:07Z,10.846,1,Metinic
11375,2021-05-24T23:46:07Z,10.846,1,Metinic
11376,2021-05-24T23:51:07Z,10.846,0,Metinic
11377,2021-05-24T23:56:07Z,10.846,0,Metinic
11378,2021-05-25T00:01:07Z,10.846,0,Metinic
11379,2021-05-25T00:06:07Z,10.846,0,Metinic
11380,2021-05-25T00:11:07Z,10.553,0,Metinic
11381,2021-05-25T00:16:07Z,10.455000000000002,0,Metinic
11382,2021-05-25T00:21:07Z,10.455000000000002,0,Metinic
11383,2021-05-25T00:26:07Z,10.455000000000002,0,Metinic
11384,2021-05-25T00:31:07Z,10.455000000000002,0,Metinic
11385,2021-05-25T00:36:07Z,10.455000000000002,0,Metinic
11386,2021-05-25T00:41:07Z,10.259,0,Metinic
11387,2021-05-25T00:46:07Z,10.259,0,Metinic
11388,2021-05-25T00:51:07Z,10.259,0,Metinic
11389,2021-05-25T00:56:07Z,10.161,0,Metinic
11390,2021-05-25T01:01:07Z,10.161,0,Metinic
11391,2021-05-25T01:06:07Z,10.063,0,Metinic
11392,2021-05-25T01:11:07Z,10.063,0,Metinic
11393,2021-05-25T01:16:07Z,10.063,0,Metinic
11394,2021-05-25T01:21:07Z,10.063,0,Metinic
11395,2021-05-25T01:26:07Z,10.063,0,Metinic
11396,2021-05-25T01:31:07Z,10.063,0,Metinic
11397,2021-05-25T01:36:07Z,10.063,0,Metinic
11398,2021-05-25T01:41:07Z,10.063,0,Metinic
11399,2021-05-25T01:46:07Z,10.063,0,Metinic
11400,2021-05-25T01:51:07Z,10.161,0,Metinic
11401,2021-05-25T01:56:07Z,10.063,0,Metinic
11402,2021-05-25T02:01:07Z,10.161,0,Metinic
11403,2021-05-25T02:06:07Z,10.063,0,Metinic
11404,2021-05-25T02:11:07Z,10.063,0,Metinic
11405,2021-05-25T02:16:07Z,10.063,0,Metinic
11406,2021-05-25T02:21:07Z,9.965000000000002,0,Metinic
11407,2021-05-25T02:26:07Z,9.965000000000002,0,Metinic
11408,2021-05-25T02:31:07Z,9.965000000000002,0,Metinic
11409,2021-05-25T02:36:07Z,9.965000000000002,0,Metinic
11410,2021-05-25T02:41:07Z,9.866000000000001,0,Metinic
11411,2021-05-25T02:46:07Z,9.866000000000001,0,Metinic
11412,2021-05-25T02:51:07Z,9.866000000000001,0,Metinic
11413,2021-05-25T02:56:07Z,9.965000000000002,0,Metinic
11414,2021-05-25T03:01:07Z,9.965000000000002,0,Metinic
11415,2021-05-25T03:06:07Z,9.965000000000002,0,Metinic
11416,2021-05-25T03:11:07Z,10.063,0,Metinic
11417,2021-05-25T03:16:07Z,9.866000000000001,0,Metinic
11418,2021-05-25T03:21:07Z,9.866000000000001,0,Metinic
11419,2021-05-25T03:26:07Z,9.866000000000001,0,Metinic
11420,2021-05-25T03:31:07Z,9.767999999999999,0,Metinic
11421,2021-05-25T03:36:07Z,9.767999999999999,0,Metinic
11422,2021-05-25T03:41:07Z,9.767999999999999,0,Metinic
11423,2021-05-25T03:46:07Z,9.767999999999999,0,Metinic
11424,2021-05-25T03:51:07Z,9.767999999999999,0,Metinic
11425,2021-05-25T03:56:07Z,9.767999999999999,0,Metinic
11426,2021-05-25T04:01:07Z,9.767999999999999,0,Metinic
11427,2021-05-25T04:06:07Z,9.866000000000001,0,Metinic
11428,2021-05-25T04:11:07Z,9.866000000000001,0,Metinic
11429,2021-05-25T04:16:07Z,9.767999999999999,0,Metinic
11430,2021-05-25T04:21:07Z,9.472000000000001,0,Metinic
11431,2021-05-25T04:26:07Z,9.472000000000001,0,Metinic
11432,2021-05-25T04:31:07Z,9.373000000000001,0,Metinic
11433,2021-05-25T04:36:07Z,9.275,0,Metinic
11434,2021-05-25T04:41:07Z,9.275,0,Metinic
11435,2021-05-25T04:46:07Z,9.275,0,Metinic
11436,2021-05-25T04:51:07Z,9.373000000000001,0,Metinic
11437,2021-05-25T04:56:07Z,9.571,0,Metinic
11438,2021-05-25T05:01:07Z,9.669,0,Metinic
11439,2021-05-25T05:06:07Z,9.866000000000001,0,Metinic
11440,2021-05-25T05:11:07Z,9.866000000000001,0,Metinic
11441,2021-05-25T05:16:07Z,9.965000000000002,0,Metinic
11442,2021-05-25T05:21:07Z,9.965000000000002,0,Metinic
11443,2021-05-25T05:26:07Z,9.965000000000002,0,Metinic
11444,2021-05-25T05:31:07Z,9.866000000000001,0,Metinic
11445,2021-05-25T05:36:07Z,9.866000000000001,0,Metinic
11446,2021-05-25T05:41:07Z,9.866000000000001,0,Metinic
11447,2021-05-25T05:46:07Z,9.866000000000001,0,Metinic
11448,2021-05-25T05:51:07Z,9.866000000000001,0,Metinic
11449,2021-05-25T05:56:07Z,9.866000000000001,0,Metinic
11450,2021-05-25T06:01:07Z,9.965000000000002,0,Metinic
11451,2021-05-25T06:06:07Z,9.965000000000002,0,Metinic
11452,2021-05-25T06:11:07Z,9.965000000000002,0,Metinic
11453,2021-05-25T06:16:07Z,9.965000000000002,0,Metinic
11454,2021-05-25T06:21:07Z,9.965000000000002,0,Metinic
11455,2021-05-25T06:26:07Z,9.965000000000002,0,Metinic
11456,2021-05-25T06:31:07Z,9.965000000000002,0,Metinic
11457,2021-05-25T06:36:07Z,9.669,0,Metinic
11458,2021-05-25T06:41:07Z,9.571,0,Metinic
11459,2021-05-25T06:46:07Z,9.472000000000001,0,Metinic
11460,2021-05-25T06:51:07Z,9.373000000000001,0,Metinic
11461,2021-05-25T06:56:07Z,9.373000000000001,0,Metinic
11462,2021-05-25T07:01:07Z,9.472000000000001,0,Metinic
11463,2021-05-25T07:06:07Z,9.571,0,Metinic
11464,2021-05-25T07:11:07Z,9.571,0,Metinic
11465,2021-05-25T07:16:07Z,9.669,0,Metinic
11466,2021-05-25T07:21:07Z,9.669,0,Metinic
11467,2021-05-25T07:26:07Z,9.472000000000001,0,Metinic
11468,2021-05-25T07:31:07Z,9.373000000000001,0,Metinic
11469,2021-05-25T07:36:07Z,9.176,0,Metinic
11470,2021-05-25T07:41:07Z,9.176,0,Metinic
11471,2021-05-25T07:46:07Z,9.176,0,Metinic
11472,2021-05-25T07:51:07Z,9.077,0,Metinic
11473,2021-05-25T07:56:07Z,9.077,0,Metinic
11474,2021-05-25T08:01:07Z,9.077,0,Metinic
11475,2021-05-25T08:06:07Z,8.978,0,Metinic
11476,2021-05-25T08:11:07Z,8.978,0,Metinic
11477,2021-05-25T08:16:07Z,8.978,0,Metinic
11478,2021-05-25T08:21:07Z,8.978,0,Metinic
11479,2021-05-25T08:26:07Z,8.978,0,Metinic
11480,2021-05-25T08:31:07Z,8.978,0,Metinic
11481,2021-05-25T08:36:07Z,8.879000000000001,0,Metinic
11482,2021-05-25T08:41:07Z,8.779,0,Metinic
11483,2021-05-25T08:46:07Z,8.68,0,Metinic
11484,2021-05-25T08:51:07Z,8.581,0,Metinic
11485,2021-05-25T08:56:07Z,8.581,0,Metinic
11486,2021-05-25T09:01:07Z,8.581,0,Metinic
11487,2021-05-25T09:06:07Z,8.68,0,Metinic
11488,2021-05-25T09:11:07Z,8.779,0,Metinic
11489,2021-05-25T09:16:07Z,8.779,2,Metinic
11490,2021-05-25T09:21:07Z,8.879000000000001,1,Metinic
11491,2021-05-25T09:26:07Z,8.879000000000001,1,Metinic
11492,2021-05-25T09:31:07Z,8.879000000000001,7,Metinic
11493,2021-05-25T09:36:07Z,8.978,2,Metinic
11494,2021-05-25T09:41:07Z,8.978,4,Metinic
11495,2021-05-25T09:46:07Z,8.978,4,Metinic
11496,2021-05-25T09:51:07Z,8.978,17,Metinic
11497,2021-05-25T09:56:07Z,9.077,25,Metinic
11498,2021-05-25T10:01:07Z,9.077,15,Metinic
11499,2021-05-25T10:06:07Z,9.077,8,Metinic
11500,2021-05-25T10:11:07Z,9.077,5,Metinic
11501,2021-05-25T10:16:07Z,8.978,8,Metinic
11502,2021-05-25T10:21:07Z,8.978,18,Metinic
11503,2021-05-25T10:26:07Z,8.978,25,Metinic
11504,2021-05-25T10:31:07Z,8.978,6,Metinic
11505,2021-05-25T10:36:07Z,8.978,5,Metinic
11506,2021-05-25T10:41:07Z,8.978,4,Metinic
11507,2021-05-25T10:46:07Z,8.879000000000001,14,Metinic
11508,2021-05-25T10:51:07Z,8.779,7,Metinic
11509,2021-05-25T10:56:07Z,8.68,16,Metinic
11510,2021-05-25T11:01:07Z,8.68,26,Metinic
11511,2021-05-25T11:06:07Z,8.581,13,Metinic
11512,2021-05-25T11:11:07Z,8.581,12,Metinic
11513,2021-05-25T11:16:07Z,8.581,26,Metinic
11514,2021-05-25T11:21:07Z,8.581,18,Metinic
11515,2021-05-25T11:26:07Z,8.581,6,Metinic
11516,2021-05-25T11:31:07Z,8.581,24,Metinic
11517,2021-05-25T11:36:07Z,8.581,12,Metinic
11518,2021-05-25T11:41:07Z,8.581,21,Metinic
11519,2021-05-25T11:46:07Z,8.581,30,Metinic
11520,2021-05-25T11:51:07Z,8.68,18,Metinic
11521,2021-05-25T11:56:07Z,8.68,9,Metinic
11522,2021-05-25T12:01:07Z,8.68,42,Metinic
11523,2021-05-25T12:06:07Z,8.68,24,Metinic
11524,2021-05-25T12:11:07Z,8.68,16,Metinic
11525,2021-05-25T12:16:07Z,8.68,17,Metinic
11526,2021-05-25T12:21:07Z,8.581,12,Metinic
11527,2021-05-25T12:26:07Z,8.68,23,Metinic
11528,2021-05-25T12:31:07Z,8.779,46,Metinic
11529,2021-05-25T12:36:07Z,8.779,27,Metinic
11530,2021-05-25T12:41:07Z,8.879000000000001,17,Metinic
11531,2021-05-25T12:46:07Z,8.779,12,Metinic
11532,2021-05-25T12:51:07Z,8.879000000000001,40,Metinic
11533,2021-05-25T12:56:07Z,8.879000000000001,44,Metinic
11534,2021-05-25T13:01:07Z,8.978,7,Metinic
11535,2021-05-25T13:06:07Z,8.978,26,Metinic
11536,2021-05-25T13:11:07Z,8.978,24,Metinic
11537,2021-05-25T13:16:07Z,8.978,35,Metinic
11538,2021-05-25T13:21:07Z,8.978,32,Metinic
11539,2021-05-25T13:26:07Z,8.978,36,Metinic
11540,2021-05-25T13:31:07Z,8.978,47,Metinic
11541,2021-05-25T13:36:07Z,8.978,26,Metinic
11542,2021-05-25T13:41:07Z,8.978,36,Metinic
11543,2021-05-25T13:46:07Z,8.978,27,Metinic
11544,2021-05-25T13:51:07Z,8.978,25,Metinic
11545,2021-05-25T13:56:07Z,8.978,31,Metinic
11546,2021-05-25T14:01:07Z,8.978,38,Metinic
11547,2021-05-25T14:06:07Z,8.879000000000001,26,Metinic
11548,2021-05-25T14:11:07Z,8.879000000000001,40,Metinic
11549,2021-05-25T14:16:07Z,8.879000000000001,20,Metinic
11550,2021-05-25T14:21:07Z,8.879000000000001,59,Metinic
11551,2021-05-25T14:26:07Z,8.879000000000001,80,Metinic
11552,2021-05-25T14:31:07Z,8.978,28,Metinic
11553,2021-05-25T14:36:07Z,8.978,27,Metinic
11554,2021-05-25T14:41:07Z,8.978,55,Metinic
11555,2021-05-25T14:46:07Z,9.077,15,Metinic
11556,2021-05-25T14:51:07Z,9.176,96,Metinic
11557,2021-05-25T14:56:07Z,9.176,73,Metinic
11558,2021-05-25T15:01:07Z,9.176,35,Metinic
11559,2021-05-25T15:06:07Z,9.275,43,Metinic
11560,2021-05-25T15:11:07Z,9.275,45,Metinic
11561,2021-05-25T15:16:07Z,9.275,77,Metinic
11562,2021-05-25T15:21:07Z,9.275,56,Metinic
11563,2021-05-25T15:26:07Z,9.373000000000001,20,Metinic
11564,2021-05-25T15:31:07Z,9.373000000000001,42,Metinic
11565,2021-05-25T15:36:07Z,9.373000000000001,34,Metinic
11566,2021-05-25T15:41:07Z,9.472000000000001,65,Metinic
11567,2021-05-25T15:46:07Z,9.472000000000001,47,Metinic
11568,2021-05-25T15:51:07Z,9.472000000000001,54,Metinic
11569,2021-05-25T15:56:07Z,9.571,160,Metinic
11570,2021-05-25T16:01:07Z,9.472000000000001,62,Metinic
11571,2021-05-25T16:06:07Z,9.571,61,Metinic
11572,2021-05-25T16:11:07Z,9.571,63,Metinic
11573,2021-05-25T16:16:07Z,9.571,53,Metinic
11574,2021-05-25T16:21:07Z,9.571,82,Metinic
11575,2021-05-25T16:26:07Z,9.571,168,Metinic
11576,2021-05-25T16:31:07Z,9.571,61,Metinic
11577,2021-05-25T16:36:07Z,9.571,55,Metinic
11578,2021-05-25T16:41:07Z,9.571,192,Metinic
11579,2021-05-25T16:46:07Z,9.571,48,Metinic
11580,2021-05-25T16:51:07Z,9.472000000000001,109,Metinic
11581,2021-05-25T16:56:07Z,9.472000000000001,53,Metinic
11582,2021-05-25T17:01:07Z,9.472000000000001,96,Metinic
11583,2021-05-25T17:06:07Z,9.571,200,Metinic
11584,2021-05-25T17:11:07Z,9.571,69,Metinic
11585,2021-05-25T17:16:07Z,9.571,57,Metinic
11586,2021-05-25T17:21:07Z,9.571,57,Metinic
11587,2021-05-25T17:26:07Z,9.571,240,Metinic
11588,2021-05-25T17:31:07Z,9.571,136,Metinic
11589,2021-05-25T17:36:07Z,9.571,128,Metinic
11590,2021-05-25T17:41:07Z,9.571,29,Metinic
11591,2021-05-25T17:46:07Z,9.571,152,Metinic
11592,2021-05-25T17:51:07Z,9.571,62,Metinic
11593,2021-05-25T17:56:07Z,9.472000000000001,123,Metinic
11594,2021-05-25T18:01:07Z,9.373000000000001,304,Metinic
11595,2021-05-25T18:06:07Z,9.275,118,Metinic
11596,2021-05-25T18:11:07Z,9.275,200,Metinic
11597,2021-05-25T18:16:07Z,9.275,76,Metinic
11598,2021-05-25T18:21:07Z,9.373000000000001,77,Metinic
11599,2021-05-25T18:26:07Z,9.373000000000001,77,Metinic
11600,2021-05-25T18:31:07Z,9.472000000000001,368,Metinic
11601,2021-05-25T18:36:07Z,9.571,122,Metinic
11602,2021-05-25T18:41:07Z,9.571,26,Metinic
11603,2021-05-25T18:46:07Z,9.472000000000001,24,Metinic
11604,2021-05-25T18:51:07Z,9.571,49,Metinic
11605,2021-05-25T18:56:07Z,9.571,248,Metinic
11606,2021-05-25T19:01:07Z,9.571,208,Metinic
11607,2021-05-25T19:06:07Z,9.571,74,Metinic
11608,2021-05-25T19:11:07Z,9.472000000000001,32,Metinic
11609,2021-05-25T19:16:07Z,9.373000000000001,400,Metinic
11610,2021-05-25T19:21:07Z,9.373000000000001,94,Metinic
11611,2021-05-25T19:26:07Z,9.275,216,Metinic
11612,2021-05-25T19:31:07Z,9.176,42,Metinic
11613,2021-05-25T19:36:07Z,9.077,416,Metinic
11614,2021-05-25T19:41:07Z,9.077,304,Metinic
11615,2021-05-25T19:46:07Z,8.978,416,Metinic
11616,2021-05-25T19:51:07Z,8.978,136,Metinic
11617,2021-05-25T19:56:07Z,8.978,416,Metinic
11618,2021-05-25T20:01:07Z,8.978,93,Metinic
11619,2021-05-25T20:06:07Z,8.978,102,Metinic
11620,2021-05-25T20:11:07Z,8.978,608,Metinic
11621,2021-05-25T20:16:07Z,8.978,240,Metinic
11622,2021-05-25T20:21:07Z,8.978,272,Metinic
11623,2021-05-25T20:26:07Z,8.978,256,Metinic
11624,2021-05-25T20:31:07Z,8.978,27,Metinic
11625,2021-05-25T20:36:07Z,8.978,384,Metinic
11626,2021-05-25T20:41:07Z,8.978,124,Metinic
11627,2021-05-25T20:46:07Z,8.978,89,Metinic
11628,2021-05-25T20:51:07Z,8.978,70,Metinic
11629,2021-05-25T20:56:07Z,9.077,256,Metinic
11630,2021-05-25T21:01:07Z,9.077,31,Metinic
11631,2021-05-25T21:06:07Z,9.077,118,Metinic
11632,2021-05-25T21:11:07Z,8.978,94,Metinic
11633,2021-05-25T21:16:07Z,8.978,184,Metinic
11634,2021-05-25T21:21:07Z,8.879000000000001,91,Metinic
11635,2021-05-25T21:26:07Z,8.978,24,Metinic
11636,2021-05-25T21:31:07Z,9.176,61,Metinic
11637,2021-05-25T21:36:07Z,9.176,51,Metinic
11638,2021-05-25T21:41:07Z,8.879000000000001,13,Metinic
11639,2021-05-25T21:46:07Z,8.68,24,Metinic
11640,2021-05-25T21:51:07Z,8.68,6,Metinic
11641,2021-05-25T21:56:07Z,8.68,10,Metinic
11642,2021-05-25T22:01:07Z,8.68,42,Metinic
11643,2021-05-25T22:06:07Z,8.779,31,Metinic
11644,2021-05-25T22:11:07Z,8.779,21,Metinic
11645,2021-05-25T22:16:07Z,8.879000000000001,15,Metinic
11646,2021-05-25T22:21:07Z,8.978,22,Metinic
11647,2021-05-25T22:26:07Z,9.077,12,Metinic
11648,2021-05-25T22:31:07Z,8.978,28,Metinic
11649,2021-05-25T22:36:07Z,8.68,14,Metinic
11650,2021-05-25T22:41:07Z,8.581,4,Metinic
11651,2021-05-25T22:46:07Z,8.581,8,Metinic
11652,2021-05-25T22:51:07Z,8.581,5,Metinic
11653,2021-05-25T22:56:07Z,8.68,2,Metinic
11654,2021-05-25T23:01:07Z,8.68,7,Metinic
11655,2021-05-25T23:06:07Z,8.779,3,Metinic
11656,2021-05-25T23:11:07Z,8.779,3,Metinic
11657,2021-05-25T23:16:07Z,8.779,6,Metinic
11658,2021-05-25T23:21:07Z,8.68,3,Metinic
11659,2021-05-25T23:26:07Z,8.581,0,Metinic
11660,2021-05-25T23:31:07Z,8.581,1,Metinic
11661,2021-05-25T23:36:07Z,8.581,1,Metinic
11662,2021-05-25T23:41:07Z,8.581,0,Metinic
11663,2021-05-25T23:46:07Z,8.581,0,Metinic
11664,2021-05-25T23:51:07Z,8.581,0,Metinic
11665,2021-05-25T23:56:07Z,8.581,0,Metinic
11666,2021-05-26T00:01:07Z,8.581,0,Metinic
11667,2021-05-26T00:06:07Z,8.581,0,Metinic
11668,2021-05-26T00:11:07Z,8.581,0,Metinic
11669,2021-05-26T00:16:07Z,8.581,0,Metinic
11670,2021-05-26T00:21:07Z,8.581,0,Metinic
11671,2021-05-26T00:26:07Z,8.581,0,Metinic
11672,2021-05-26T00:31:07Z,8.581,0,Metinic
11673,2021-05-26T00:36:07Z,8.581,0,Metinic
11674,2021-05-26T00:41:07Z,8.581,0,Metinic
11675,2021-05-26T00:46:07Z,8.68,0,Metinic
11676,2021-05-26T00:51:07Z,8.68,0,Metinic
11677,2021-05-26T00:56:07Z,8.68,0,Metinic
11678,2021-05-26T01:01:07Z,8.68,0,Metinic
11679,2021-05-26T01:06:07Z,8.68,0,Metinic
11680,2021-05-26T01:11:07Z,8.68,0,Metinic
11681,2021-05-26T01:16:07Z,8.68,0,Metinic
11682,2021-05-26T01:21:07Z,8.779,0,Metinic
11683,2021-05-26T01:26:07Z,8.779,0,Metinic
11684,2021-05-26T01:31:07Z,8.779,0,Metinic
11685,2021-05-26T01:36:07Z,8.779,0,Metinic
11686,2021-05-26T01:41:07Z,8.779,0,Metinic
11687,2021-05-26T01:46:07Z,8.779,0,Metinic
11688,2021-05-26T01:51:07Z,8.68,0,Metinic
11689,2021-05-26T01:56:07Z,8.68,0,Metinic
11690,2021-05-26T02:01:07Z,8.68,0,Metinic
11691,2021-05-26T02:06:07Z,8.68,0,Metinic
11692,2021-05-26T02:11:07Z,8.68,0,Metinic
11693,2021-05-26T02:16:07Z,8.779,0,Metinic
11694,2021-05-26T02:21:07Z,8.779,0,Metinic
11695,2021-05-26T02:26:07Z,8.779,0,Metinic
11696,2021-05-26T02:31:07Z,8.879000000000001,0,Metinic
11697,2021-05-26T02:36:07Z,8.879000000000001,0,Metinic
11698,2021-05-26T02:41:07Z,8.879000000000001,0,Metinic
11699,2021-05-26T02:46:07Z,8.879000000000001,0,Metinic
11700,2021-05-26T02:51:07Z,8.879000000000001,0,Metinic
11701,2021-05-26T02:56:07Z,8.879000000000001,0,Metinic
11702,2021-05-26T03:01:07Z,8.879000000000001,0,Metinic
11703,2021-05-26T03:06:07Z,8.879000000000001,0,Metinic
11704,2021-05-26T03:11:07Z,8.879000000000001,0,Metinic
11705,2021-05-26T03:16:07Z,8.879000000000001,0,Metinic
11706,2021-05-26T03:21:07Z,8.978,0,Metinic
11707,2021-05-26T03:26:07Z,9.077,0,Metinic
11708,2021-05-26T03:31:07Z,9.077,0,Metinic
11709,2021-05-26T03:36:07Z,9.077,0,Metinic
11710,2021-05-26T03:41:07Z,9.077,0,Metinic
11711,2021-05-26T03:46:07Z,9.077,0,Metinic
11712,2021-05-26T03:51:07Z,9.077,0,Metinic
11713,2021-05-26T03:56:07Z,9.077,0,Metinic
11714,2021-05-26T04:01:07Z,9.077,0,Metinic
11715,2021-05-26T04:06:07Z,9.077,0,Metinic
11716,2021-05-26T04:11:07Z,9.077,0,Metinic
11717,2021-05-26T04:16:07Z,9.077,0,Metinic
11718,2021-05-26T04:21:07Z,9.176,0,Metinic
11719,2021-05-26T04:26:07Z,9.176,0,Metinic
11720,2021-05-26T04:31:07Z,9.176,0,Metinic
11721,2021-05-26T04:36:07Z,9.176,0,Metinic
11722,2021-05-26T04:41:07Z,9.176,0,Metinic
11723,2021-05-26T04:46:07Z,9.176,0,Metinic
11724,2021-05-26T04:51:07Z,9.176,0,Metinic
11725,2021-05-26T04:56:07Z,9.176,0,Metinic
11726,2021-05-26T05:01:07Z,9.176,0,Metinic
11727,2021-05-26T05:06:07Z,9.176,0,Metinic
11728,2021-05-26T05:11:07Z,9.077,0,Metinic
11729,2021-05-26T05:16:07Z,9.077,0,Metinic
11730,2021-05-26T05:21:07Z,9.077,0,Metinic
11731,2021-05-26T05:26:07Z,9.077,0,Metinic
11732,2021-05-26T05:31:07Z,9.077,0,Metinic
11733,2021-05-26T05:36:07Z,9.077,0,Metinic
11734,2021-05-26T05:41:07Z,9.077,0,Metinic
11735,2021-05-26T05:46:07Z,8.978,0,Metinic
11736,2021-05-26T05:51:07Z,8.978,0,Metinic
11737,2021-05-26T05:56:07Z,8.978,0,Metinic
11738,2021-05-26T06:01:07Z,8.978,0,Metinic
11739,2021-05-26T06:06:07Z,8.978,0,Metinic
11740,2021-05-26T06:11:07Z,8.978,0,Metinic
11741,2021-05-26T06:16:07Z,8.978,0,Metinic
11742,2021-05-26T06:21:07Z,8.978,0,Metinic
11743,2021-05-26T06:26:07Z,8.978,0,Metinic
11744,2021-05-26T06:31:07Z,8.978,0,Metinic
11745,2021-05-26T06:36:07Z,8.978,0,Metinic
11746,2021-05-26T06:41:07Z,8.978,0,Metinic
11747,2021-05-26T06:46:07Z,8.978,0,Metinic
11748,2021-05-26T06:51:07Z,8.978,0,Metinic
11749,2021-05-26T06:56:07Z,8.978,0,Metinic
11750,2021-05-26T07:01:07Z,8.978,0,Metinic
11751,2021-05-26T07:06:07Z,8.978,0,Metinic
11752,2021-05-26T07:11:07Z,8.978,0,Metinic
11753,2021-05-26T07:16:07Z,8.879000000000001,0,Metinic
11754,2021-05-26T07:21:07Z,8.879000000000001,0,Metinic
11755,2021-05-26T07:26:07Z,8.879000000000001,0,Metinic
11756,2021-05-26T07:31:07Z,8.779,0,Metinic
11757,2021-05-26T07:36:07Z,8.779,0,Metinic
11758,2021-05-26T07:41:07Z,8.779,0,Metinic
11759,2021-05-26T07:46:07Z,8.779,0,Metinic
11760,2021-05-26T07:51:07Z,8.779,0,Metinic
11761,2021-05-26T07:56:07Z,8.779,0,Metinic
11762,2021-05-26T08:01:07Z,8.779,0,Metinic
11763,2021-05-26T08:06:07Z,8.779,0,Metinic
11764,2021-05-26T08:11:07Z,8.779,0,Metinic
11765,2021-05-26T08:16:07Z,8.779,0,Metinic
11766,2021-05-26T08:21:07Z,8.779,0,Metinic
11767,2021-05-26T08:26:07Z,8.779,0,Metinic
11768,2021-05-26T08:31:07Z,8.779,0,Metinic
11769,2021-05-26T08:36:07Z,8.779,0,Metinic
11770,2021-05-26T08:41:07Z,8.779,0,Metinic
11771,2021-05-26T08:46:07Z,8.779,0,Metinic
11772,2021-05-26T08:51:07Z,8.779,0,Metinic
11773,2021-05-26T08:56:07Z,8.779,0,Metinic
11774,2021-05-26T09:01:07Z,8.779,0,Metinic
11775,2021-05-26T09:06:07Z,8.879000000000001,0,Metinic
11776,2021-05-26T09:11:07Z,8.879000000000001,2,Metinic
11777,2021-05-26T09:16:07Z,8.879000000000001,4,Metinic
11778,2021-05-26T09:21:07Z,8.779,4,Metinic
11779,2021-05-26T09:26:07Z,8.68,7,Metinic
11780,2021-05-26T09:31:07Z,8.581,2,Metinic
11781,2021-05-26T09:36:07Z,8.481,3,Metinic
11782,2021-05-26T09:41:07Z,8.481,10,Metinic
11783,2021-05-26T09:46:07Z,8.481,4,Metinic
11784,2021-05-26T09:51:07Z,8.481,11,Metinic
11785,2021-05-26T09:56:07Z,8.481,4,Metinic
11786,2021-05-26T10:01:07Z,8.481,6,Metinic
11787,2021-05-26T10:06:07Z,8.481,5,Metinic
11788,2021-05-26T10:11:07Z,8.481,5,Metinic
11789,2021-05-26T10:16:07Z,8.481,8,Metinic
11790,2021-05-26T10:21:07Z,8.481,11,Metinic
11791,2021-05-26T10:26:07Z,8.481,10,Metinic
11792,2021-05-26T10:31:07Z,8.581,5,Metinic
11793,2021-05-26T10:36:07Z,8.68,3,Metinic
11794,2021-05-26T10:41:07Z,8.68,5,Metinic
11795,2021-05-26T10:46:07Z,8.68,13,Metinic
11796,2021-05-26T10:51:07Z,8.68,14,Metinic
11797,2021-05-26T10:56:07Z,8.779,18,Metinic
11798,2021-05-26T11:01:07Z,8.779,24,Metinic
11799,2021-05-26T11:06:07Z,8.779,19,Metinic
11800,2021-05-26T11:11:07Z,8.68,14,Metinic
11801,2021-05-26T11:16:07Z,8.581,31,Metinic
11802,2021-05-26T11:21:07Z,8.481,23,Metinic
11803,2021-05-26T11:26:07Z,8.481,10,Metinic
11804,2021-05-26T11:31:07Z,8.481,19,Metinic
11805,2021-05-26T11:36:07Z,8.481,13,Metinic
11806,2021-05-26T11:41:07Z,8.581,10,Metinic
11807,2021-05-26T11:46:07Z,8.481,20,Metinic
11808,2021-05-26T11:51:07Z,8.481,16,Metinic
11809,2021-05-26T11:56:07Z,8.481,15,Metinic
11810,2021-05-26T12:01:07Z,8.481,10,Metinic
11811,2021-05-26T12:06:07Z,8.481,11,Metinic
11812,2021-05-26T12:11:07Z,8.382000000000001,41,Metinic
11813,2021-05-26T12:16:07Z,8.481,45,Metinic
11814,2021-05-26T12:21:07Z,8.481,35,Metinic
11815,2021-05-26T12:26:07Z,8.382000000000001,29,Metinic
11816,2021-05-26T12:31:07Z,8.481,54,Metinic
11817,2021-05-26T12:36:07Z,8.481,22,Metinic
11818,2021-05-26T12:41:07Z,8.481,42,Metinic
11819,2021-05-26T12:46:07Z,8.481,106,Metinic
11820,2021-05-26T12:51:07Z,8.481,34,Metinic
11821,2021-05-26T12:56:07Z,8.481,64,Metinic
11822,2021-05-26T13:01:07Z,8.481,45,Metinic
11823,2021-05-26T13:06:07Z,8.481,38,Metinic
11824,2021-05-26T13:11:07Z,8.481,30,Metinic
11825,2021-05-26T13:16:07Z,8.481,23,Metinic
11826,2021-05-26T13:21:07Z,8.481,23,Metinic
11827,2021-05-26T13:26:07Z,8.481,47,Metinic
11828,2021-05-26T13:31:07Z,8.481,49,Metinic
11829,2021-05-26T13:36:07Z,8.581,27,Metinic
11830,2021-05-26T13:41:07Z,8.68,21,Metinic
11831,2021-05-26T13:46:07Z,8.779,53,Metinic
11832,2021-05-26T13:51:07Z,8.779,31,Metinic
11833,2021-05-26T13:56:07Z,8.779,21,Metinic
11834,2021-05-26T14:01:07Z,8.779,19,Metinic
11835,2021-05-26T14:06:07Z,8.779,17,Metinic
11836,2021-05-26T14:11:07Z,8.779,42,Metinic
11837,2021-05-26T14:16:07Z,8.779,43,Metinic
11838,2021-05-26T14:21:07Z,8.779,24,Metinic
11839,2021-05-26T14:26:07Z,8.879000000000001,28,Metinic
11840,2021-05-26T14:31:07Z,8.879000000000001,47,Metinic
11841,2021-05-26T14:36:07Z,8.879000000000001,30,Metinic
11842,2021-05-26T14:41:07Z,8.879000000000001,103,Metinic
11843,2021-05-26T14:46:07Z,8.879000000000001,26,Metinic
11844,2021-05-26T14:51:07Z,8.879000000000001,36,Metinic
11845,2021-05-26T14:56:07Z,8.879000000000001,53,Metinic
11846,2021-05-26T15:01:07Z,8.879000000000001,28,Metinic
11847,2021-05-26T15:06:07Z,8.879000000000001,47,Metinic
11848,2021-05-26T15:11:07Z,8.879000000000001,110,Metinic
11849,2021-05-26T15:16:07Z,8.978,29,Metinic
11850,2021-05-26T15:21:07Z,8.978,79,Metinic
11851,2021-05-26T15:26:07Z,8.978,30,Metinic
11852,2021-05-26T15:31:07Z,8.978,63,Metinic
11853,2021-05-26T15:36:07Z,8.978,44,Metinic
11854,2021-05-26T15:41:07Z,8.978,55,Metinic
11855,2021-05-26T15:46:07Z,8.978,44,Metinic
11856,2021-05-26T15:51:07Z,9.077,69,Metinic
11857,2021-05-26T15:56:07Z,9.176,58,Metinic
11858,2021-05-26T16:01:07Z,9.176,49,Metinic
11859,2021-05-26T16:06:07Z,9.176,17,Metinic
11860,2021-05-26T16:11:07Z,9.176,39,Metinic
11861,2021-05-26T16:16:07Z,9.176,56,Metinic
11862,2021-05-26T16:21:07Z,9.176,48,Metinic
11863,2021-05-26T16:26:07Z,9.275,102,Metinic
11864,2021-05-26T16:31:07Z,9.373000000000001,71,Metinic
11865,2021-05-26T16:36:07Z,9.373000000000001,63,Metinic
11866,2021-05-26T16:41:07Z,9.373000000000001,22,Metinic
11867,2021-05-26T16:46:07Z,9.373000000000001,60,Metinic
11868,2021-05-26T16:51:07Z,9.373000000000001,46,Metinic
11869,2021-05-26T16:56:07Z,9.472000000000001,41,Metinic
11870,2021-05-26T17:01:07Z,9.472000000000001,53,Metinic
11871,2021-05-26T17:06:07Z,9.472000000000001,97,Metinic
11872,2021-05-26T17:11:07Z,9.472000000000001,92,Metinic
11873,2021-05-26T17:16:07Z,9.275,30,Metinic
11874,2021-05-26T17:21:07Z,9.275,57,Metinic
11875,2021-05-26T17:26:07Z,9.275,94,Metinic
11876,2021-05-26T17:31:07Z,9.176,95,Metinic
11877,2021-05-26T17:36:07Z,9.275,89,Metinic
11878,2021-05-26T17:41:07Z,9.275,74,Metinic
11879,2021-05-26T17:46:07Z,9.275,76,Metinic
11880,2021-05-26T17:51:07Z,9.275,106,Metinic
11881,2021-05-26T17:56:07Z,9.176,73,Metinic
11882,2021-05-26T18:01:07Z,9.275,102,Metinic
11883,2021-05-26T18:06:07Z,9.275,42,Metinic
11884,2021-05-26T18:11:07Z,9.275,144,Metinic
11885,2021-05-26T18:16:07Z,9.275,128,Metinic
11886,2021-05-26T18:21:07Z,9.373000000000001,98,Metinic
11887,2021-05-26T18:26:07Z,9.275,102,Metinic
11888,2021-05-26T18:31:07Z,9.275,123,Metinic
11889,2021-05-26T18:36:07Z,9.176,62,Metinic
11890,2021-05-26T18:41:07Z,9.077,46,Metinic
11891,2021-05-26T18:46:07Z,8.978,124,Metinic
11892,2021-05-26T18:51:07Z,8.978,368,Metinic
11893,2021-05-26T18:56:07Z,8.978,368,Metinic
11894,2021-05-26T19:01:07Z,8.978,94,Metinic
11895,2021-05-26T19:06:07Z,8.978,120,Metinic
11896,2021-05-26T19:11:07Z,8.978,320,Metinic
11897,2021-05-26T19:16:07Z,9.077,272,Metinic
11898,2021-05-26T19:21:07Z,9.077,103,Metinic
11899,2021-05-26T19:26:07Z,9.077,87,Metinic
11900,2021-05-26T19:31:07Z,9.077,216,Metinic
11901,2021-05-26T19:36:07Z,9.077,232,Metinic
11902,2021-05-26T19:41:07Z,9.077,248,Metinic
11903,2021-05-26T19:46:07Z,9.176,144,Metinic
11904,2021-05-26T19:51:07Z,9.176,248,Metinic
11905,2021-05-26T19:56:07Z,9.176,56,Metinic
11906,2021-05-26T20:01:07Z,9.176,168,Metinic
11907,2021-05-26T20:06:07Z,9.176,111,Metinic
11908,2021-05-26T20:11:07Z,9.077,248,Metinic
11909,2021-05-26T20:16:07Z,9.077,136,Metinic
11910,2021-05-26T20:21:07Z,8.978,42,Metinic
11911,2021-05-26T20:26:07Z,8.978,184,Metinic
11912,2021-05-26T20:31:07Z,8.978,37,Metinic
11913,2021-05-26T20:36:07Z,8.879000000000001,256,Metinic
11914,2021-05-26T20:41:07Z,8.879000000000001,106,Metinic
11915,2021-05-26T20:46:07Z,8.879000000000001,248,Metinic
11916,2021-05-26T20:51:07Z,8.879000000000001,144,Metinic
11917,2021-05-26T20:56:07Z,8.879000000000001,40,Metinic
11918,2021-05-26T21:01:07Z,8.879000000000001,62,Metinic
11919,2021-05-26T21:06:07Z,8.879000000000001,73,Metinic
11920,2021-05-26T21:11:07Z,8.879000000000001,256,Metinic
11921,2021-05-26T21:16:07Z,8.879000000000001,82,Metinic
11922,2021-05-26T21:21:07Z,8.879000000000001,48,Metinic
11923,2021-05-26T21:26:07Z,8.879000000000001,58,Metinic
11924,2021-05-26T21:31:07Z,8.879000000000001,27,Metinic
11925,2021-05-26T21:36:07Z,8.879000000000001,112,Metinic
11926,2021-05-26T21:41:07Z,8.879000000000001,72,Metinic
11927,2021-05-26T21:46:07Z,8.879000000000001,124,Metinic
11928,2021-05-26T21:51:07Z,8.879000000000001,70,Metinic
11929,2021-05-26T21:56:07Z,8.879000000000001,51,Metinic
11930,2021-05-26T22:01:07Z,8.879000000000001,55,Metinic
11931,2021-05-26T22:06:07Z,8.879000000000001,47,Metinic
11932,2021-05-26T22:11:07Z,8.779,45,Metinic
11933,2021-05-26T22:16:07Z,8.68,50,Metinic
11934,2021-05-26T22:21:07Z,8.581,23,Metinic
11935,2021-05-26T22:26:07Z,8.581,12,Metinic
11936,2021-05-26T22:31:07Z,8.581,36,Metinic
11937,2021-05-26T22:36:07Z,8.581,4,Metinic
11938,2021-05-26T22:41:07Z,8.581,5,Metinic
11939,2021-05-26T22:46:07Z,8.581,17,Metinic
11940,2021-05-26T22:51:07Z,8.68,9,Metinic
11941,2021-05-26T22:56:07Z,8.68,3,Metinic
11942,2021-05-26T23:01:07Z,8.779,1,Metinic
11943,2021-05-26T23:06:07Z,8.879000000000001,1,Metinic
11944,2021-05-26T23:11:07Z,8.978,6,Metinic
11945,2021-05-26T23:16:07Z,9.077,7,Metinic
11946,2021-05-26T23:21:07Z,9.077,1,Metinic
11947,2021-05-26T23:26:07Z,9.176,2,Metinic
11948,2021-05-26T23:31:07Z,9.077,0,Metinic
11949,2021-05-26T23:36:07Z,8.978,2,Metinic
11950,2021-05-26T23:41:07Z,8.879000000000001,0,Metinic
11951,2021-05-26T23:46:07Z,8.779,0,Metinic
11952,2021-05-26T23:51:07Z,8.581,0,Metinic
11953,2021-05-26T23:56:07Z,8.581,0,Metinic
11954,2021-05-27T00:01:07Z,8.581,0,Metinic
11955,2021-05-27T00:06:07Z,8.581,0,Metinic
11956,2021-05-27T00:11:07Z,8.581,0,Metinic
11957,2021-05-27T00:16:07Z,8.581,0,Metinic
11958,2021-05-27T00:21:07Z,8.581,0,Metinic
11959,2021-05-27T00:26:07Z,8.581,0,Metinic
11960,2021-05-27T00:31:07Z,8.581,0,Metinic
11961,2021-05-27T00:36:07Z,8.581,0,Metinic
11962,2021-05-27T00:41:07Z,8.581,0,Metinic
11963,2021-05-27T00:46:07Z,8.481,0,Metinic
11964,2021-05-27T00:51:07Z,8.481,0,Metinic
11965,2021-05-27T00:56:07Z,8.481,0,Metinic
11966,2021-05-27T01:01:07Z,8.481,0,Metinic
11967,2021-05-27T01:06:07Z,8.481,0,Metinic
11968,2021-05-27T01:11:07Z,8.481,0,Metinic
11969,2021-05-27T01:16:07Z,8.581,0,Metinic
11970,2021-05-27T01:21:07Z,8.581,0,Metinic
11971,2021-05-27T01:26:07Z,8.581,0,Metinic
11972,2021-05-27T01:31:07Z,8.581,0,Metinic
11973,2021-05-27T01:36:07Z,8.581,0,Metinic
11974,2021-05-27T01:41:07Z,8.581,0,Metinic
11975,2021-05-27T01:46:07Z,8.581,0,Metinic
11976,2021-05-27T01:51:07Z,8.581,0,Metinic
11977,2021-05-27T01:56:07Z,8.581,0,Metinic
11978,2021-05-27T02:01:07Z,8.581,0,Metinic
11979,2021-05-27T02:06:07Z,8.581,0,Metinic
11980,2021-05-27T02:11:07Z,8.581,0,Metinic
11981,2021-05-27T02:16:07Z,8.581,0,Metinic
11982,2021-05-27T02:21:07Z,8.68,0,Metinic
11983,2021-05-27T02:26:07Z,8.68,0,Metinic
11984,2021-05-27T02:31:07Z,8.68,0,Metinic
11985,2021-05-27T02:36:07Z,8.68,0,Metinic
11986,2021-05-27T02:41:07Z,8.68,0,Metinic
11987,2021-05-27T02:46:07Z,8.68,0,Metinic
11988,2021-05-27T02:51:07Z,8.68,0,Metinic
11989,2021-05-27T02:56:07Z,8.68,0,Metinic
11990,2021-05-27T03:01:07Z,8.68,0,Metinic
11991,2021-05-27T03:06:07Z,8.68,0,Metinic
11992,2021-05-27T03:11:07Z,8.779,0,Metinic
11993,2021-05-27T03:16:07Z,8.779,0,Metinic
11994,2021-05-27T03:21:07Z,8.779,0,Metinic
11995,2021-05-27T03:26:07Z,8.779,0,Metinic
11996,2021-05-27T03:31:07Z,8.779,0,Metinic
11997,2021-05-27T03:36:07Z,8.779,0,Metinic
11998,2021-05-27T03:41:07Z,8.779,0,Metinic
11999,2021-05-27T03:46:07Z,8.779,0,Metinic
12000,2021-05-27T03:51:07Z,8.779,0,Metinic
12001,2021-05-27T03:56:07Z,8.779,0,Metinic
12002,2021-05-27T04:01:07Z,8.779,0,Metinic
12003,2021-05-27T04:06:07Z,8.779,0,Metinic
12004,2021-05-27T04:11:07Z,8.779,0,Metinic
12005,2021-05-27T04:16:07Z,8.779,0,Metinic
12006,2021-05-27T04:21:07Z,8.779,0,Metinic
12007,2021-05-27T04:26:07Z,8.779,0,Metinic
12008,2021-05-27T04:31:07Z,8.779,0,Metinic
12009,2021-05-27T04:36:07Z,8.779,0,Metinic
12010,2021-05-27T04:41:07Z,8.779,0,Metinic
12011,2021-05-27T04:46:07Z,8.779,0,Metinic
12012,2021-05-27T04:51:07Z,8.879000000000001,0,Metinic
12013,2021-05-27T04:56:07Z,8.879000000000001,0,Metinic
12014,2021-05-27T05:01:07Z,8.879000000000001,0,Metinic
12015,2021-05-27T05:06:07Z,8.879000000000001,0,Metinic
12016,2021-05-27T05:11:07Z,8.879000000000001,0,Metinic
12017,2021-05-27T05:16:07Z,8.879000000000001,0,Metinic
12018,2021-05-27T05:21:07Z,8.879000000000001,0,Metinic
12019,2021-05-27T05:26:07Z,8.978,0,Metinic
12020,2021-05-27T05:31:07Z,8.978,0,Metinic
12021,2021-05-27T05:36:07Z,8.978,0,Metinic
12022,2021-05-27T05:41:07Z,8.978,0,Metinic
12023,2021-05-27T05:46:07Z,8.978,0,Metinic
12024,2021-05-27T05:51:07Z,8.879000000000001,0,Metinic
12025,2021-05-27T05:56:07Z,8.879000000000001,0,Metinic
12026,2021-05-27T06:01:07Z,8.978,0,Metinic
12027,2021-05-27T06:06:07Z,8.978,0,Metinic
12028,2021-05-27T06:11:07Z,8.978,0,Metinic
12029,2021-05-27T06:16:07Z,8.879000000000001,0,Metinic
12030,2021-05-27T06:21:07Z,8.879000000000001,0,Metinic
12031,2021-05-27T06:26:07Z,8.879000000000001,0,Metinic
12032,2021-05-27T06:31:07Z,8.879000000000001,0,Metinic
12033,2021-05-27T06:36:07Z,8.879000000000001,0,Metinic
12034,2021-05-27T06:41:07Z,8.879000000000001,0,Metinic
12035,2021-05-27T06:46:07Z,8.879000000000001,0,Metinic
12036,2021-05-27T06:51:07Z,8.879000000000001,0,Metinic
12037,2021-05-27T06:56:07Z,8.879000000000001,0,Metinic
12038,2021-05-27T07:01:07Z,8.879000000000001,0,Metinic
12039,2021-05-27T07:06:07Z,8.879000000000001,0,Metinic
12040,2021-05-27T07:11:07Z,8.879000000000001,0,Metinic
12041,2021-05-27T07:16:07Z,8.879000000000001,0,Metinic
12042,2021-05-27T07:21:07Z,8.879000000000001,0,Metinic
12043,2021-05-27T07:26:07Z,8.879000000000001,0,Metinic
12044,2021-05-27T07:31:07Z,8.879000000000001,0,Metinic
12045,2021-05-27T07:36:07Z,8.879000000000001,0,Metinic
12046,2021-05-27T07:41:07Z,8.879000000000001,0,Metinic
12047,2021-05-27T07:46:07Z,8.879000000000001,0,Metinic
12048,2021-05-27T07:51:07Z,8.879000000000001,0,Metinic
12049,2021-05-27T07:56:07Z,8.879000000000001,0,Metinic
12050,2021-05-27T08:01:07Z,8.879000000000001,0,Metinic
12051,2021-05-27T08:06:07Z,8.879000000000001,0,Metinic
12052,2021-05-27T08:11:07Z,8.879000000000001,0,Metinic
12053,2021-05-27T08:16:07Z,8.879000000000001,0,Metinic
12054,2021-05-27T08:21:07Z,8.879000000000001,0,Metinic
12055,2021-05-27T08:26:07Z,8.879000000000001,0,Metinic
12056,2021-05-27T08:31:07Z,8.779,0,Metinic
12057,2021-05-27T08:36:07Z,8.779,0,Metinic
12058,2021-05-27T08:41:07Z,8.779,0,Metinic
12059,2021-05-27T08:46:07Z,8.779,0,Metinic
12060,2021-05-27T08:51:07Z,8.779,0,Metinic
12061,2021-05-27T08:56:07Z,8.779,0,Metinic
12062,2021-05-27T09:01:07Z,8.779,0,Metinic
12063,2021-05-27T09:06:07Z,8.779,0,Metinic
12064,2021-05-27T09:11:07Z,8.779,0,Metinic
12065,2021-05-27T09:16:07Z,8.779,0,Metinic
12066,2021-05-27T09:21:07Z,8.779,0,Metinic
12067,2021-05-27T09:26:07Z,8.879000000000001,2,Metinic
12068,2021-05-27T09:31:07Z,8.879000000000001,0,Metinic
12069,2021-05-27T09:36:07Z,8.879000000000001,1,Metinic
12070,2021-05-27T09:41:07Z,8.879000000000001,0,Metinic
12071,2021-05-27T09:46:07Z,8.879000000000001,7,Metinic
12072,2021-05-27T09:51:07Z,8.879000000000001,5,Metinic
12073,2021-05-27T09:56:07Z,8.779,2,Metinic
12074,2021-05-27T10:01:07Z,8.879000000000001,8,Metinic
12075,2021-05-27T10:06:07Z,8.779,3,Metinic
12076,2021-05-27T10:11:07Z,8.779,6,Metinic
12077,2021-05-27T10:16:07Z,8.779,4,Metinic
12078,2021-05-27T10:21:07Z,8.779,6,Metinic
12079,2021-05-27T10:26:07Z,8.779,24,Metinic
12080,2021-05-27T10:31:07Z,8.779,19,Metinic
12081,2021-05-27T10:36:07Z,8.779,27,Metinic
12082,2021-05-27T10:41:07Z,8.879000000000001,16,Metinic
12083,2021-05-27T10:46:07Z,8.879000000000001,39,Metinic
12084,2021-05-27T10:51:07Z,8.879000000000001,23,Metinic
12085,2021-05-27T10:56:07Z,8.879000000000001,15,Metinic
12086,2021-05-27T11:01:07Z,8.68,10,Metinic
12087,2021-05-27T11:06:07Z,8.779,11,Metinic
12088,2021-05-27T11:11:07Z,8.779,11,Metinic
12089,2021-05-27T11:16:07Z,8.68,26,Metinic
12090,2021-05-27T11:21:07Z,8.581,22,Metinic
12091,2021-05-27T11:26:07Z,8.581,12,Metinic
12092,2021-05-27T11:31:07Z,8.581,23,Metinic
12093,2021-05-27T11:36:07Z,8.581,16,Metinic
12094,2021-05-27T11:41:07Z,8.581,24,Metinic
12095,2021-05-27T11:46:07Z,8.581,18,Metinic
12096,2021-05-27T11:51:07Z,8.581,54,Metinic
12097,2021-05-27T11:56:07Z,8.68,23,Metinic
12098,2021-05-27T12:01:07Z,8.68,9,Metinic
12099,2021-05-27T12:06:07Z,8.68,12,Metinic
12100,2021-05-27T12:11:07Z,8.779,24,Metinic
12101,2021-05-27T12:16:07Z,8.879000000000001,19,Metinic
12102,2021-05-27T12:21:07Z,8.879000000000001,30,Metinic
12103,2021-05-27T12:26:07Z,8.779,49,Metinic
12104,2021-05-27T12:31:07Z,8.68,41,Metinic
12105,2021-05-27T12:36:07Z,8.68,15,Metinic
12106,2021-05-27T12:41:07Z,8.779,32,Metinic
12107,2021-05-27T12:46:07Z,8.779,37,Metinic
12108,2021-05-27T12:51:07Z,8.779,39,Metinic
12109,2021-05-27T12:56:07Z,8.779,84,Metinic
12110,2021-05-27T13:01:07Z,8.779,18,Metinic
12111,2021-05-27T13:06:07Z,8.779,31,Metinic
12112,2021-05-27T13:11:07Z,8.779,42,Metinic
12113,2021-05-27T13:16:07Z,8.68,34,Metinic
12114,2021-05-27T13:21:07Z,8.68,51,Metinic
12115,2021-05-27T13:26:07Z,8.581,81,Metinic
12116,2021-05-27T13:31:07Z,8.581,44,Metinic
12117,2021-05-27T13:36:07Z,8.581,55,Metinic
12118,2021-05-27T13:41:07Z,8.581,16,Metinic
12119,2021-05-27T13:46:07Z,8.68,23,Metinic
12120,2021-05-27T13:51:07Z,8.68,34,Metinic
12121,2021-05-27T13:56:07Z,8.68,35,Metinic
12122,2021-05-27T14:01:07Z,8.68,91,Metinic
12123,2021-05-27T14:06:07Z,8.779,52,Metinic
12124,2021-05-27T14:11:07Z,8.779,40,Metinic
12125,2021-05-27T14:16:07Z,8.779,44,Metinic
12126,2021-05-27T14:21:07Z,8.779,43,Metinic
12127,2021-05-27T14:26:07Z,8.779,60,Metinic
12128,2021-05-27T14:31:07Z,8.779,22,Metinic
12129,2021-05-27T14:36:07Z,8.779,77,Metinic
12130,2021-05-27T14:41:07Z,8.779,17,Metinic
12131,2021-05-27T14:46:07Z,8.779,54,Metinic
12132,2021-05-27T14:51:07Z,8.879000000000001,76,Metinic
12133,2021-05-27T14:56:07Z,8.779,44,Metinic
12134,2021-05-27T15:01:07Z,8.879000000000001,59,Metinic
12135,2021-05-27T15:06:07Z,8.879000000000001,64,Metinic
12136,2021-05-27T15:11:07Z,8.879000000000001,53,Metinic
12137,2021-05-27T15:16:07Z,8.879000000000001,49,Metinic
12138,2021-05-27T15:21:07Z,8.879000000000001,71,Metinic
12139,2021-05-27T15:26:07Z,8.779,8,Metinic
12140,2021-05-27T15:31:07Z,8.879000000000001,94,Metinic
12141,2021-05-27T15:36:07Z,8.978,63,Metinic
12142,2021-05-27T15:41:07Z,9.077,91,Metinic
12143,2021-05-27T15:46:07Z,9.077,67,Metinic
12144,2021-05-27T15:51:07Z,9.077,45,Metinic
12145,2021-05-27T15:56:07Z,9.077,55,Metinic
12146,2021-05-27T16:01:07Z,9.077,73,Metinic
12147,2021-05-27T16:06:07Z,9.077,24,Metinic
12148,2021-05-27T16:11:07Z,9.077,49,Metinic
12149,2021-05-27T16:16:07Z,9.077,22,Metinic
12150,2021-05-27T16:21:07Z,9.176,160,Metinic
12151,2021-05-27T16:26:07Z,9.176,79,Metinic
12152,2021-05-27T16:31:07Z,9.077,28,Metinic
12153,2021-05-27T16:36:07Z,9.077,31,Metinic
12154,2021-05-27T16:41:07Z,9.077,92,Metinic
12155,2021-05-27T16:46:07Z,9.077,36,Metinic
12156,2021-05-27T16:51:07Z,9.077,80,Metinic
12157,2021-05-27T16:56:07Z,9.077,42,Metinic
12158,2021-05-27T17:01:07Z,9.176,125,Metinic
12159,2021-05-27T17:06:07Z,9.176,93,Metinic
12160,2021-05-27T17:11:07Z,9.176,70,Metinic
12161,2021-05-27T17:16:07Z,9.176,168,Metinic
12162,2021-05-27T17:21:07Z,9.176,160,Metinic
12163,2021-05-27T17:26:07Z,9.176,71,Metinic
12164,2021-05-27T17:31:07Z,9.176,83,Metinic
12165,2021-05-27T17:36:07Z,9.176,68,Metinic
12166,2021-05-27T17:41:07Z,9.275,87,Metinic
12167,2021-05-27T17:46:07Z,9.176,55,Metinic
12168,2021-05-27T17:51:07Z,9.077,87,Metinic
12169,2021-05-27T17:56:07Z,9.077,160,Metinic
12170,2021-05-27T18:01:07Z,8.978,99,Metinic
12171,2021-05-27T18:06:07Z,8.978,56,Metinic
12172,2021-05-27T18:11:07Z,8.978,168,Metinic
12173,2021-05-27T18:16:07Z,8.978,56,Metinic
12174,2021-05-27T18:21:07Z,8.978,64,Metinic
12175,2021-05-27T18:26:07Z,8.978,68,Metinic
12176,2021-05-27T18:31:07Z,8.978,176,Metinic
12177,2021-05-27T18:36:07Z,8.978,248,Metinic
12178,2021-05-27T18:41:07Z,8.978,81,Metinic
12179,2021-05-27T18:46:07Z,8.978,176,Metinic
12180,2021-05-27T18:51:07Z,8.978,125,Metinic
12181,2021-05-27T18:56:07Z,9.077,52,Metinic
12182,2021-05-27T19:01:07Z,9.077,104,Metinic
12183,2021-05-27T19:06:07Z,9.077,115,Metinic
12184,2021-05-27T19:11:07Z,9.176,232,Metinic
12185,2021-05-27T19:16:07Z,9.275,61,Metinic
12186,2021-05-27T19:21:07Z,9.275,90,Metinic
12187,2021-05-27T19:26:07Z,9.275,98,Metinic
12188,2021-05-27T19:31:07Z,9.373000000000001,144,Metinic
12189,2021-05-27T19:36:07Z,9.373000000000001,272,Metinic
12190,2021-05-27T19:41:07Z,9.373000000000001,144,Metinic
12191,2021-05-27T19:46:07Z,9.373000000000001,128,Metinic
12192,2021-05-27T19:51:07Z,9.373000000000001,47,Metinic
12193,2021-05-27T19:56:07Z,9.373000000000001,92,Metinic
12194,2021-05-27T20:01:07Z,9.373000000000001,60,Metinic
12195,2021-05-27T20:06:07Z,9.373000000000001,82,Metinic
12196,2021-05-27T20:11:07Z,9.373000000000001,61,Metinic
12197,2021-05-27T20:16:07Z,9.373000000000001,119,Metinic
12198,2021-05-27T20:21:07Z,9.373000000000001,32,Metinic
12199,2021-05-27T20:26:07Z,9.275,91,Metinic
12200,2021-05-27T20:31:07Z,9.176,88,Metinic
12201,2021-05-27T20:36:07Z,9.176,121,Metinic
12202,2021-05-27T20:41:07Z,9.176,136,Metinic
12203,2021-05-27T20:46:07Z,9.176,118,Metinic
12204,2021-05-27T20:51:07Z,9.176,94,Metinic
12205,2021-05-27T20:56:07Z,9.176,120,Metinic
12206,2021-05-27T21:01:07Z,9.176,78,Metinic
12207,2021-05-27T21:06:07Z,9.176,144,Metinic
12208,2021-05-27T21:11:07Z,9.077,111,Metinic
12209,2021-05-27T21:16:07Z,9.077,121,Metinic
12210,2021-05-27T21:21:07Z,8.978,40,Metinic
12211,2021-05-27T21:26:07Z,8.978,124,Metinic
12212,2021-05-27T21:31:07Z,8.978,65,Metinic
12213,2021-05-27T21:36:07Z,8.978,30,Metinic
12214,2021-05-27T21:41:07Z,8.978,128,Metinic
12215,2021-05-27T21:46:07Z,8.978,101,Metinic
12216,2021-05-27T21:51:07Z,8.978,109,Metinic
12217,2021-05-27T21:56:07Z,8.978,71,Metinic
12218,2021-05-27T22:01:07Z,8.978,30,Metinic
12219,2021-05-27T22:06:07Z,8.978,70,Metinic
12220,2021-05-27T22:11:07Z,8.978,83,Metinic
12221,2021-05-27T22:16:07Z,8.978,84,Metinic
12222,2021-05-27T22:21:07Z,8.978,57,Metinic
12223,2021-05-27T22:26:07Z,8.978,54,Metinic
12224,2021-05-27T22:31:07Z,8.978,38,Metinic
12225,2021-05-27T22:36:07Z,8.978,49,Metinic
12226,2021-05-27T22:41:07Z,8.978,49,Metinic
12227,2021-05-27T22:46:07Z,8.978,50,Metinic
12228,2021-05-27T22:51:07Z,8.978,13,Metinic
12229,2021-05-27T22:56:07Z,9.077,39,Metinic
12230,2021-05-27T23:01:07Z,9.077,11,Metinic
12231,2021-05-27T23:06:07Z,8.978,4,Metinic
12232,2021-05-27T23:11:07Z,8.978,10,Metinic
12233,2021-05-27T23:16:07Z,8.879000000000001,3,Metinic
12234,2021-05-27T23:21:07Z,8.779,2,Metinic
12235,2021-05-27T23:26:07Z,8.779,5,Metinic
12236,2021-05-27T23:31:07Z,8.68,4,Metinic
12237,2021-05-27T23:36:07Z,8.68,8,Metinic
12238,2021-05-27T23:41:07Z,8.68,4,Metinic
12239,2021-05-27T23:46:07Z,8.68,2,Metinic
12240,2021-05-27T23:51:07Z,8.68,1,Metinic
12241,2021-05-27T23:56:07Z,8.68,1,Metinic
12242,2021-05-28T00:01:07Z,8.779,0,Metinic
12243,2021-05-28T00:06:07Z,8.779,0,Metinic
12244,2021-05-28T00:11:07Z,8.779,0,Metinic
12245,2021-05-28T00:16:07Z,8.779,0,Metinic
12246,2021-05-28T00:21:07Z,8.879000000000001,0,Metinic
12247,2021-05-28T00:26:07Z,8.879000000000001,0,Metinic
12248,2021-05-28T00:31:07Z,8.779,0,Metinic
12249,2021-05-28T00:36:07Z,8.779,0,Metinic
12250,2021-05-28T00:41:07Z,8.779,0,Metinic
12251,2021-05-28T00:46:07Z,8.879000000000001,0,Metinic
12252,2021-05-28T00:51:07Z,8.879000000000001,0,Metinic
12253,2021-05-28T00:56:07Z,8.779,0,Metinic
12254,2021-05-28T01:01:07Z,8.779,0,Metinic
12255,2021-05-28T01:06:07Z,8.779,0,Metinic
12256,2021-05-28T01:11:07Z,8.68,0,Metinic
12257,2021-05-28T01:16:07Z,8.68,0,Metinic
12258,2021-05-28T01:21:07Z,8.68,0,Metinic
12259,2021-05-28T01:26:07Z,8.68,0,Metinic
12260,2021-05-28T01:31:07Z,8.68,0,Metinic
12261,2021-05-28T01:36:07Z,8.779,0,Metinic
12262,2021-05-28T01:41:07Z,8.779,0,Metinic
12263,2021-05-28T01:46:07Z,8.779,0,Metinic
12264,2021-05-28T01:51:07Z,8.779,0,Metinic
12265,2021-05-28T01:56:07Z,8.68,0,Metinic
12266,2021-05-28T02:01:07Z,8.68,0,Metinic
12267,2021-05-28T02:06:07Z,8.68,0,Metinic
12268,2021-05-28T02:11:07Z,8.68,0,Metinic
12269,2021-05-28T02:16:07Z,8.68,0,Metinic
12270,2021-05-28T02:21:07Z,8.68,0,Metinic
12271,2021-05-28T02:26:07Z,8.68,0,Metinic
12272,2021-05-28T02:31:07Z,8.779,0,Metinic
12273,2021-05-28T02:36:07Z,8.779,0,Metinic
12274,2021-05-28T02:41:07Z,8.779,0,Metinic
12275,2021-05-28T02:46:07Z,8.779,0,Metinic
12276,2021-05-28T02:51:07Z,8.779,0,Metinic
12277,2021-05-28T02:56:07Z,8.779,0,Metinic
12278,2021-05-28T03:01:07Z,8.68,0,Metinic
12279,2021-05-28T03:06:07Z,8.68,0,Metinic
12280,2021-05-28T03:11:07Z,8.68,0,Metinic
12281,2021-05-28T03:16:07Z,8.68,0,Metinic
12282,2021-05-28T03:21:07Z,8.68,0,Metinic
12283,2021-05-28T03:26:07Z,8.68,0,Metinic
12284,2021-05-28T03:31:07Z,8.68,0,Metinic
12285,2021-05-28T03:36:07Z,8.68,0,Metinic
12286,2021-05-28T03:41:07Z,8.68,0,Metinic
12287,2021-05-28T03:46:07Z,8.68,0,Metinic
12288,2021-05-28T03:51:07Z,8.779,0,Metinic
12289,2021-05-28T03:56:07Z,8.779,0,Metinic
12290,2021-05-28T04:01:07Z,8.879000000000001,0,Metinic
12291,2021-05-28T04:06:07Z,8.879000000000001,0,Metinic
12292,2021-05-28T04:11:07Z,9.077,0,Metinic
12293,2021-05-28T04:16:07Z,9.176,0,Metinic
12294,2021-05-28T04:21:07Z,9.176,0,Metinic
12295,2021-05-28T04:26:07Z,9.275,0,Metinic
12296,2021-05-28T04:31:07Z,9.176,0,Metinic
12297,2021-05-28T04:36:07Z,9.176,0,Metinic
12298,2021-05-28T04:41:07Z,9.275,0,Metinic
12299,2021-05-28T04:46:07Z,9.373000000000001,0,Metinic
12300,2021-05-28T04:51:07Z,9.373000000000001,0,Metinic
12301,2021-05-28T04:56:07Z,9.472000000000001,0,Metinic
12302,2021-05-28T05:01:07Z,9.373000000000001,0,Metinic
12303,2021-05-28T05:06:07Z,9.472000000000001,0,Metinic
12304,2021-05-28T05:11:07Z,9.571,0,Metinic
12305,2021-05-28T05:16:07Z,9.669,0,Metinic
12306,2021-05-28T05:21:07Z,9.669,0,Metinic
12307,2021-05-28T05:26:07Z,9.669,0,Metinic
12308,2021-05-28T05:31:07Z,9.472000000000001,0,Metinic
12309,2021-05-28T05:36:07Z,9.571,0,Metinic
12310,2021-05-28T05:41:07Z,9.571,0,Metinic
12311,2021-05-28T05:46:07Z,9.571,0,Metinic
12312,2021-05-28T05:51:07Z,9.571,0,Metinic
12313,2021-05-28T05:56:07Z,9.571,0,Metinic
12314,2021-05-28T06:01:07Z,9.669,0,Metinic
12315,2021-05-28T06:06:07Z,9.571,0,Metinic
12316,2021-05-28T06:11:07Z,9.571,0,Metinic
12317,2021-05-28T06:16:07Z,9.571,0,Metinic
12318,2021-05-28T06:21:07Z,9.571,0,Metinic
12319,2021-05-28T06:26:07Z,9.571,0,Metinic
12320,2021-05-28T06:31:07Z,9.571,0,Metinic
12321,2021-05-28T06:36:07Z,9.571,0,Metinic
12322,2021-05-28T06:41:07Z,9.571,0,Metinic
12323,2021-05-28T06:46:07Z,9.571,0,Metinic
12324,2021-05-28T06:51:07Z,9.571,0,Metinic
12325,2021-05-28T06:56:07Z,9.571,0,Metinic
12326,2021-05-28T07:01:07Z,9.571,0,Metinic
12327,2021-05-28T07:06:07Z,9.571,0,Metinic
12328,2021-05-28T07:11:07Z,9.571,0,Metinic
12329,2021-05-28T07:16:07Z,9.571,0,Metinic
12330,2021-05-28T07:21:07Z,9.571,0,Metinic
12331,2021-05-28T07:26:07Z,9.571,0,Metinic
12332,2021-05-28T07:31:07Z,9.571,0,Metinic
12333,2021-05-28T07:36:07Z,9.571,0,Metinic
12334,2021-05-28T07:41:07Z,9.571,0,Metinic
12335,2021-05-28T07:46:07Z,9.571,0,Metinic
12336,2021-05-28T07:51:07Z,9.571,0,Metinic
12337,2021-05-28T07:56:07Z,9.669,0,Metinic
12338,2021-05-28T08:01:07Z,9.669,0,Metinic
12339,2021-05-28T08:06:07Z,9.669,0,Metinic
12340,2021-05-28T08:11:07Z,9.669,0,Metinic
12341,2021-05-28T08:16:07Z,9.669,0,Metinic
12342,2021-05-28T08:21:07Z,9.669,0,Metinic
12343,2021-05-28T08:26:07Z,9.669,0,Metinic
12344,2021-05-28T08:31:07Z,9.669,0,Metinic
12345,2021-05-28T08:36:07Z,9.669,0,Metinic
12346,2021-05-28T08:41:07Z,9.669,0,Metinic
12347,2021-05-28T08:46:07Z,9.669,0,Metinic
12348,2021-05-28T08:51:07Z,9.669,0,Metinic
12349,2021-05-28T08:56:07Z,9.669,0,Metinic
12350,2021-05-28T09:01:07Z,9.669,0,Metinic
12351,2021-05-28T09:06:07Z,9.669,0,Metinic
12352,2021-05-28T09:11:07Z,9.669,0,Metinic
12353,2021-05-28T09:16:07Z,9.669,1,Metinic
12354,2021-05-28T09:21:07Z,9.669,1,Metinic
12355,2021-05-28T09:26:07Z,9.669,6,Metinic
12356,2021-05-28T09:31:07Z,9.669,9,Metinic
12357,2021-05-28T09:36:07Z,9.669,9,Metinic
12358,2021-05-28T09:41:07Z,9.669,12,Metinic
12359,2021-05-28T09:46:07Z,9.669,11,Metinic
12360,2021-05-28T09:51:07Z,9.669,12,Metinic
12361,2021-05-28T09:56:07Z,9.669,13,Metinic
12362,2021-05-28T10:01:07Z,9.669,16,Metinic
12363,2021-05-28T10:06:07Z,9.669,7,Metinic
12364,2021-05-28T10:11:07Z,9.669,7,Metinic
12365,2021-05-28T10:16:07Z,9.767999999999999,13,Metinic
12366,2021-05-28T10:21:07Z,9.767999999999999,15,Metinic
12367,2021-05-28T10:26:07Z,9.767999999999999,13,Metinic
12368,2021-05-28T10:31:07Z,9.767999999999999,26,Metinic
12369,2021-05-28T10:36:07Z,9.767999999999999,35,Metinic
12370,2021-05-28T10:41:07Z,9.767999999999999,26,Metinic
12371,2021-05-28T10:46:07Z,9.767999999999999,23,Metinic
12372,2021-05-28T10:51:07Z,9.669,25,Metinic
12373,2021-05-28T10:56:07Z,9.669,46,Metinic
12374,2021-05-28T11:01:07Z,9.669,57,Metinic
12375,2021-05-28T11:06:07Z,9.669,17,Metinic
12376,2021-05-28T11:11:07Z,9.571,23,Metinic
12377,2021-05-28T11:16:07Z,9.571,37,Metinic
12378,2021-05-28T11:21:07Z,9.571,25,Metinic
12379,2021-05-28T11:26:07Z,9.571,12,Metinic
12380,2021-05-28T11:31:07Z,9.571,29,Metinic
12381,2021-05-28T11:36:07Z,9.571,13,Metinic
12382,2021-05-28T11:41:07Z,9.571,13,Metinic
12383,2021-05-28T11:46:07Z,9.571,21,Metinic
12384,2021-05-28T11:51:07Z,9.571,16,Metinic
12385,2021-05-28T11:56:07Z,9.472000000000001,59,Metinic
12386,2021-05-28T12:01:07Z,9.472000000000001,34,Metinic
12387,2021-05-28T12:06:07Z,9.373000000000001,33,Metinic
12388,2021-05-28T12:11:07Z,9.373000000000001,20,Metinic
12389,2021-05-28T12:16:07Z,9.373000000000001,50,Metinic
12390,2021-05-28T12:21:07Z,9.472000000000001,46,Metinic
12391,2021-05-28T12:26:07Z,9.472000000000001,35,Metinic
12392,2021-05-28T12:31:07Z,9.472000000000001,60,Metinic
12393,2021-05-28T12:36:07Z,9.472000000000001,54,Metinic
12394,2021-05-28T12:41:07Z,9.571,48,Metinic
12395,2021-05-28T12:46:07Z,9.571,76,Metinic
12396,2021-05-28T12:51:07Z,9.571,48,Metinic
12397,2021-05-28T12:56:07Z,9.571,20,Metinic
12398,2021-05-28T13:01:07Z,9.571,80,Metinic
12399,2021-05-28T13:06:07Z,9.571,50,Metinic
12400,2021-05-28T13:11:07Z,9.571,70,Metinic
12401,2021-05-28T13:16:07Z,9.571,91,Metinic
12402,2021-05-28T13:21:07Z,9.571,57,Metinic
12403,2021-05-28T13:26:07Z,9.472000000000001,26,Metinic
12404,2021-05-28T13:31:07Z,9.373000000000001,66,Metinic
12405,2021-05-28T13:36:07Z,9.373000000000001,19,Metinic
12406,2021-05-28T13:41:07Z,9.373000000000001,39,Metinic
12407,2021-05-28T13:46:07Z,9.275,59,Metinic
12408,2021-05-28T13:51:07Z,9.275,90,Metinic
12409,2021-05-28T13:56:07Z,9.275,41,Metinic
12410,2021-05-28T14:01:07Z,9.275,54,Metinic
12411,2021-05-28T14:06:07Z,9.373000000000001,29,Metinic
12412,2021-05-28T14:11:07Z,9.373000000000001,69,Metinic
12413,2021-05-28T14:16:07Z,9.472000000000001,81,Metinic
12414,2021-05-28T14:21:07Z,9.571,63,Metinic
12415,2021-05-28T14:26:07Z,9.571,58,Metinic
12416,2021-05-28T14:31:07Z,9.571,49,Metinic
12417,2021-05-28T14:36:07Z,9.669,63,Metinic
12418,2021-05-28T14:41:07Z,9.669,54,Metinic
12419,2021-05-28T14:46:07Z,9.669,118,Metinic
12420,2021-05-28T14:51:07Z,9.669,77,Metinic
12421,2021-05-28T14:56:07Z,9.767999999999999,64,Metinic
12422,2021-05-28T15:01:07Z,9.767999999999999,73,Metinic
12423,2021-05-28T15:06:07Z,9.866000000000001,87,Metinic
12424,2021-05-28T15:11:07Z,9.866000000000001,58,Metinic
12425,2021-05-28T15:16:07Z,9.866000000000001,74,Metinic
12426,2021-05-28T15:21:07Z,9.866000000000001,57,Metinic
12427,2021-05-28T15:26:07Z,9.866000000000001,42,Metinic
12428,2021-05-28T15:31:07Z,9.767999999999999,68,Metinic
12429,2021-05-28T15:36:07Z,9.669,72,Metinic
12430,2021-05-28T15:41:07Z,9.767999999999999,79,Metinic
12431,2021-05-28T15:46:07Z,9.866000000000001,65,Metinic
12432,2021-05-28T15:51:07Z,9.965000000000002,67,Metinic
12433,2021-05-28T15:56:07Z,9.965000000000002,58,Metinic
12434,2021-05-28T16:01:07Z,10.063,84,Metinic
12435,2021-05-28T16:06:07Z,10.063,71,Metinic
12436,2021-05-28T16:11:07Z,10.063,79,Metinic
12437,2021-05-28T16:16:07Z,10.161,91,Metinic
12438,2021-05-28T16:21:07Z,10.161,88,Metinic
12439,2021-05-28T16:26:07Z,10.259,59,Metinic
12440,2021-05-28T16:31:07Z,10.259,103,Metinic
12441,2021-05-28T16:36:07Z,10.161,60,Metinic
12442,2021-05-28T16:41:07Z,10.161,66,Metinic
12443,2021-05-28T16:46:07Z,10.161,35,Metinic
12444,2021-05-28T16:51:07Z,10.161,68,Metinic
12445,2021-05-28T16:56:07Z,10.161,66,Metinic
12446,2021-05-28T17:01:07Z,10.161,53,Metinic
12447,2021-05-28T17:06:07Z,10.161,21,Metinic
12448,2021-05-28T17:11:07Z,10.161,53,Metinic
12449,2021-05-28T17:16:07Z,10.161,61,Metinic
12450,2021-05-28T17:21:07Z,10.161,38,Metinic
12451,2021-05-28T17:26:07Z,10.161,144,Metinic
12452,2021-05-28T17:31:07Z,10.161,82,Metinic
12453,2021-05-28T17:36:07Z,10.259,78,Metinic
12454,2021-05-28T17:41:07Z,10.259,68,Metinic
12455,2021-05-28T17:46:07Z,10.259,75,Metinic
12456,2021-05-28T17:51:07Z,10.259,76,Metinic
12457,2021-05-28T17:56:07Z,10.357000000000001,66,Metinic
12458,2021-05-28T18:01:07Z,10.357000000000001,26,Metinic
12459,2021-05-28T18:06:07Z,10.259,40,Metinic
12460,2021-05-28T18:11:07Z,10.357000000000001,26,Metinic
12461,2021-05-28T18:16:07Z,10.357000000000001,65,Metinic
12462,2021-05-28T18:21:07Z,10.357000000000001,43,Metinic
12463,2021-05-28T18:26:07Z,10.357000000000001,39,Metinic
12464,2021-05-28T18:31:07Z,10.259,41,Metinic
12465,2021-05-28T18:36:07Z,10.063,32,Metinic
12466,2021-05-28T18:41:07Z,9.965000000000002,27,Metinic
12467,2021-05-28T18:46:07Z,9.965000000000002,21,Metinic
12468,2021-05-28T18:51:07Z,9.965000000000002,42,Metinic
12469,2021-05-28T18:56:07Z,10.063,39,Metinic
12470,2021-05-28T19:01:07Z,10.063,21,Metinic
12471,2021-05-28T19:06:07Z,10.063,46,Metinic
12472,2021-05-28T19:11:07Z,10.063,31,Metinic
12473,2021-05-28T19:16:07Z,10.063,45,Metinic
12474,2021-05-28T19:21:07Z,10.161,54,Metinic
12475,2021-05-28T19:26:07Z,10.161,50,Metinic
12476,2021-05-28T19:31:07Z,10.161,45,Metinic
12477,2021-05-28T19:36:07Z,10.259,80,Metinic
12478,2021-05-28T19:41:07Z,10.259,54,Metinic
12479,2021-05-28T19:46:07Z,10.357000000000001,74,Metinic
12480,2021-05-28T19:51:07Z,10.357000000000001,67,Metinic
12481,2021-05-28T19:56:07Z,10.357000000000001,58,Metinic
12482,2021-05-28T20:01:07Z,10.357000000000001,39,Metinic
12483,2021-05-28T20:06:07Z,10.063,70,Metinic
12484,2021-05-28T20:11:07Z,9.965000000000002,74,Metinic
12485,2021-05-28T20:16:07Z,9.965000000000002,61,Metinic
12486,2021-05-28T20:21:07Z,9.866000000000001,88,Metinic
12487,2021-05-28T20:26:07Z,9.866000000000001,103,Metinic
12488,2021-05-28T20:31:07Z,9.767999999999999,41,Metinic
12489,2021-05-28T20:36:07Z,9.767999999999999,55,Metinic
12490,2021-05-28T20:41:07Z,9.669,40,Metinic
12491,2021-05-28T20:46:07Z,9.669,37,Metinic
12492,2021-05-28T20:51:07Z,9.669,47,Metinic
12493,2021-05-28T20:56:07Z,9.571,26,Metinic
12494,2021-05-28T21:01:07Z,9.571,14,Metinic
12495,2021-05-28T21:06:07Z,9.571,28,Metinic
12496,2021-05-28T21:11:07Z,9.571,23,Metinic
12497,2021-05-28T21:16:07Z,9.571,47,Metinic
12498,2021-05-28T21:21:07Z,9.571,20,Metinic
12499,2021-05-28T21:26:07Z,9.571,24,Metinic
12500,2021-05-28T21:31:07Z,9.571,12,Metinic
12501,2021-05-28T21:36:07Z,9.472000000000001,38,Metinic
12502,2021-05-28T21:41:07Z,9.472000000000001,17,Metinic
12503,2021-05-28T21:46:07Z,9.472000000000001,38,Metinic
12504,2021-05-28T21:51:07Z,9.472000000000001,22,Metinic
12505,2021-05-28T21:56:07Z,9.472000000000001,18,Metinic
12506,2021-05-28T22:01:07Z,9.472000000000001,25,Metinic
12507,2021-05-28T22:06:07Z,9.472000000000001,35,Metinic
12508,2021-05-28T22:11:07Z,9.472000000000001,17,Metinic
12509,2021-05-28T22:16:07Z,9.472000000000001,27,Metinic
12510,2021-05-28T22:21:07Z,9.472000000000001,20,Metinic
12511,2021-05-28T22:26:07Z,9.373000000000001,18,Metinic
12512,2021-05-28T22:31:07Z,9.373000000000001,17,Metinic
12513,2021-05-28T22:36:07Z,9.373000000000001,9,Metinic
12514,2021-05-28T22:41:07Z,9.373000000000001,14,Metinic
12515,2021-05-28T22:46:07Z,9.373000000000001,14,Metinic
12516,2021-05-28T22:51:07Z,9.373000000000001,13,Metinic
12517,2021-05-28T22:56:07Z,9.373000000000001,14,Metinic
12518,2021-05-28T23:01:07Z,9.373000000000001,11,Metinic
12519,2021-05-28T23:06:07Z,9.373000000000001,9,Metinic
12520,2021-05-28T23:11:07Z,9.373000000000001,4,Metinic
12521,2021-05-28T23:16:07Z,9.373000000000001,6,Metinic
12522,2021-05-28T23:21:07Z,9.275,3,Metinic
12523,2021-05-28T23:26:07Z,9.176,3,Metinic
12524,2021-05-28T23:31:07Z,9.176,2,Metinic
12525,2021-05-28T23:36:07Z,9.176,2,Metinic
12526,2021-05-28T23:41:07Z,9.176,2,Metinic
12527,2021-05-28T23:46:07Z,9.176,0,Metinic
12528,2021-05-28T23:51:07Z,9.077,0,Metinic
12529,2021-05-28T23:56:07Z,9.077,0,Metinic
12530,2021-05-29T00:01:07Z,9.077,0,Metinic
12531,2021-05-29T00:06:07Z,9.176,0,Metinic
12532,2021-05-29T00:11:07Z,9.176,0,Metinic
12533,2021-05-29T00:16:07Z,9.275,0,Metinic
12534,2021-05-29T00:21:07Z,9.275,0,Metinic
12535,2021-05-29T00:26:07Z,9.275,0,Metinic
12536,2021-05-29T00:31:07Z,9.275,0,Metinic
12537,2021-05-29T00:36:07Z,9.275,0,Metinic
12538,2021-05-29T00:41:07Z,9.275,0,Metinic
12539,2021-05-29T00:46:07Z,9.176,0,Metinic
12540,2021-05-29T00:51:07Z,9.275,0,Metinic
12541,2021-05-29T00:56:07Z,9.275,0,Metinic
12542,2021-05-29T01:01:07Z,9.275,0,Metinic
12543,2021-05-29T01:06:07Z,9.373000000000001,0,Metinic
12544,2021-05-29T01:11:07Z,9.373000000000001,0,Metinic
12545,2021-05-29T01:16:07Z,9.373000000000001,0,Metinic
12546,2021-05-29T01:21:07Z,9.275,0,Metinic
12547,2021-05-29T01:26:07Z,9.176,0,Metinic
12548,2021-05-29T01:31:07Z,9.176,0,Metinic
12549,2021-05-29T01:36:07Z,9.176,0,Metinic
12550,2021-05-29T01:41:07Z,9.176,0,Metinic
12551,2021-05-29T01:46:07Z,9.176,0,Metinic
12552,2021-05-29T01:51:07Z,9.176,0,Metinic
12553,2021-05-29T01:56:07Z,9.176,0,Metinic
12554,2021-05-29T02:01:07Z,9.176,0,Metinic
12555,2021-05-29T02:06:07Z,9.176,0,Metinic
12556,2021-05-29T02:11:07Z,9.176,0,Metinic
12557,2021-05-29T02:16:07Z,9.176,0,Metinic
12558,2021-05-29T02:21:07Z,9.176,0,Metinic
12559,2021-05-29T02:26:07Z,9.176,0,Metinic
12560,2021-05-29T02:31:07Z,9.176,0,Metinic
12561,2021-05-29T02:36:07Z,9.077,0,Metinic
12562,2021-05-29T02:41:07Z,9.077,0,Metinic
12563,2021-05-29T02:46:07Z,9.077,0,Metinic
12564,2021-05-29T02:51:07Z,9.077,0,Metinic
12565,2021-05-29T02:56:07Z,9.077,0,Metinic
12566,2021-05-29T03:01:07Z,9.077,0,Metinic
12567,2021-05-29T03:06:07Z,9.077,0,Metinic
12568,2021-05-29T03:11:07Z,9.077,0,Metinic
12569,2021-05-29T03:16:07Z,9.077,0,Metinic
12570,2021-05-29T03:21:07Z,9.176,0,Metinic
12571,2021-05-29T03:26:07Z,9.176,0,Metinic
12572,2021-05-29T03:31:07Z,9.176,0,Metinic
12573,2021-05-29T03:36:07Z,9.176,0,Metinic
12574,2021-05-29T03:41:07Z,9.176,0,Metinic
12575,2021-05-29T03:46:07Z,9.176,0,Metinic
12576,2021-05-29T03:51:07Z,9.176,0,Metinic
12577,2021-05-29T03:56:07Z,9.176,0,Metinic
12578,2021-05-29T04:01:07Z,9.275,0,Metinic
12579,2021-05-29T04:06:07Z,9.275,0,Metinic
12580,2021-05-29T04:11:07Z,9.176,0,Metinic
12581,2021-05-29T04:16:07Z,9.176,0,Metinic
12582,2021-05-29T04:21:07Z,9.176,0,Metinic
12583,2021-05-29T04:26:07Z,9.176,0,Metinic
12584,2021-05-29T04:31:07Z,9.176,0,Metinic
12585,2021-05-29T04:36:07Z,9.176,0,Metinic
12586,2021-05-29T04:41:07Z,9.176,0,Metinic
12587,2021-05-29T04:46:07Z,9.176,0,Metinic
12588,2021-05-29T04:51:07Z,9.275,0,Metinic
12589,2021-05-29T04:56:07Z,9.275,0,Metinic
12590,2021-05-29T05:01:07Z,9.275,0,Metinic
12591,2021-05-29T05:06:07Z,9.275,0,Metinic
12592,2021-05-29T05:11:07Z,9.275,0,Metinic
12593,2021-05-29T05:16:07Z,9.275,0,Metinic
12594,2021-05-29T05:21:07Z,9.275,0,Metinic
12595,2021-05-29T05:26:07Z,9.275,0,Metinic
12596,2021-05-29T05:31:07Z,9.275,0,Metinic
12597,2021-05-29T05:36:07Z,9.275,0,Metinic
12598,2021-05-29T05:41:07Z,9.373000000000001,0,Metinic
12599,2021-05-29T05:46:07Z,9.472000000000001,0,Metinic
12600,2021-05-29T05:51:07Z,9.373000000000001,0,Metinic
12601,2021-05-29T05:56:07Z,9.275,0,Metinic
12602,2021-05-29T06:01:07Z,9.275,0,Metinic
12603,2021-05-29T06:06:07Z,9.275,0,Metinic
12604,2021-05-29T06:11:07Z,9.373000000000001,0,Metinic
12605,2021-05-29T06:16:07Z,9.373000000000001,0,Metinic
12606,2021-05-29T06:21:07Z,9.373000000000001,0,Metinic
12607,2021-05-29T06:26:07Z,9.373000000000001,0,Metinic
12608,2021-05-29T06:31:07Z,9.472000000000001,0,Metinic
12609,2021-05-29T06:36:07Z,9.472000000000001,0,Metinic
12610,2021-05-29T06:41:07Z,9.472000000000001,0,Metinic
12611,2021-05-29T06:46:07Z,9.472000000000001,0,Metinic
12612,2021-05-29T06:51:07Z,9.472000000000001,0,Metinic
12613,2021-05-29T06:56:07Z,9.571,0,Metinic
12614,2021-05-29T07:01:07Z,9.571,0,Metinic
12615,2021-05-29T07:06:07Z,9.571,0,Metinic
12616,2021-05-29T07:11:07Z,9.571,0,Metinic
12617,2021-05-29T07:16:07Z,9.571,0,Metinic
12618,2021-05-29T07:21:07Z,9.669,0,Metinic
12619,2021-05-29T07:26:07Z,9.669,0,Metinic
12620,2021-05-29T07:31:07Z,9.669,0,Metinic
12621,2021-05-29T07:36:07Z,9.571,0,Metinic
12622,2021-05-29T07:41:07Z,9.669,0,Metinic
12623,2021-05-29T07:46:07Z,9.669,0,Metinic
12624,2021-05-29T07:51:07Z,9.669,0,Metinic
12625,2021-05-29T07:56:07Z,9.669,0,Metinic
12626,2021-05-29T08:01:07Z,9.571,0,Metinic
12627,2021-05-29T08:06:07Z,9.571,0,Metinic
12628,2021-05-29T08:11:07Z,9.571,0,Metinic
12629,2021-05-29T08:16:07Z,9.571,0,Metinic
12630,2021-05-29T08:21:07Z,9.571,0,Metinic
12631,2021-05-29T08:26:07Z,9.571,0,Metinic
12632,2021-05-29T08:31:07Z,9.571,0,Metinic
12633,2021-05-29T08:36:07Z,9.571,0,Metinic
12634,2021-05-29T08:41:07Z,9.571,0,Metinic
12635,2021-05-29T08:46:07Z,9.571,0,Metinic
12636,2021-05-29T08:51:07Z,9.571,0,Metinic
12637,2021-05-29T08:56:07Z,9.571,0,Metinic
12638,2021-05-29T09:01:07Z,9.571,0,Metinic
12639,2021-05-29T09:06:07Z,9.571,0,Metinic
12640,2021-05-29T09:11:07Z,9.571,0,Metinic
12641,2021-05-29T09:16:07Z,9.571,0,Metinic
12642,2021-05-29T09:21:07Z,9.669,0,Metinic
12643,2021-05-29T09:26:07Z,9.669,0,Metinic
12644,2021-05-29T09:31:07Z,9.669,0,Metinic
12645,2021-05-29T09:36:07Z,9.669,0,Metinic
12646,2021-05-29T09:41:07Z,9.669,0,Metinic
12647,2021-05-29T09:46:07Z,9.669,0,Metinic
12648,2021-05-29T09:51:07Z,9.669,1,Metinic
12649,2021-05-29T09:56:07Z,9.767999999999999,0,Metinic
12650,2021-05-29T10:01:07Z,9.767999999999999,0,Metinic
12651,2021-05-29T10:06:07Z,9.767999999999999,1,Metinic
12652,2021-05-29T10:11:07Z,9.767999999999999,2,Metinic
12653,2021-05-29T10:16:07Z,9.767999999999999,4,Metinic
12654,2021-05-29T10:21:07Z,9.767999999999999,4,Metinic
12655,2021-05-29T10:26:07Z,9.767999999999999,5,Metinic
12656,2021-05-29T10:31:07Z,9.767999999999999,5,Metinic
12657,2021-05-29T10:36:07Z,9.767999999999999,4,Metinic
12658,2021-05-29T10:41:07Z,9.767999999999999,2,Metinic
12659,2021-05-29T10:46:07Z,9.767999999999999,2,Metinic
12660,2021-05-29T10:51:07Z,9.767999999999999,1,Metinic
12661,2021-05-29T10:56:07Z,9.767999999999999,6,Metinic
12662,2021-05-29T11:01:07Z,9.767999999999999,13,Metinic
12663,2021-05-29T11:06:07Z,9.767999999999999,14,Metinic
12664,2021-05-29T11:11:07Z,9.767999999999999,2,Metinic
12665,2021-05-29T11:16:07Z,9.767999999999999,8,Metinic
12666,2021-05-29T11:21:07Z,9.767999999999999,18,Metinic
12667,2021-05-29T11:26:07Z,9.767999999999999,2,Metinic
12668,2021-05-29T11:31:07Z,9.767999999999999,7,Metinic
12669,2021-05-29T11:36:07Z,9.767999999999999,5,Metinic
12670,2021-05-29T11:41:07Z,9.767999999999999,8,Metinic
12671,2021-05-29T11:46:07Z,9.767999999999999,4,Metinic
12672,2021-05-29T11:51:07Z,9.767999999999999,15,Metinic
12673,2021-05-29T11:56:07Z,9.767999999999999,21,Metinic
12674,2021-05-29T12:01:07Z,9.767999999999999,19,Metinic
12675,2021-05-29T12:06:07Z,9.767999999999999,3,Metinic
12676,2021-05-29T12:11:07Z,9.767999999999999,17,Metinic
12677,2021-05-29T12:16:07Z,9.866000000000001,12,Metinic
12678,2021-05-29T12:21:07Z,9.866000000000001,44,Metinic
12679,2021-05-29T12:26:07Z,9.866000000000001,44,Metinic
12680,2021-05-29T12:31:07Z,9.866000000000001,9,Metinic
12681,2021-05-29T12:36:07Z,9.866000000000001,40,Metinic
12682,2021-05-29T12:41:07Z,9.866000000000001,25,Metinic
12683,2021-05-29T12:46:07Z,9.965000000000002,21,Metinic
12684,2021-05-29T12:51:07Z,9.965000000000002,10,Metinic
12685,2021-05-29T12:56:07Z,9.965000000000002,8,Metinic
12686,2021-05-29T13:01:07Z,9.965000000000002,33,Metinic
12687,2021-05-29T13:06:07Z,9.965000000000002,14,Metinic
12688,2021-05-29T13:11:07Z,9.965000000000002,18,Metinic
12689,2021-05-29T13:16:07Z,9.965000000000002,11,Metinic
12690,2021-05-29T13:21:07Z,10.063,33,Metinic
12691,2021-05-29T13:26:07Z,9.965000000000002,4,Metinic
12692,2021-05-29T13:31:07Z,9.965000000000002,19,Metinic
12693,2021-05-29T13:36:07Z,9.965000000000002,71,Metinic
12694,2021-05-29T13:41:07Z,9.965000000000002,20,Metinic
12695,2021-05-29T13:46:07Z,9.866000000000001,17,Metinic
12696,2021-05-29T13:51:07Z,9.866000000000001,24,Metinic
12697,2021-05-29T13:56:07Z,9.866000000000001,37,Metinic
12698,2021-05-29T14:01:07Z,9.866000000000001,65,Metinic
12699,2021-05-29T14:06:07Z,9.866000000000001,13,Metinic
12700,2021-05-29T14:11:07Z,9.767999999999999,110,Metinic
12701,2021-05-29T14:16:07Z,9.767999999999999,40,Metinic
12702,2021-05-29T14:21:07Z,9.767999999999999,85,Metinic
12703,2021-05-29T14:26:07Z,9.767999999999999,17,Metinic
12704,2021-05-29T14:31:07Z,9.767999999999999,17,Metinic
12705,2021-05-29T14:36:07Z,9.767999999999999,15,Metinic
12706,2021-05-29T14:41:07Z,9.767999999999999,20,Metinic
12707,2021-05-29T14:46:07Z,9.767999999999999,9,Metinic
12708,2021-05-29T14:51:07Z,9.767999999999999,9,Metinic
12709,2021-05-29T14:56:07Z,9.767999999999999,26,Metinic
12710,2021-05-29T15:01:07Z,9.767999999999999,9,Metinic
12711,2021-05-29T15:06:07Z,9.767999999999999,73,Metinic
12712,2021-05-29T15:11:07Z,9.767999999999999,47,Metinic
12713,2021-05-29T15:16:07Z,9.767999999999999,47,Metinic
12714,2021-05-29T15:21:07Z,9.767999999999999,26,Metinic
12715,2021-05-29T15:26:07Z,9.767999999999999,18,Metinic
12716,2021-05-29T15:31:07Z,9.767999999999999,24,Metinic
12717,2021-05-29T15:36:07Z,9.767999999999999,11,Metinic
12718,2021-05-29T15:41:07Z,9.767999999999999,26,Metinic
12719,2021-05-29T15:46:07Z,9.767999999999999,10,Metinic
12720,2021-05-29T15:51:07Z,9.767999999999999,25,Metinic
12721,2021-05-29T15:56:07Z,9.767999999999999,42,Metinic
12722,2021-05-29T16:01:07Z,9.767999999999999,13,Metinic
12723,2021-05-29T16:06:07Z,9.767999999999999,33,Metinic
12724,2021-05-29T16:11:07Z,9.767999999999999,19,Metinic
12725,2021-05-29T16:16:07Z,9.767999999999999,11,Metinic
12726,2021-05-29T16:21:07Z,9.767999999999999,8,Metinic
12727,2021-05-29T16:26:07Z,9.767999999999999,62,Metinic
12728,2021-05-29T16:31:07Z,9.767999999999999,25,Metinic
12729,2021-05-29T16:36:07Z,9.669,13,Metinic
12730,2021-05-29T16:41:07Z,9.669,15,Metinic
12731,2021-05-29T16:46:07Z,9.669,26,Metinic
12732,2021-05-29T16:51:07Z,9.669,32,Metinic
12733,2021-05-29T16:56:07Z,9.669,60,Metinic
12734,2021-05-29T17:01:07Z,9.669,6,Metinic
12735,2021-05-29T17:06:07Z,9.669,23,Metinic
12736,2021-05-29T17:11:07Z,9.669,39,Metinic
12737,2021-05-29T17:16:07Z,9.669,9,Metinic
12738,2021-05-29T17:21:07Z,9.669,28,Metinic
12739,2021-05-29T17:26:07Z,9.767999999999999,50,Metinic
12740,2021-05-29T17:31:07Z,9.767999999999999,51,Metinic
12741,2021-05-29T17:36:07Z,9.767999999999999,41,Metinic
12742,2021-05-29T17:41:07Z,9.767999999999999,14,Metinic
12743,2021-05-29T17:46:07Z,9.767999999999999,37,Metinic
12744,2021-05-29T17:51:07Z,9.767999999999999,63,Metinic
12745,2021-05-29T17:56:07Z,9.767999999999999,41,Metinic
12746,2021-05-29T18:01:07Z,9.767999999999999,19,Metinic
12747,2021-05-29T18:06:07Z,9.767999999999999,58,Metinic
12748,2021-05-29T18:11:07Z,9.866000000000001,50,Metinic
12749,2021-05-29T18:16:07Z,9.866000000000001,16,Metinic
12750,2021-05-29T18:21:07Z,9.866000000000001,33,Metinic
12751,2021-05-29T18:26:07Z,9.866000000000001,95,Metinic
12752,2021-05-29T18:31:07Z,9.866000000000001,76,Metinic
12753,2021-05-29T18:36:07Z,9.866000000000001,13,Metinic
12754,2021-05-29T18:41:07Z,9.965000000000002,18,Metinic
12755,2021-05-29T18:46:07Z,9.965000000000002,29,Metinic
12756,2021-05-29T18:51:07Z,9.965000000000002,17,Metinic
12757,2021-05-29T18:56:07Z,9.965000000000002,17,Metinic
12758,2021-05-29T19:01:07Z,9.965000000000002,14,Metinic
12759,2021-05-29T19:06:07Z,9.965000000000002,4,Metinic
12760,2021-05-29T19:11:07Z,9.965000000000002,26,Metinic
12761,2021-05-29T19:16:07Z,9.965000000000002,21,Metinic
12762,2021-05-29T19:21:07Z,9.965000000000002,28,Metinic
12763,2021-05-29T19:26:07Z,9.965000000000002,17,Metinic
12764,2021-05-29T19:31:07Z,9.965000000000002,19,Metinic
12765,2021-05-29T19:36:07Z,9.965000000000002,7,Metinic
12766,2021-05-29T19:41:07Z,9.965000000000002,21,Metinic
12767,2021-05-29T19:46:07Z,9.866000000000001,14,Metinic
12768,2021-05-29T19:51:07Z,9.965000000000002,33,Metinic
12769,2021-05-29T19:56:07Z,9.965000000000002,5,Metinic
12770,2021-05-29T20:01:07Z,9.965000000000002,16,Metinic
12771,2021-05-29T20:06:07Z,9.965000000000002,20,Metinic
12772,2021-05-29T20:11:07Z,9.866000000000001,5,Metinic
12773,2021-05-29T20:16:07Z,9.866000000000001,27,Metinic
12774,2021-05-29T20:21:07Z,9.866000000000001,11,Metinic
12775,2021-05-29T20:26:07Z,9.866000000000001,26,Metinic
12776,2021-05-29T20:31:07Z,9.866000000000001,10,Metinic
12777,2021-05-29T20:36:07Z,9.866000000000001,6,Metinic
12778,2021-05-29T20:41:07Z,9.866000000000001,10,Metinic
12779,2021-05-29T20:46:07Z,9.866000000000001,10,Metinic
12780,2021-05-29T20:51:07Z,9.866000000000001,26,Metinic
12781,2021-05-29T20:56:07Z,9.866000000000001,21,Metinic
12782,2021-05-29T21:01:07Z,9.866000000000001,14,Metinic
12783,2021-05-29T21:06:07Z,9.866000000000001,6,Metinic
12784,2021-05-29T21:11:07Z,9.866000000000001,3,Metinic
12785,2021-05-29T21:16:07Z,9.866000000000001,26,Metinic
12786,2021-05-29T21:21:07Z,9.866000000000001,16,Metinic
12787,2021-05-29T21:26:07Z,9.866000000000001,5,Metinic
12788,2021-05-29T21:31:07Z,9.866000000000001,16,Metinic
12789,2021-05-29T21:36:07Z,9.866000000000001,2,Metinic
12790,2021-05-29T21:41:07Z,9.767999999999999,4,Metinic
12791,2021-05-29T21:46:07Z,9.767999999999999,5,Metinic
12792,2021-05-29T21:51:07Z,9.767999999999999,2,Metinic
12793,2021-05-29T21:56:07Z,9.669,2,Metinic
12794,2021-05-29T22:01:07Z,9.767999999999999,5,Metinic
12795,2021-05-29T22:06:07Z,9.669,11,Metinic
12796,2021-05-29T22:11:07Z,9.669,10,Metinic
12797,2021-05-29T22:16:07Z,9.669,4,Metinic
12798,2021-05-29T22:21:07Z,9.669,6,Metinic
12799,2021-05-29T22:26:07Z,9.669,3,Metinic
12800,2021-05-29T22:31:07Z,9.571,0,Metinic
12801,2021-05-29T22:36:07Z,9.571,2,Metinic
12802,2021-05-29T22:41:07Z,9.669,1,Metinic
12803,2021-05-29T22:46:07Z,9.669,2,Metinic
12804,2021-05-29T22:51:07Z,9.571,14,Metinic
12805,2021-05-29T22:56:07Z,9.669,9,Metinic
12806,2021-05-29T23:01:07Z,9.669,3,Metinic
12807,2021-05-29T23:06:07Z,9.669,6,Metinic
12808,2021-05-29T23:11:07Z,9.669,0,Metinic
12809,2021-05-29T23:16:07Z,9.571,4,Metinic
12810,2021-05-29T23:21:07Z,9.571,0,Metinic
12811,2021-05-29T23:26:07Z,9.571,2,Metinic
12812,2021-05-29T23:31:07Z,9.669,1,Metinic
12813,2021-05-29T23:36:07Z,9.669,0,Metinic
12814,2021-05-29T23:41:07Z,9.669,1,Metinic
12815,2021-05-29T23:46:07Z,9.767999999999999,0,Metinic
12816,2021-05-29T23:51:07Z,9.767999999999999,0,Metinic
12817,2021-05-29T23:56:07Z,9.767999999999999,0,Metinic
12818,2021-05-30T00:01:07Z,9.767999999999999,0,Metinic
12819,2021-05-30T00:06:07Z,9.767999999999999,0,Metinic
12820,2021-05-30T00:11:07Z,9.767999999999999,0,Metinic
12821,2021-05-30T00:16:07Z,9.669,0,Metinic
12822,2021-05-30T00:21:07Z,9.669,0,Metinic
12823,2021-05-30T00:26:07Z,9.669,0,Metinic
12824,2021-05-30T00:31:07Z,9.669,0,Metinic
12825,2021-05-30T00:36:07Z,9.571,0,Metinic
12826,2021-05-30T00:41:07Z,9.571,0,Metinic
12827,2021-05-30T00:46:07Z,9.571,0,Metinic
12828,2021-05-30T00:51:07Z,9.472000000000001,0,Metinic
12829,2021-05-30T00:56:07Z,9.472000000000001,0,Metinic
12830,2021-05-30T01:01:07Z,9.373000000000001,0,Metinic
12831,2021-05-30T01:06:07Z,9.373000000000001,0,Metinic
12832,2021-05-30T01:11:07Z,9.373000000000001,0,Metinic
12833,2021-05-30T01:16:07Z,9.373000000000001,0,Metinic
12834,2021-05-30T01:21:07Z,9.373000000000001,0,Metinic
12835,2021-05-30T01:26:07Z,9.472000000000001,0,Metinic
12836,2021-05-30T01:31:07Z,9.472000000000001,0,Metinic
12837,2021-05-30T01:36:07Z,9.472000000000001,0,Metinic
12838,2021-05-30T01:41:07Z,9.472000000000001,0,Metinic
12839,2021-05-30T01:46:07Z,9.472000000000001,0,Metinic
12840,2021-05-30T01:51:07Z,9.472000000000001,0,Metinic
12841,2021-05-30T01:56:07Z,9.472000000000001,0,Metinic
12842,2021-05-30T02:01:07Z,9.472000000000001,0,Metinic
12843,2021-05-30T02:06:07Z,9.373000000000001,0,Metinic
12844,2021-05-30T02:11:07Z,9.472000000000001,0,Metinic
12845,2021-05-30T02:16:07Z,9.472000000000001,0,Metinic
12846,2021-05-30T02:21:07Z,9.472000000000001,0,Metinic
12847,2021-05-30T02:26:07Z,9.472000000000001,0,Metinic
12848,2021-05-30T02:31:07Z,9.472000000000001,0,Metinic
12849,2021-05-30T02:36:07Z,9.472000000000001,0,Metinic
12850,2021-05-30T02:41:07Z,9.472000000000001,0,Metinic
12851,2021-05-30T02:46:07Z,9.373000000000001,0,Metinic
12852,2021-05-30T02:51:07Z,9.373000000000001,0,Metinic
12853,2021-05-30T02:56:07Z,9.275,0,Metinic
12854,2021-05-30T03:01:07Z,9.275,0,Metinic
12855,2021-05-30T03:06:07Z,9.275,0,Metinic
12856,2021-05-30T03:11:07Z,9.373000000000001,0,Metinic
12857,2021-05-30T03:16:07Z,9.373000000000001,0,Metinic
12858,2021-05-30T03:21:07Z,9.373000000000001,0,Metinic
12859,2021-05-30T03:26:07Z,9.275,0,Metinic
12860,2021-05-30T03:31:07Z,9.373000000000001,0,Metinic
12861,2021-05-30T03:36:07Z,9.373000000000001,0,Metinic
12862,2021-05-30T03:41:07Z,9.373000000000001,0,Metinic
12863,2021-05-30T03:46:07Z,9.472000000000001,0,Metinic
12864,2021-05-30T03:51:07Z,9.472000000000001,0,Metinic
12865,2021-05-30T03:56:07Z,9.472000000000001,0,Metinic
12866,2021-05-30T04:01:07Z,9.472000000000001,0,Metinic
12867,2021-05-30T04:06:07Z,9.472000000000001,0,Metinic
12868,2021-05-30T04:11:07Z,9.472000000000001,0,Metinic
12869,2021-05-30T04:16:07Z,9.472000000000001,0,Metinic
12870,2021-05-30T04:21:07Z,9.472000000000001,0,Metinic
12871,2021-05-30T04:26:07Z,9.472000000000001,0,Metinic
12872,2021-05-30T04:31:07Z,9.472000000000001,0,Metinic
12873,2021-05-30T04:36:07Z,9.472000000000001,0,Metinic
12874,2021-05-30T04:41:07Z,9.472000000000001,0,Metinic
12875,2021-05-30T04:46:07Z,9.472000000000001,0,Metinic
12876,2021-05-30T04:51:07Z,9.472000000000001,0,Metinic
12877,2021-05-30T04:56:07Z,9.472000000000001,0,Metinic
12878,2021-05-30T05:01:07Z,9.472000000000001,0,Metinic
12879,2021-05-30T05:06:07Z,9.472000000000001,0,Metinic
12880,2021-05-30T05:11:07Z,9.472000000000001,0,Metinic
12881,2021-05-30T05:16:07Z,9.472000000000001,0,Metinic
12882,2021-05-30T05:21:07Z,9.472000000000001,0,Metinic
12883,2021-05-30T05:26:07Z,9.472000000000001,0,Metinic
12884,2021-05-30T05:31:07Z,9.472000000000001,0,Metinic
12885,2021-05-30T05:36:07Z,9.472000000000001,0,Metinic
12886,2021-05-30T05:41:07Z,9.472000000000001,0,Metinic
12887,2021-05-30T05:46:07Z,9.472000000000001,0,Metinic
12888,2021-05-30T05:51:07Z,9.472000000000001,0,Metinic
12889,2021-05-30T05:56:07Z,9.472000000000001,0,Metinic
12890,2021-05-30T06:01:07Z,9.472000000000001,0,Metinic
12891,2021-05-30T06:06:07Z,9.472000000000001,0,Metinic
12892,2021-05-30T06:11:07Z,9.472000000000001,0,Metinic
12893,2021-05-30T06:16:07Z,9.472000000000001,0,Metinic
12894,2021-05-30T06:21:07Z,9.472000000000001,0,Metinic
12895,2021-05-30T06:26:07Z,9.472000000000001,0,Metinic
12896,2021-05-30T06:31:07Z,9.571,0,Metinic
12897,2021-05-30T06:36:07Z,9.571,0,Metinic
12898,2021-05-30T06:41:07Z,9.669,0,Metinic
12899,2021-05-30T06:46:07Z,9.669,0,Metinic
12900,2021-05-30T06:51:07Z,9.669,0,Metinic
12901,2021-05-30T06:56:07Z,9.669,0,Metinic
12902,2021-05-30T07:01:07Z,9.669,0,Metinic
12903,2021-05-30T07:06:07Z,9.669,0,Metinic
12904,2021-05-30T07:11:07Z,9.669,0,Metinic
12905,2021-05-30T07:16:07Z,9.669,0,Metinic
12906,2021-05-30T07:21:07Z,9.669,0,Metinic
12907,2021-05-30T07:26:07Z,9.669,0,Metinic
12908,2021-05-30T07:31:07Z,9.669,0,Metinic
12909,2021-05-30T07:36:07Z,9.669,0,Metinic
12910,2021-05-30T07:41:07Z,9.669,0,Metinic
12911,2021-05-30T07:46:07Z,9.669,0,Metinic
12912,2021-05-30T07:51:07Z,9.669,0,Metinic
12913,2021-05-30T07:56:07Z,9.571,0,Metinic
12914,2021-05-30T08:01:07Z,9.571,0,Metinic
12915,2021-05-30T08:06:07Z,9.571,0,Metinic
12916,2021-05-30T08:11:07Z,9.571,0,Metinic
12917,2021-05-30T08:16:07Z,9.571,0,Metinic
12918,2021-05-30T08:21:07Z,9.571,0,Metinic
12919,2021-05-30T08:26:07Z,9.571,0,Metinic
12920,2021-05-30T08:31:07Z,9.571,0,Metinic
12921,2021-05-30T08:36:07Z,9.571,0,Metinic
12922,2021-05-30T08:41:07Z,9.571,0,Metinic
12923,2021-05-30T08:46:07Z,9.571,0,Metinic
12924,2021-05-30T08:51:07Z,9.571,0,Metinic
12925,2021-05-30T08:56:07Z,9.571,0,Metinic
12926,2021-05-30T09:01:07Z,9.571,0,Metinic
12927,2021-05-30T09:06:07Z,9.571,0,Metinic
12928,2021-05-30T09:11:07Z,9.571,0,Metinic
12929,2021-05-30T09:16:07Z,9.571,0,Metinic
12930,2021-05-30T09:21:07Z,9.571,0,Metinic
12931,2021-05-30T09:26:07Z,9.571,0,Metinic
12932,2021-05-30T09:31:07Z,9.669,0,Metinic
12933,2021-05-30T09:36:07Z,9.669,3,Metinic
12934,2021-05-30T09:41:07Z,9.669,0,Metinic
12935,2021-05-30T09:46:07Z,9.669,2,Metinic
12936,2021-05-30T09:51:07Z,9.571,0,Metinic
12937,2021-05-30T09:56:07Z,9.571,0,Metinic
12938,2021-05-30T10:01:07Z,9.571,0,Metinic
12939,2021-05-30T10:06:07Z,9.571,5,Metinic
12940,2021-05-30T10:11:07Z,9.472000000000001,0,Metinic
12941,2021-05-30T10:16:07Z,9.472000000000001,3,Metinic
12942,2021-05-30T10:21:07Z,9.571,0,Metinic
12943,2021-05-30T10:26:07Z,9.571,23,Metinic
12944,2021-05-30T10:31:07Z,9.669,22,Metinic
12945,2021-05-30T10:36:07Z,9.669,2,Metinic
12946,2021-05-30T10:41:07Z,9.669,1,Metinic
12947,2021-05-30T10:46:07Z,9.669,6,Metinic
12948,2021-05-30T10:51:07Z,9.669,10,Metinic
12949,2021-05-30T10:56:07Z,9.571,6,Metinic
12950,2021-05-30T11:01:07Z,9.571,5,Metinic
12951,2021-05-30T11:06:07Z,9.571,1,Metinic
12952,2021-05-30T11:11:07Z,9.571,5,Metinic
12953,2021-05-30T11:16:07Z,9.571,13,Metinic
12954,2021-05-30T11:21:07Z,9.571,14,Metinic
12955,2021-05-30T11:26:07Z,9.571,12,Metinic
12956,2021-05-30T11:31:07Z,9.571,0,Metinic
12957,2021-05-30T11:36:07Z,9.571,11,Metinic
12958,2021-05-30T11:41:07Z,9.571,19,Metinic
12959,2021-05-30T11:46:07Z,9.571,13,Metinic
12960,2021-05-30T11:51:07Z,9.571,4,Metinic
12961,2021-05-30T11:56:07Z,9.571,1,Metinic
12962,2021-05-30T12:01:07Z,9.571,16,Metinic
12963,2021-05-30T12:06:07Z,9.571,12,Metinic
12964,2021-05-30T12:11:07Z,9.571,2,Metinic
12965,2021-05-30T12:16:07Z,9.571,5,Metinic
12966,2021-05-30T12:21:07Z,9.571,12,Metinic
12967,2021-05-30T12:26:07Z,9.571,7,Metinic
12968,2021-05-30T12:31:07Z,9.472000000000001,29,Metinic
12969,2021-05-30T12:36:07Z,9.571,40,Metinic
12970,2021-05-30T12:41:07Z,9.472000000000001,26,Metinic
12971,2021-05-30T12:46:07Z,9.472000000000001,64,Metinic
12972,2021-05-30T12:51:07Z,9.472000000000001,44,Metinic
12973,2021-05-30T12:56:07Z,9.472000000000001,29,Metinic
12974,2021-05-30T13:01:07Z,9.373000000000001,3,Metinic
12975,2021-05-30T13:06:07Z,9.373000000000001,7,Metinic
12976,2021-05-30T13:11:07Z,9.373000000000001,12,Metinic
12977,2021-05-30T13:16:07Z,9.373000000000001,30,Metinic
12978,2021-05-30T13:21:07Z,9.373000000000001,15,Metinic
12979,2021-05-30T13:26:07Z,9.373000000000001,13,Metinic
12980,2021-05-30T13:31:07Z,9.373000000000001,22,Metinic
12981,2021-05-30T13:36:07Z,9.373000000000001,30,Metinic
12982,2021-05-30T13:41:07Z,9.373000000000001,7,Metinic
12983,2021-05-30T13:46:07Z,9.472000000000001,18,Metinic
12984,2021-05-30T13:51:07Z,9.472000000000001,4,Metinic
12985,2021-05-30T13:56:07Z,9.472000000000001,24,Metinic
12986,2021-05-30T14:01:07Z,9.373000000000001,16,Metinic
12987,2021-05-30T14:06:07Z,9.373000000000001,11,Metinic
12988,2021-05-30T14:11:07Z,9.373000000000001,11,Metinic
12989,2021-05-30T14:16:07Z,9.275,9,Metinic
12990,2021-05-30T14:21:07Z,9.373000000000001,10,Metinic
12991,2021-05-30T14:26:07Z,9.275,2,Metinic
12992,2021-05-30T14:31:07Z,9.275,10,Metinic
12993,2021-05-30T14:36:07Z,9.373000000000001,3,Metinic
12994,2021-05-30T14:41:07Z,9.373000000000001,19,Metinic
12995,2021-05-30T14:46:07Z,9.373000000000001,0,Metinic
12996,2021-05-30T14:51:07Z,9.472000000000001,5,Metinic
12997,2021-05-30T14:56:07Z,9.472000000000001,11,Metinic
12998,2021-05-30T15:01:07Z,9.472000000000001,18,Metinic
12999,2021-05-30T15:06:07Z,9.472000000000001,16,Metinic
13000,2021-05-30T15:11:07Z,9.472000000000001,12,Metinic
13001,2021-05-30T15:16:07Z,9.472000000000001,16,Metinic
13002,2021-05-30T15:21:07Z,9.373000000000001,13,Metinic
13003,2021-05-30T15:26:07Z,9.275,8,Metinic
13004,2021-05-30T15:31:07Z,9.275,8,Metinic
13005,2021-05-30T15:36:07Z,9.275,15,Metinic
13006,2021-05-30T15:41:07Z,9.373000000000001,0,Metinic
13007,2021-05-30T15:46:07Z,9.373000000000001,1,Metinic
13008,2021-05-30T15:51:07Z,9.373000000000001,2,Metinic
13009,2021-05-30T15:56:07Z,9.373000000000001,2,Metinic
13010,2021-05-30T16:01:07Z,9.472000000000001,4,Metinic
13011,2021-05-30T16:06:07Z,9.472000000000001,2,Metinic
13012,2021-05-30T16:11:07Z,9.472000000000001,1,Metinic
13013,2021-05-30T16:16:07Z,9.472000000000001,9,Metinic
13014,2021-05-30T16:21:07Z,9.472000000000001,2,Metinic
13015,2021-05-30T16:26:07Z,9.472000000000001,4,Metinic
13016,2021-05-30T16:31:07Z,9.571,17,Metinic
13017,2021-05-30T16:36:07Z,9.571,6,Metinic
13018,2021-05-30T16:41:07Z,9.571,1,Metinic
13019,2021-05-30T16:46:07Z,9.571,40,Metinic
13020,2021-05-30T16:51:07Z,9.571,22,Metinic
13021,2021-05-30T16:56:07Z,9.571,6,Metinic
13022,2021-05-30T17:01:07Z,9.571,31,Metinic
13023,2021-05-30T17:06:07Z,9.571,15,Metinic
13024,2021-05-30T17:11:07Z,9.571,11,Metinic
13025,2021-05-30T17:16:07Z,9.571,5,Metinic
13026,2021-05-30T17:21:07Z,9.571,31,Metinic
13027,2021-05-30T17:26:07Z,9.571,6,Metinic
13028,2021-05-30T17:31:07Z,9.571,27,Metinic
13029,2021-05-30T17:36:07Z,9.571,31,Metinic
13030,2021-05-30T17:41:07Z,9.571,29,Metinic
13031,2021-05-30T17:46:07Z,9.571,2,Metinic
13032,2021-05-30T17:51:07Z,9.571,28,Metinic
13033,2021-05-30T17:56:07Z,9.571,4,Metinic
13034,2021-05-30T18:01:07Z,9.571,5,Metinic
13035,2021-05-30T18:06:07Z,9.571,1,Metinic
13036,2021-05-30T18:11:07Z,9.571,12,Metinic
13037,2021-05-30T18:16:07Z,9.571,10,Metinic
13038,2021-05-30T18:21:07Z,9.571,0,Metinic
13039,2021-05-30T18:26:07Z,9.571,14,Metinic
13040,2021-05-30T18:31:07Z,9.571,15,Metinic
13041,2021-05-30T18:36:07Z,9.571,17,Metinic
13042,2021-05-30T18:41:07Z,9.571,7,Metinic
13043,2021-05-30T18:46:07Z,9.571,4,Metinic
13044,2021-05-30T18:51:07Z,9.571,23,Metinic
13045,2021-05-30T18:56:07Z,9.571,15,Metinic
13046,2021-05-30T19:01:07Z,9.571,8,Metinic
13047,2021-05-30T19:06:07Z,9.571,5,Metinic
13048,2021-05-30T19:11:07Z,9.571,2,Metinic
13049,2021-05-30T19:16:07Z,9.571,4,Metinic
13050,2021-05-30T19:21:07Z,9.571,3,Metinic
13051,2021-05-30T19:26:07Z,9.571,3,Metinic
13052,2021-05-30T19:31:07Z,9.571,10,Metinic
13053,2021-05-30T19:36:07Z,9.571,3,Metinic
13054,2021-05-30T19:41:07Z,9.571,5,Metinic
13055,2021-05-30T19:46:07Z,9.571,12,Metinic
13056,2021-05-30T19:51:07Z,9.571,7,Metinic
13057,2021-05-30T19:56:07Z,9.669,3,Metinic
13058,2021-05-30T20:01:07Z,9.669,2,Metinic
13059,2021-05-30T20:06:07Z,9.669,11,Metinic
13060,2021-05-30T20:11:07Z,9.669,17,Metinic
13061,2021-05-30T20:16:07Z,9.669,23,Metinic
13062,2021-05-30T20:21:07Z,9.669,1,Metinic
13063,2021-05-30T20:26:07Z,9.669,6,Metinic
13064,2021-05-30T20:31:07Z,9.669,6,Metinic
13065,2021-05-30T20:36:07Z,9.669,10,Metinic
13066,2021-05-30T20:41:07Z,9.669,9,Metinic
13067,2021-05-30T20:46:07Z,9.669,2,Metinic
13068,2021-05-30T20:51:07Z,9.669,1,Metinic
13069,2021-05-30T20:56:07Z,9.669,8,Metinic
13070,2021-05-30T21:01:07Z,9.669,14,Metinic
13071,2021-05-30T21:06:07Z,9.669,0,Metinic
13072,2021-05-30T21:11:07Z,9.669,5,Metinic
13073,2021-05-30T21:16:07Z,9.669,1,Metinic
13074,2021-05-30T21:21:07Z,9.669,2,Metinic
13075,2021-05-30T21:26:07Z,9.669,2,Metinic
13076,2021-05-30T21:31:07Z,9.767999999999999,3,Metinic
13077,2021-05-30T21:36:07Z,9.669,8,Metinic
13078,2021-05-30T21:41:07Z,9.767999999999999,1,Metinic
13079,2021-05-30T21:46:07Z,9.767999999999999,0,Metinic
13080,2021-05-30T21:51:07Z,9.767999999999999,0,Metinic
13081,2021-05-30T21:56:07Z,9.767999999999999,1,Metinic
13082,2021-05-30T22:01:07Z,9.767999999999999,1,Metinic
13083,2021-05-30T22:06:07Z,9.767999999999999,0,Metinic
13084,2021-05-30T22:11:07Z,9.767999999999999,3,Metinic
13085,2021-05-30T22:16:07Z,9.767999999999999,4,Metinic
13086,2021-05-30T22:21:07Z,9.767999999999999,7,Metinic
13087,2021-05-30T22:26:07Z,9.767999999999999,1,Metinic
13088,2021-05-30T22:31:07Z,9.767999999999999,6,Metinic
13089,2021-05-30T22:36:07Z,9.767999999999999,1,Metinic
13090,2021-05-30T22:41:07Z,9.767999999999999,6,Metinic
13091,2021-05-30T22:46:07Z,9.767999999999999,2,Metinic
13092,2021-05-30T22:51:07Z,9.767999999999999,0,Metinic
13093,2021-05-30T22:56:07Z,9.767999999999999,2,Metinic
13094,2021-05-30T23:01:07Z,9.767999999999999,0,Metinic
13095,2021-05-30T23:06:07Z,9.767999999999999,1,Metinic
13096,2021-05-30T23:11:07Z,9.767999999999999,0,Metinic
13097,2021-05-30T23:16:07Z,9.767999999999999,1,Metinic
13098,2021-05-30T23:21:07Z,9.767999999999999,0,Metinic
13099,2021-05-30T23:26:07Z,9.767999999999999,2,Metinic
13100,2021-05-30T23:31:07Z,9.669,0,Metinic
13101,2021-05-30T23:36:07Z,9.571,0,Metinic
13102,2021-05-30T23:41:07Z,9.472000000000001,0,Metinic
13103,2021-05-30T23:46:07Z,9.472000000000001,0,Metinic
13104,2021-05-30T23:51:07Z,9.571,0,Metinic
13105,2021-05-30T23:56:07Z,9.571,0,Metinic
13106,2021-05-31T00:01:07Z,9.571,0,Metinic
13107,2021-05-31T00:06:07Z,9.571,0,Metinic
13108,2021-05-31T00:11:07Z,9.571,0,Metinic
13109,2021-05-31T00:16:07Z,9.669,0,Metinic
13110,2021-05-31T00:21:07Z,9.669,0,Metinic
13111,2021-05-31T00:26:07Z,9.669,0,Metinic
13112,2021-05-31T00:31:07Z,9.669,0,Metinic
13113,2021-05-31T00:36:07Z,9.669,0,Metinic
13114,2021-05-31T00:41:07Z,9.669,0,Metinic
13115,2021-05-31T00:46:07Z,9.669,0,Metinic
13116,2021-05-31T00:51:07Z,9.669,0,Metinic
13117,2021-05-31T00:56:07Z,9.767999999999999,0,Metinic
13118,2021-05-31T01:01:07Z,9.767999999999999,0,Metinic
13119,2021-05-31T01:06:07Z,9.767999999999999,0,Metinic
13120,2021-05-31T01:11:07Z,9.767999999999999,0,Metinic
13121,2021-05-31T01:16:07Z,9.767999999999999,0,Metinic
13122,2021-05-31T01:21:07Z,9.767999999999999,0,Metinic
13123,2021-05-31T01:26:07Z,9.669,0,Metinic
13124,2021-05-31T01:31:07Z,9.669,0,Metinic
13125,2021-05-31T01:36:07Z,9.669,0,Metinic
13126,2021-05-31T01:41:07Z,9.669,0,Metinic
13127,2021-05-31T01:46:07Z,9.669,0,Metinic
13128,2021-05-31T01:51:07Z,9.669,0,Metinic
13129,2021-05-31T01:56:07Z,9.571,0,Metinic
13130,2021-05-31T02:01:07Z,9.571,0,Metinic
13131,2021-05-31T02:06:07Z,9.571,0,Metinic
13132,2021-05-31T02:11:07Z,9.571,0,Metinic
13133,2021-05-31T02:16:07Z,9.571,0,Metinic
13134,2021-05-31T02:21:07Z,9.571,0,Metinic
13135,2021-05-31T02:26:07Z,9.571,0,Metinic
13136,2021-05-31T02:31:07Z,9.472000000000001,0,Metinic
13137,2021-05-31T02:36:07Z,9.472000000000001,0,Metinic
13138,2021-05-31T02:41:07Z,9.472000000000001,0,Metinic
13139,2021-05-31T02:46:07Z,9.472000000000001,0,Metinic
13140,2021-05-31T02:51:07Z,9.472000000000001,0,Metinic
13141,2021-05-31T02:56:07Z,9.472000000000001,0,Metinic
13142,2021-05-31T03:01:07Z,9.472000000000001,0,Metinic
13143,2021-05-31T03:06:07Z,9.472000000000001,0,Metinic
13144,2021-05-31T03:11:07Z,9.472000000000001,0,Metinic
13145,2021-05-31T03:16:07Z,9.472000000000001,0,Metinic
13146,2021-05-31T03:21:07Z,9.472000000000001,0,Metinic
13147,2021-05-31T03:26:07Z,9.472000000000001,0,Metinic
13148,2021-05-31T03:31:07Z,9.472000000000001,0,Metinic
13149,2021-05-31T03:36:07Z,9.472000000000001,0,Metinic
13150,2021-05-31T03:41:07Z,9.373000000000001,0,Metinic
13151,2021-05-31T03:46:07Z,9.373000000000001,0,Metinic
13152,2021-05-31T03:51:07Z,9.472000000000001,0,Metinic
13153,2021-05-31T03:56:07Z,9.472000000000001,0,Metinic
13154,2021-05-31T04:01:07Z,9.472000000000001,0,Metinic
13155,2021-05-31T04:06:07Z,9.472000000000001,0,Metinic
13156,2021-05-31T04:11:07Z,9.472000000000001,0,Metinic
13157,2021-05-31T04:16:07Z,9.571,0,Metinic
13158,2021-05-31T04:21:07Z,9.571,0,Metinic
13159,2021-05-31T04:26:07Z,9.571,0,Metinic
13160,2021-05-31T04:31:07Z,9.571,0,Metinic
13161,2021-05-31T04:36:07Z,9.571,0,Metinic
13162,2021-05-31T04:41:07Z,9.571,0,Metinic
13163,2021-05-31T04:46:07Z,9.571,0,Metinic
13164,2021-05-31T04:51:07Z,9.571,0,Metinic
13165,2021-05-31T04:56:07Z,9.571,0,Metinic
13166,2021-05-31T05:01:07Z,9.571,0,Metinic
13167,2021-05-31T05:06:07Z,9.571,0,Metinic
13168,2021-05-31T05:11:07Z,9.571,0,Metinic
13169,2021-05-31T05:16:07Z,9.571,0,Metinic
13170,2021-05-31T05:21:07Z,9.571,0,Metinic
13171,2021-05-31T05:26:07Z,9.571,0,Metinic
13172,2021-05-31T05:31:07Z,9.571,0,Metinic
13173,2021-05-31T05:36:07Z,9.571,0,Metinic
13174,2021-05-31T05:41:07Z,9.571,0,Metinic
13175,2021-05-31T05:46:07Z,9.571,0,Metinic
13176,2021-05-31T05:51:07Z,9.571,0,Metinic
13177,2021-05-31T05:56:07Z,9.571,0,Metinic
13178,2021-05-31T06:01:07Z,9.571,0,Metinic
13179,2021-05-31T06:06:07Z,9.571,0,Metinic
13180,2021-05-31T06:11:07Z,9.571,0,Metinic
13181,2021-05-31T06:16:07Z,9.571,0,Metinic
13182,2021-05-31T06:21:07Z,9.571,0,Metinic
13183,2021-05-31T06:26:07Z,9.571,0,Metinic
13184,2021-05-31T06:31:07Z,9.571,0,Metinic
13185,2021-05-31T06:36:07Z,9.571,0,Metinic
13186,2021-05-31T06:41:07Z,9.571,0,Metinic
13187,2021-05-31T06:46:07Z,9.571,0,Metinic
13188,2021-05-31T06:51:07Z,9.571,0,Metinic
13189,2021-05-31T06:56:07Z,9.571,0,Metinic
13190,2021-05-31T07:01:07Z,9.571,0,Metinic
13191,2021-05-31T07:06:07Z,9.571,0,Metinic
13192,2021-05-31T07:11:07Z,9.571,0,Metinic
13193,2021-05-31T07:16:07Z,9.571,0,Metinic
13194,2021-05-31T07:21:07Z,9.571,0,Metinic
13195,2021-05-31T07:26:07Z,9.571,0,Metinic
13196,2021-05-31T07:31:07Z,9.571,0,Metinic
13197,2021-05-31T07:36:07Z,9.571,0,Metinic
13198,2021-05-31T07:41:07Z,9.571,0,Metinic
13199,2021-05-31T07:46:07Z,9.472000000000001,0,Metinic
13200,2021-05-31T07:51:07Z,9.472000000000001,0,Metinic
13201,2021-05-31T07:56:07Z,9.472000000000001,0,Metinic
13202,2021-05-31T08:01:07Z,9.472000000000001,0,Metinic
13203,2021-05-31T08:06:07Z,9.571,0,Metinic
13204,2021-05-31T08:11:07Z,9.669,0,Metinic
13205,2021-05-31T08:16:07Z,9.669,0,Metinic
13206,2021-05-31T08:21:07Z,9.767999999999999,0,Metinic
13207,2021-05-31T08:26:07Z,9.767999999999999,0,Metinic
13208,2021-05-31T08:31:07Z,9.767999999999999,0,Metinic
13209,2021-05-31T08:36:07Z,9.767999999999999,0,Metinic
13210,2021-05-31T08:41:07Z,9.767999999999999,0,Metinic
13211,2021-05-31T08:46:07Z,9.669,0,Metinic
13212,2021-05-31T08:51:07Z,9.669,0,Metinic
13213,2021-05-31T08:56:07Z,9.669,0,Metinic
13214,2021-05-31T09:01:07Z,9.669,0,Metinic
13215,2021-05-31T09:06:07Z,9.669,0,Metinic
13216,2021-05-31T09:11:07Z,9.669,0,Metinic
13217,2021-05-31T09:16:07Z,9.669,0,Metinic
13218,2021-05-31T09:21:07Z,9.669,0,Metinic
13219,2021-05-31T09:26:07Z,9.669,0,Metinic
13220,2021-05-31T09:31:07Z,9.669,0,Metinic
13221,2021-05-31T09:36:07Z,9.669,0,Metinic
13222,2021-05-31T09:41:07Z,9.669,0,Metinic
13223,2021-05-31T09:46:07Z,9.669,0,Metinic
13224,2021-05-31T09:51:07Z,9.669,0,Metinic
13225,2021-05-31T09:56:07Z,9.669,0,Metinic
13226,2021-05-31T10:01:07Z,9.669,1,Metinic
13227,2021-05-31T10:06:07Z,9.669,0,Metinic
13228,2021-05-31T10:11:07Z,9.669,1,Metinic
13229,2021-05-31T10:16:07Z,9.669,0,Metinic
13230,2021-05-31T10:21:07Z,9.669,2,Metinic
13231,2021-05-31T10:26:07Z,9.669,0,Metinic
13232,2021-05-31T10:31:07Z,9.669,1,Metinic
13233,2021-05-31T10:36:07Z,9.669,2,Metinic
13234,2021-05-31T10:41:07Z,9.669,2,Metinic
13235,2021-05-31T10:46:07Z,9.669,3,Metinic
13236,2021-05-31T10:51:07Z,9.669,18,Metinic
13237,2021-05-31T10:56:07Z,9.669,10,Metinic
13238,2021-05-31T11:01:07Z,9.669,12,Metinic
13239,2021-05-31T11:06:07Z,9.571,4,Metinic
13240,2021-05-31T11:11:07Z,9.571,3,Metinic
13241,2021-05-31T11:16:07Z,9.571,5,Metinic
13242,2021-05-31T11:21:07Z,9.571,8,Metinic
13243,2021-05-31T11:26:07Z,9.571,4,Metinic
13244,2021-05-31T11:31:07Z,9.571,2,Metinic
13245,2021-05-31T11:36:07Z,9.571,7,Metinic
13246,2021-05-31T11:41:07Z,9.472000000000001,6,Metinic
13247,2021-05-31T11:46:07Z,9.571,38,Metinic
13248,2021-05-31T11:51:07Z,9.571,1,Metinic
13249,2021-05-31T11:56:07Z,9.571,52,Metinic
13250,2021-05-31T12:01:07Z,9.472000000000001,31,Metinic
13251,2021-05-31T12:06:07Z,9.472000000000001,13,Metinic
13252,2021-05-31T12:11:07Z,9.472000000000001,53,Metinic
13253,2021-05-31T12:16:07Z,9.571,8,Metinic
13254,2021-05-31T12:21:07Z,9.571,33,Metinic
13255,2021-05-31T12:26:07Z,9.669,57,Metinic
13256,2021-05-31T12:31:07Z,9.767999999999999,78,Metinic
13257,2021-05-31T12:36:07Z,9.866000000000001,13,Metinic
13258,2021-05-31T12:41:07Z,9.866000000000001,37,Metinic
13259,2021-05-31T12:46:07Z,9.767999999999999,13,Metinic
13260,2021-05-31T12:51:07Z,9.866000000000001,33,Metinic
13261,2021-05-31T12:56:07Z,9.866000000000001,9,Metinic
13262,2021-05-31T13:01:07Z,9.866000000000001,3,Metinic
13263,2021-05-31T13:06:07Z,9.767999999999999,7,Metinic
13264,2021-05-31T13:11:07Z,9.866000000000001,9,Metinic
13265,2021-05-31T13:16:07Z,9.767999999999999,3,Metinic
13266,2021-05-31T13:21:07Z,9.767999999999999,28,Metinic
13267,2021-05-31T13:26:07Z,9.669,28,Metinic
13268,2021-05-31T13:31:07Z,9.669,5,Metinic
13269,2021-05-31T13:36:07Z,9.669,4,Metinic
13270,2021-05-31T13:41:07Z,9.571,47,Metinic
13271,2021-05-31T13:46:07Z,9.472000000000001,4,Metinic
13272,2021-05-31T13:51:07Z,9.373000000000001,46,Metinic
13273,2021-05-31T13:56:07Z,9.373000000000001,1,Metinic
13274,2021-05-31T14:01:07Z,9.373000000000001,7,Metinic
13275,2021-05-31T14:06:07Z,9.275,9,Metinic
13276,2021-05-31T14:11:07Z,9.275,29,Metinic
13277,2021-05-31T14:16:07Z,9.275,43,Metinic
13278,2021-05-31T14:21:07Z,9.275,50,Metinic
13279,2021-05-31T14:26:07Z,9.275,2,Metinic
13280,2021-05-31T14:31:07Z,9.275,13,Metinic
13281,2021-05-31T14:36:07Z,9.275,2,Metinic
13282,2021-05-31T14:41:07Z,9.373000000000001,3,Metinic
13283,2021-05-31T14:46:07Z,9.373000000000001,46,Metinic
13284,2021-05-31T14:51:07Z,9.472000000000001,48,Metinic
13285,2021-05-31T14:56:07Z,9.472000000000001,5,Metinic
13286,2021-05-31T15:01:07Z,9.472000000000001,32,Metinic
13287,2021-05-31T15:06:07Z,9.571,3,Metinic
13288,2021-05-31T15:11:07Z,9.571,15,Metinic
13289,2021-05-31T15:16:07Z,9.571,22,Metinic
13290,2021-05-31T15:21:07Z,9.571,36,Metinic
13291,2021-05-31T15:26:07Z,9.571,13,Metinic
13292,2021-05-31T15:31:07Z,9.571,6,Metinic
13293,2021-05-31T15:36:07Z,9.571,52,Metinic
13294,2021-05-31T15:41:07Z,9.571,52,Metinic
13295,2021-05-31T15:46:07Z,9.571,26,Metinic
13296,2021-05-31T15:51:07Z,9.571,16,Metinic
13297,2021-05-31T15:56:07Z,9.669,56,Metinic
13298,2021-05-31T16:01:07Z,9.669,7,Metinic
13299,2021-05-31T16:06:07Z,9.669,1,Metinic
13300,2021-05-31T16:11:07Z,9.669,3,Metinic
13301,2021-05-31T16:16:07Z,9.669,54,Metinic
13302,2021-05-31T16:21:07Z,9.472000000000001,18,Metinic
13303,2021-05-31T16:26:07Z,9.472000000000001,34,Metinic
13304,2021-05-31T16:31:07Z,9.472000000000001,9,Metinic
13305,2021-05-31T16:36:07Z,9.472000000000001,28,Metinic
13306,2021-05-31T16:41:07Z,9.472000000000001,2,Metinic
13307,2021-05-31T16:46:07Z,9.472000000000001,5,Metinic
13308,2021-05-31T16:51:07Z,9.571,31,Metinic
13309,2021-05-31T16:56:07Z,9.571,24,Metinic
13310,2021-05-31T17:01:07Z,9.669,7,Metinic
13311,2021-05-31T17:06:07Z,9.767999999999999,5,Metinic
13312,2021-05-31T17:11:07Z,9.767999999999999,4,Metinic
13313,2021-05-31T17:16:07Z,9.767999999999999,9,Metinic
13314,2021-05-31T17:21:07Z,9.669,6,Metinic
13315,2021-05-31T17:26:07Z,9.767999999999999,37,Metinic
13316,2021-05-31T17:31:07Z,9.965000000000002,25,Metinic
13317,2021-05-31T17:36:07Z,9.965000000000002,11,Metinic
13318,2021-05-31T17:41:07Z,9.965000000000002,3,Metinic
13319,2021-05-31T17:46:07Z,9.965000000000002,1,Metinic
13320,2021-05-31T17:51:07Z,9.965000000000002,13,Metinic
13321,2021-05-31T17:56:07Z,9.965000000000002,6,Metinic
13322,2021-05-31T18:01:07Z,10.063,4,Metinic
13323,2021-05-31T18:06:07Z,10.063,23,Metinic
13324,2021-05-31T18:11:07Z,10.161,5,Metinic
13325,2021-05-31T18:16:07Z,10.161,3,Metinic
13326,2021-05-31T18:21:07Z,10.259,8,Metinic
13327,2021-05-31T18:26:07Z,10.259,10,Metinic
13328,2021-05-31T18:31:07Z,10.259,29,Metinic
13329,2021-05-31T18:36:07Z,10.259,1,Metinic
13330,2021-05-31T18:41:07Z,10.259,14,Metinic
13331,2021-05-31T18:46:07Z,10.259,2,Metinic
13332,2021-05-31T18:51:07Z,10.259,4,Metinic
13333,2021-05-31T18:56:07Z,10.259,10,Metinic
13334,2021-05-31T19:01:07Z,10.259,65,Metinic
13335,2021-05-31T19:06:07Z,10.259,17,Metinic
13336,2021-05-31T19:11:07Z,10.259,22,Metinic
13337,2021-05-31T19:16:07Z,10.259,1,Metinic
13338,2021-05-31T19:21:07Z,10.259,8,Metinic
13339,2021-05-31T19:26:07Z,10.259,3,Metinic
13340,2021-05-31T19:31:07Z,10.259,14,Metinic
13341,2021-05-31T19:36:07Z,10.259,65,Metinic
13342,2021-05-31T19:41:07Z,10.259,6,Metinic
13343,2021-05-31T19:46:07Z,10.259,4,Metinic
13344,2021-05-31T19:51:07Z,10.259,27,Metinic
13345,2021-05-31T19:56:07Z,10.259,8,Metinic
13346,2021-05-31T20:01:07Z,10.259,5,Metinic
13347,2021-05-31T20:06:07Z,10.259,6,Metinic
13348,2021-05-31T20:11:07Z,10.259,10,Metinic
13349,2021-05-31T20:16:07Z,10.357000000000001,9,Metinic
13350,2021-05-31T20:21:07Z,10.357000000000001,16,Metinic
13351,2021-05-31T20:26:07Z,10.357000000000001,14,Metinic
13352,2021-05-31T20:31:07Z,10.357000000000001,2,Metinic
13353,2021-05-31T20:36:07Z,10.357000000000001,18,Metinic
13354,2021-05-31T20:41:07Z,10.357000000000001,14,Metinic
13355,2021-05-31T20:46:07Z,10.357000000000001,6,Metinic
13356,2021-05-31T20:51:07Z,10.357000000000001,18,Metinic
13357,2021-05-31T20:56:07Z,10.357000000000001,2,Metinic
13358,2021-05-31T21:01:07Z,10.357000000000001,7,Metinic
13359,2021-05-31T21:06:07Z,10.357000000000001,2,Metinic
13360,2021-05-31T21:11:07Z,10.259,12,Metinic
13361,2021-05-31T21:16:07Z,10.259,6,Metinic
13362,2021-05-31T21:21:07Z,10.259,3,Metinic
13363,2021-05-31T21:26:07Z,10.259,5,Metinic
13364,2021-05-31T21:31:07Z,10.161,2,Metinic
13365,2021-05-31T21:36:07Z,10.063,12,Metinic
13366,2021-05-31T21:41:07Z,10.063,2,Metinic
13367,2021-05-31T21:46:07Z,10.063,10,Metinic
13368,2021-05-31T21:51:07Z,9.965000000000002,4,Metinic
13369,2021-05-31T21:56:07Z,9.965000000000002,7,Metinic
13370,2021-05-31T22:01:07Z,9.965000000000002,5,Metinic
13371,2021-05-31T22:06:07Z,9.866000000000001,2,Metinic
13372,2021-05-31T22:11:07Z,9.866000000000001,3,Metinic
13373,2021-05-31T22:16:07Z,9.866000000000001,11,Metinic
13374,2021-05-31T22:21:07Z,9.866000000000001,13,Metinic
13375,2021-05-31T22:26:07Z,9.866000000000001,7,Metinic
13376,2021-05-31T22:31:07Z,9.866000000000001,6,Metinic
13377,2021-05-31T22:36:07Z,9.866000000000001,1,Metinic
13378,2021-05-31T22:41:07Z,9.767999999999999,1,Metinic
13379,2021-05-31T22:46:07Z,9.767999999999999,0,Metinic
13380,2021-05-31T22:51:07Z,9.767999999999999,1,Metinic
13381,2021-05-31T22:56:07Z,9.767999999999999,0,Metinic
13382,2021-05-31T23:01:07Z,9.669,0,Metinic
13383,2021-05-31T23:06:07Z,9.669,2,Metinic
13384,2021-05-31T23:11:07Z,9.767999999999999,0,Metinic
13385,2021-05-31T23:16:07Z,9.767999999999999,0,Metinic
13386,2021-05-31T23:21:07Z,9.669,2,Metinic
13387,2021-05-31T23:26:07Z,9.669,0,Metinic
13388,2021-05-31T23:31:07Z,9.571,2,Metinic
13389,2021-05-31T23:36:07Z,9.669,5,Metinic
13390,2021-05-31T23:41:07Z,9.669,0,Metinic
13391,2021-05-31T23:46:07Z,9.669,0,Metinic
13392,2021-05-31T23:51:07Z,9.767999999999999,1,Metinic
13393,2021-05-31T23:56:07Z,9.767999999999999,0,Metinic
13394,2021-06-01T00:01:07Z,9.767999999999999,0,Metinic
13395,2021-06-01T00:06:07Z,9.767999999999999,0,Metinic
13396,2021-06-01T00:11:07Z,9.669,0,Metinic
13397,2021-06-01T00:16:07Z,9.669,0,Metinic
13398,2021-06-01T00:21:07Z,9.571,0,Metinic
13399,2021-06-01T00:26:07Z,9.571,0,Metinic
13400,2021-06-01T00:31:07Z,9.669,0,Metinic
13401,2021-06-01T00:36:07Z,9.866000000000001,0,Metinic
13402,2021-06-01T00:41:07Z,9.866000000000001,0,Metinic
13403,2021-06-01T00:46:07Z,9.866000000000001,0,Metinic
13404,2021-06-01T00:51:07Z,9.965000000000002,0,Metinic
13405,2021-06-01T00:56:07Z,9.965000000000002,0,Metinic
13406,2021-06-01T01:01:07Z,10.063,0,Metinic
13407,2021-06-01T01:06:07Z,10.063,0,Metinic
13408,2021-06-01T01:11:07Z,10.161,0,Metinic
13409,2021-06-01T01:16:07Z,10.161,0,Metinic
13410,2021-06-01T01:21:07Z,10.161,0,Metinic
13411,2021-06-01T01:26:07Z,10.161,0,Metinic
13412,2021-06-01T01:31:07Z,10.161,0,Metinic
13413,2021-06-01T01:36:07Z,10.161,0,Metinic
13414,2021-06-01T01:41:07Z,10.161,0,Metinic
13415,2021-06-01T01:46:07Z,10.161,0,Metinic
13416,2021-06-01T01:51:07Z,10.063,0,Metinic
13417,2021-06-01T01:56:07Z,10.063,0,Metinic
13418,2021-06-01T02:01:07Z,9.965000000000002,0,Metinic
13419,2021-06-01T02:06:07Z,9.669,0,Metinic
13420,2021-06-01T02:11:07Z,9.571,0,Metinic
13421,2021-06-01T02:16:07Z,9.472000000000001,0,Metinic
13422,2021-06-01T02:21:07Z,9.472000000000001,0,Metinic
13423,2021-06-01T02:26:07Z,9.472000000000001,0,Metinic
13424,2021-06-01T02:31:07Z,9.571,0,Metinic
13425,2021-06-01T02:36:07Z,9.571,0,Metinic
13426,2021-06-01T02:41:07Z,9.669,0,Metinic
13427,2021-06-01T02:46:07Z,9.669,0,Metinic
13428,2021-06-01T02:51:07Z,9.669,0,Metinic
13429,2021-06-01T02:56:07Z,9.669,0,Metinic
13430,2021-06-01T03:01:07Z,9.669,0,Metinic
13431,2021-06-01T03:06:07Z,9.669,0,Metinic
13432,2021-06-01T03:11:07Z,9.767999999999999,0,Metinic
13433,2021-06-01T03:16:07Z,9.767999999999999,0,Metinic
13434,2021-06-01T03:21:07Z,9.767999999999999,0,Metinic
13435,2021-06-01T03:26:07Z,9.767999999999999,0,Metinic
13436,2021-06-01T03:31:07Z,9.767999999999999,0,Metinic
13437,2021-06-01T03:36:07Z,9.767999999999999,0,Metinic
13438,2021-06-01T03:41:07Z,9.767999999999999,0,Metinic
13439,2021-06-01T03:46:07Z,9.767999999999999,0,Metinic
13440,2021-06-01T03:51:07Z,9.767999999999999,0,Metinic
13441,2021-06-01T03:56:07Z,9.767999999999999,0,Metinic
13442,2021-06-01T04:01:07Z,9.767999999999999,0,Metinic
13443,2021-06-01T04:06:07Z,9.767999999999999,0,Metinic
13444,2021-06-01T04:11:07Z,9.669,0,Metinic
13445,2021-06-01T04:16:07Z,9.767999999999999,0,Metinic
13446,2021-06-01T04:21:07Z,9.767999999999999,0,Metinic
13447,2021-06-01T04:26:07Z,9.767999999999999,0,Metinic
13448,2021-06-01T04:31:07Z,9.767999999999999,0,Metinic
13449,2021-06-01T04:36:07Z,9.767999999999999,0,Metinic
13450,2021-06-01T04:41:07Z,9.866000000000001,0,Metinic
13451,2021-06-01T04:46:07Z,9.767999999999999,0,Metinic
13452,2021-06-01T04:51:07Z,9.669,0,Metinic
13453,2021-06-01T04:56:07Z,9.669,0,Metinic
13454,2021-06-01T05:01:07Z,9.767999999999999,0,Metinic
13455,2021-06-01T05:06:07Z,9.767999999999999,0,Metinic
13456,2021-06-01T05:11:07Z,9.866000000000001,0,Metinic
13457,2021-06-01T05:16:07Z,9.866000000000001,0,Metinic
13458,2021-06-01T05:21:07Z,9.866000000000001,0,Metinic
13459,2021-06-01T05:26:07Z,9.669,0,Metinic
13460,2021-06-01T05:31:07Z,9.472000000000001,0,Metinic
13461,2021-06-01T05:36:07Z,9.472000000000001,0,Metinic
13462,2021-06-01T05:41:07Z,9.472000000000001,0,Metinic
13463,2021-06-01T05:46:07Z,9.472000000000001,0,Metinic
13464,2021-06-01T05:51:07Z,9.373000000000001,0,Metinic
13465,2021-06-01T05:56:07Z,9.373000000000001,0,Metinic
13466,2021-06-01T06:01:07Z,9.472000000000001,0,Metinic
13467,2021-06-01T06:06:07Z,9.571,0,Metinic
13468,2021-06-01T06:11:07Z,9.571,0,Metinic
13469,2021-06-01T06:16:07Z,9.669,0,Metinic
13470,2021-06-01T06:21:07Z,9.767999999999999,0,Metinic
13471,2021-06-01T06:26:07Z,9.767999999999999,0,Metinic
13472,2021-06-01T06:31:07Z,9.669,0,Metinic
13473,2021-06-01T06:36:07Z,9.669,0,Metinic
13474,2021-06-01T06:41:07Z,9.767999999999999,0,Metinic
13475,2021-06-01T06:46:07Z,9.767999999999999,0,Metinic
13476,2021-06-01T06:51:07Z,9.767999999999999,0,Metinic
13477,2021-06-01T06:56:07Z,9.767999999999999,0,Metinic
13478,2021-06-01T07:01:07Z,9.767999999999999,0,Metinic
13479,2021-06-01T07:06:07Z,9.767999999999999,0,Metinic
13480,2021-06-01T07:11:07Z,9.866000000000001,0,Metinic
13481,2021-06-01T07:16:07Z,9.669,0,Metinic
13482,2021-06-01T07:21:07Z,9.669,0,Metinic
13483,2021-06-01T07:26:07Z,9.571,0,Metinic
13484,2021-06-01T07:31:07Z,9.571,0,Metinic
13485,2021-06-01T07:36:07Z,9.571,0,Metinic
13486,2021-06-01T07:41:07Z,9.669,0,Metinic
13487,2021-06-01T07:46:07Z,9.669,0,Metinic
13488,2021-06-01T07:51:07Z,9.669,0,Metinic
13489,2021-06-01T07:56:07Z,9.669,0,Metinic
13490,2021-06-01T08:01:07Z,9.571,0,Metinic
13491,2021-06-01T08:06:07Z,9.669,0,Metinic
13492,2021-06-01T08:11:07Z,9.669,0,Metinic
13493,2021-06-01T08:16:07Z,9.767999999999999,0,Metinic
13494,2021-06-01T08:21:07Z,9.866000000000001,0,Metinic
13495,2021-06-01T08:26:07Z,9.866000000000001,0,Metinic
13496,2021-06-01T08:31:07Z,9.965000000000002,0,Metinic
13497,2021-06-01T08:36:07Z,9.866000000000001,0,Metinic
13498,2021-06-01T08:41:07Z,9.965000000000002,0,Metinic
13499,2021-06-01T08:46:07Z,9.965000000000002,0,Metinic
13500,2021-06-01T08:51:07Z,9.965000000000002,0,Metinic
13501,2021-06-01T08:56:07Z,9.965000000000002,0,Metinic
13502,2021-06-01T09:01:07Z,9.965000000000002,0,Metinic
13503,2021-06-01T09:06:07Z,10.063,0,Metinic
13504,2021-06-01T09:11:07Z,10.063,0,Metinic
13505,2021-06-01T09:16:07Z,10.063,0,Metinic
13506,2021-06-01T09:21:07Z,10.161,1,Metinic
13507,2021-06-01T09:26:07Z,10.161,0,Metinic
13508,2021-06-01T09:31:07Z,10.161,0,Metinic
13509,2021-06-01T09:36:07Z,10.161,1,Metinic
13510,2021-06-01T09:41:07Z,10.063,3,Metinic
13511,2021-06-01T09:46:07Z,10.063,3,Metinic
13512,2021-06-01T09:51:07Z,10.063,5,Metinic
13513,2021-06-01T09:56:07Z,10.063,3,Metinic
13514,2021-06-01T10:01:07Z,10.063,3,Metinic
13515,2021-06-01T10:06:07Z,10.063,6,Metinic
13516,2021-06-01T10:11:07Z,10.063,3,Metinic
13517,2021-06-01T10:16:07Z,10.063,4,Metinic
13518,2021-06-01T10:21:07Z,9.965000000000002,6,Metinic
13519,2021-06-01T10:26:07Z,9.866000000000001,4,Metinic
13520,2021-06-01T10:31:07Z,9.866000000000001,12,Metinic
13521,2021-06-01T10:36:07Z,9.866000000000001,23,Metinic
13522,2021-06-01T10:41:07Z,9.767999999999999,5,Metinic
13523,2021-06-01T10:46:07Z,9.669,13,Metinic
13524,2021-06-01T10:51:07Z,9.669,25,Metinic
13525,2021-06-01T10:56:07Z,9.669,15,Metinic
13526,2021-06-01T11:01:07Z,9.571,14,Metinic
13527,2021-06-01T11:06:07Z,9.571,18,Metinic
13528,2021-06-01T11:11:07Z,9.571,14,Metinic
13529,2021-06-01T11:16:07Z,9.571,42,Metinic
13530,2021-06-01T11:21:07Z,9.571,26,Metinic
13531,2021-06-01T11:26:07Z,9.571,11,Metinic
13532,2021-06-01T11:31:07Z,9.571,18,Metinic
13533,2021-06-01T11:36:07Z,9.669,27,Metinic
13534,2021-06-01T11:41:07Z,9.669,19,Metinic
13535,2021-06-01T11:46:07Z,9.669,13,Metinic
13536,2021-06-01T11:51:07Z,9.669,29,Metinic
13537,2021-06-01T11:56:07Z,9.767999999999999,17,Metinic
13538,2021-06-01T12:01:07Z,9.669,44,Metinic
13539,2021-06-01T12:06:07Z,9.669,56,Metinic
13540,2021-06-01T12:11:07Z,9.571,34,Metinic
13541,2021-06-01T12:16:07Z,9.571,31,Metinic
13542,2021-06-01T12:21:07Z,9.571,56,Metinic
13543,2021-06-01T12:26:07Z,9.669,93,Metinic
13544,2021-06-01T12:31:07Z,9.669,42,Metinic
13545,2021-06-01T12:36:07Z,9.866000000000001,27,Metinic
13546,2021-06-01T12:41:07Z,9.965000000000002,40,Metinic
13547,2021-06-01T12:46:07Z,9.965000000000002,34,Metinic
13548,2021-06-01T12:51:07Z,10.063,69,Metinic
13549,2021-06-01T12:56:07Z,10.063,76,Metinic
13550,2021-06-01T13:01:07Z,10.063,41,Metinic
13551,2021-06-01T13:06:07Z,10.161,49,Metinic
13552,2021-06-01T13:11:07Z,10.259,42,Metinic
13553,2021-06-01T13:16:07Z,10.259,44,Metinic
13554,2021-06-01T13:21:07Z,10.259,106,Metinic
13555,2021-06-01T13:26:07Z,10.357000000000001,89,Metinic
13556,2021-06-01T13:31:07Z,10.357000000000001,51,Metinic
13557,2021-06-01T13:36:07Z,10.357000000000001,128,Metinic
13558,2021-06-01T13:41:07Z,10.357000000000001,136,Metinic
13559,2021-06-01T13:46:07Z,10.357000000000001,19,Metinic
13560,2021-06-01T13:51:07Z,10.357000000000001,21,Metinic
13561,2021-06-01T13:56:07Z,10.357000000000001,76,Metinic
13562,2021-06-01T14:01:07Z,10.357000000000001,64,Metinic
13563,2021-06-01T14:06:07Z,10.455000000000002,83,Metinic
13564,2021-06-01T14:11:07Z,10.455000000000002,68,Metinic
13565,2021-06-01T14:16:07Z,10.455000000000002,67,Metinic
13566,2021-06-01T14:21:07Z,10.259,93,Metinic
13567,2021-06-01T14:26:07Z,10.161,50,Metinic
13568,2021-06-01T14:31:07Z,10.161,104,Metinic
13569,2021-06-01T14:36:07Z,10.063,57,Metinic
13570,2021-06-01T14:41:07Z,10.063,136,Metinic
13571,2021-06-01T14:46:07Z,10.063,49,Metinic
13572,2021-06-01T14:51:07Z,10.063,50,Metinic
13573,2021-06-01T14:56:07Z,10.063,128,Metinic
13574,2021-06-01T15:01:07Z,10.063,68,Metinic
13575,2021-06-01T15:06:07Z,10.063,47,Metinic
13576,2021-06-01T15:11:07Z,10.161,41,Metinic
13577,2021-06-01T15:16:07Z,10.161,128,Metinic
13578,2021-06-01T15:21:07Z,10.259,59,Metinic
13579,2021-06-01T15:26:07Z,10.259,152,Metinic
13580,2021-06-01T15:31:07Z,10.357000000000001,200,Metinic
13581,2021-06-01T15:36:07Z,10.357000000000001,136,Metinic
13582,2021-06-01T15:41:07Z,10.357000000000001,43,Metinic
13583,2021-06-01T15:46:07Z,10.259,152,Metinic
13584,2021-06-01T15:51:07Z,10.259,78,Metinic
13585,2021-06-01T15:56:07Z,10.259,192,Metinic
13586,2021-06-01T16:01:07Z,10.259,99,Metinic
13587,2021-06-01T16:06:07Z,10.259,74,Metinic
13588,2021-06-01T16:11:07Z,10.161,101,Metinic
13589,2021-06-01T16:16:07Z,10.161,216,Metinic
13590,2021-06-01T16:21:07Z,10.161,288,Metinic
13591,2021-06-01T16:26:07Z,10.259,160,Metinic
13592,2021-06-01T16:31:07Z,10.161,30,Metinic
13593,2021-06-01T16:36:07Z,10.161,54,Metinic
13594,2021-06-01T16:41:07Z,10.161,112,Metinic
13595,2021-06-01T16:46:07Z,10.259,70,Metinic
13596,2021-06-01T16:51:07Z,10.259,208,Metinic
13597,2021-06-01T16:56:07Z,10.357000000000001,160,Metinic
13598,2021-06-01T17:01:07Z,9.965000000000002,114,Metinic
13599,2021-06-01T17:06:07Z,9.866000000000001,288,Metinic
13600,2021-06-01T17:11:07Z,9.965000000000002,20,Metinic
13601,2021-06-01T17:16:07Z,10.063,90,Metinic
13602,2021-06-01T17:21:07Z,10.063,160,Metinic
13603,2021-06-01T17:26:07Z,10.063,50,Metinic
13604,2021-06-01T17:31:07Z,10.063,256,Metinic
13605,2021-06-01T17:36:07Z,10.063,79,Metinic
13606,2021-06-01T17:41:07Z,10.161,192,Metinic
13607,2021-06-01T17:46:07Z,10.357000000000001,168,Metinic
13608,2021-06-01T17:51:07Z,10.357000000000001,184,Metinic
13609,2021-06-01T17:56:07Z,10.455000000000002,256,Metinic
13610,2021-06-01T18:01:07Z,10.553,32,Metinic
13611,2021-06-01T18:06:07Z,10.553,25,Metinic
13612,2021-06-01T18:11:07Z,10.651,85,Metinic
13613,2021-06-01T18:16:07Z,10.651,66,Metinic
13614,2021-06-01T18:21:07Z,10.651,30,Metinic
13615,2021-06-01T18:26:07Z,10.455000000000002,184,Metinic
13616,2021-06-01T18:31:07Z,10.357000000000001,320,Metinic
13617,2021-06-01T18:36:07Z,10.357000000000001,176,Metinic
13618,2021-06-01T18:41:07Z,10.357000000000001,47,Metinic
13619,2021-06-01T18:46:07Z,10.259,47,Metinic
13620,2021-06-01T18:51:07Z,10.161,176,Metinic
13621,2021-06-01T18:56:07Z,10.161,144,Metinic
13622,2021-06-01T19:01:07Z,10.161,66,Metinic
13623,2021-06-01T19:06:07Z,10.259,24,Metinic
13624,2021-06-01T19:11:07Z,10.259,184,Metinic
13625,2021-06-01T19:16:07Z,10.259,56,Metinic
13626,2021-06-01T19:21:07Z,10.259,34,Metinic
13627,2021-06-01T19:26:07Z,10.161,152,Metinic
13628,2021-06-01T19:31:07Z,10.161,57,Metinic
13629,2021-06-01T19:36:07Z,10.161,68,Metinic
13630,2021-06-01T19:41:07Z,10.063,26,Metinic
13631,2021-06-01T19:46:07Z,9.965000000000002,123,Metinic
13632,2021-06-01T19:51:07Z,9.965000000000002,32,Metinic
13633,2021-06-01T19:56:07Z,9.965000000000002,74,Metinic
13634,2021-06-01T20:01:07Z,9.965000000000002,200,Metinic
13635,2021-06-01T20:06:07Z,9.866000000000001,12,Metinic
13636,2021-06-01T20:11:07Z,9.866000000000001,74,Metinic
13637,2021-06-01T20:16:07Z,9.866000000000001,12,Metinic
13638,2021-06-01T20:21:07Z,9.965000000000002,128,Metinic
13639,2021-06-01T20:26:07Z,9.866000000000001,6,Metinic
13640,2021-06-01T20:31:07Z,9.866000000000001,2,Metinic
13641,2021-06-01T20:36:07Z,9.866000000000001,0,Metinic
13642,2021-06-01T20:41:07Z,9.866000000000001,4,Metinic
13643,2021-06-01T20:46:07Z,9.866000000000001,9,Metinic
13644,2021-06-01T20:51:07Z,9.866000000000001,6,Metinic
13645,2021-06-01T20:56:07Z,9.866000000000001,1,Metinic
13646,2021-06-01T21:01:07Z,9.866000000000001,12,Metinic
13647,2021-06-01T21:06:07Z,9.965000000000002,168,Metinic
13648,2021-06-01T21:11:07Z,10.063,20,Metinic
13649,2021-06-01T21:16:07Z,10.161,22,Metinic
13650,2021-06-01T21:21:07Z,10.161,57,Metinic
13651,2021-06-01T21:26:07Z,10.259,18,Metinic
13652,2021-06-01T21:31:07Z,10.259,123,Metinic
13653,2021-06-01T21:36:07Z,10.259,58,Metinic
13654,2021-06-01T21:41:07Z,10.259,37,Metinic
13655,2021-06-01T21:46:07Z,10.357000000000001,51,Metinic
13656,2021-06-01T21:51:07Z,10.357000000000001,70,Metinic
13657,2021-06-01T21:56:07Z,10.357000000000001,14,Metinic
13658,2021-06-01T22:01:07Z,10.357000000000001,80,Metinic
13659,2021-06-01T22:06:07Z,10.357000000000001,14,Metinic
13660,2021-06-01T22:11:07Z,10.455000000000002,53,Metinic
13661,2021-06-01T22:16:07Z,10.455000000000002,13,Metinic
13662,2021-06-01T22:21:07Z,10.553,5,Metinic
13663,2021-06-01T22:26:07Z,10.553,39,Metinic
13664,2021-06-01T22:31:07Z,10.553,8,Metinic
13665,2021-06-01T22:36:07Z,10.553,28,Metinic
13666,2021-06-01T22:41:07Z,10.553,9,Metinic
13667,2021-06-01T22:46:07Z,10.455000000000002,34,Metinic
13668,2021-06-01T22:51:07Z,10.455000000000002,12,Metinic
13669,2021-06-01T22:56:07Z,10.259,7,Metinic
13670,2021-06-01T23:01:07Z,10.161,12,Metinic
13671,2021-06-01T23:06:07Z,10.161,29,Metinic
13672,2021-06-01T23:11:07Z,10.161,8,Metinic
13673,2021-06-01T23:16:07Z,10.161,3,Metinic
13674,2021-06-01T23:21:07Z,10.063,4,Metinic
13675,2021-06-01T23:26:07Z,9.965000000000002,2,Metinic
13676,2021-06-01T23:31:07Z,10.063,1,Metinic
13677,2021-06-01T23:36:07Z,10.063,1,Metinic
13678,2021-06-01T23:41:07Z,10.063,6,Metinic
13679,2021-06-01T23:46:07Z,10.063,0,Metinic
13680,2021-06-01T23:51:07Z,10.063,1,Metinic
13681,2021-06-01T23:56:07Z,9.965000000000002,1,Metinic
13682,2021-06-02T00:01:07Z,9.965000000000002,0,Metinic
13683,2021-06-02T00:06:07Z,9.866000000000001,0,Metinic
13684,2021-06-02T00:11:07Z,9.866000000000001,0,Metinic
13685,2021-06-02T00:16:07Z,9.866000000000001,0,Metinic
13686,2021-06-02T00:21:07Z,9.866000000000001,0,Metinic
13687,2021-06-02T00:26:07Z,9.866000000000001,0,Metinic
13688,2021-06-02T00:31:07Z,9.866000000000001,0,Metinic
13689,2021-06-02T00:36:07Z,9.767999999999999,0,Metinic
13690,2021-06-02T00:41:07Z,9.866000000000001,0,Metinic
13691,2021-06-02T00:46:07Z,9.866000000000001,0,Metinic
13692,2021-06-02T00:51:07Z,9.866000000000001,0,Metinic
13693,2021-06-02T00:56:07Z,9.866000000000001,0,Metinic
13694,2021-06-02T01:01:07Z,9.866000000000001,0,Metinic
13695,2021-06-02T01:06:07Z,9.767999999999999,0,Metinic
13696,2021-06-02T01:11:07Z,9.767999999999999,0,Metinic
13697,2021-06-02T01:16:07Z,9.866000000000001,0,Metinic
13698,2021-06-02T01:21:07Z,9.965000000000002,0,Metinic
13699,2021-06-02T01:26:07Z,10.063,0,Metinic
13700,2021-06-02T01:31:07Z,10.063,0,Metinic
13701,2021-06-02T01:36:07Z,9.767999999999999,0,Metinic
13702,2021-06-02T01:41:07Z,9.669,0,Metinic
13703,2021-06-02T01:46:07Z,9.767999999999999,0,Metinic
13704,2021-06-02T01:51:07Z,9.965000000000002,0,Metinic
13705,2021-06-02T01:56:07Z,10.063,0,Metinic
13706,2021-06-02T02:01:07Z,10.063,0,Metinic
13707,2021-06-02T02:06:07Z,10.063,0,Metinic
13708,2021-06-02T02:11:07Z,10.161,0,Metinic
13709,2021-06-02T02:16:07Z,9.965000000000002,0,Metinic
13710,2021-06-02T02:21:07Z,9.767999999999999,0,Metinic
13711,2021-06-02T02:26:07Z,9.669,0,Metinic
13712,2021-06-02T02:31:07Z,9.571,0,Metinic
13713,2021-06-02T02:36:07Z,9.571,0,Metinic
13714,2021-06-02T02:41:07Z,9.571,0,Metinic
13715,2021-06-02T02:46:07Z,9.571,0,Metinic
13716,2021-06-02T02:51:07Z,9.571,0,Metinic
13717,2021-06-02T02:56:07Z,9.669,0,Metinic
13718,2021-06-02T03:01:07Z,9.669,0,Metinic
13719,2021-06-02T03:06:07Z,9.669,0,Metinic
13720,2021-06-02T03:11:07Z,9.767999999999999,0,Metinic
13721,2021-06-02T03:16:07Z,9.767999999999999,0,Metinic
13722,2021-06-02T03:21:07Z,9.767999999999999,0,Metinic
13723,2021-06-02T03:26:07Z,9.669,0,Metinic
13724,2021-06-02T03:31:07Z,9.669,0,Metinic
13725,2021-06-02T03:36:07Z,9.669,0,Metinic
13726,2021-06-02T03:41:07Z,9.669,0,Metinic
13727,2021-06-02T03:46:07Z,9.669,0,Metinic
13728,2021-06-02T03:51:07Z,9.669,0,Metinic
13729,2021-06-02T03:56:07Z,9.571,0,Metinic
13730,2021-06-02T04:01:07Z,9.571,0,Metinic
13731,2021-06-02T04:06:07Z,9.571,0,Metinic
13732,2021-06-02T04:11:07Z,9.669,0,Metinic
13733,2021-06-02T04:16:07Z,9.767999999999999,0,Metinic
13734,2021-06-02T04:21:07Z,9.866000000000001,0,Metinic
13735,2021-06-02T04:26:07Z,9.866000000000001,0,Metinic
13736,2021-06-02T04:31:07Z,9.866000000000001,0,Metinic
13737,2021-06-02T04:36:07Z,9.866000000000001,0,Metinic
13738,2021-06-02T04:41:07Z,9.866000000000001,0,Metinic
13739,2021-06-02T04:46:07Z,9.767999999999999,0,Metinic
13740,2021-06-02T04:51:07Z,9.767999999999999,0,Metinic
13741,2021-06-02T04:56:07Z,9.767999999999999,0,Metinic
13742,2021-06-02T05:01:07Z,9.767999999999999,0,Metinic
13743,2021-06-02T05:06:07Z,9.767999999999999,0,Metinic
13744,2021-06-02T05:11:07Z,9.767999999999999,0,Metinic
13745,2021-06-02T05:16:07Z,9.767999999999999,0,Metinic
13746,2021-06-02T05:21:07Z,9.669,0,Metinic
13747,2021-06-02T05:26:07Z,9.571,0,Metinic
13748,2021-06-02T05:31:07Z,9.571,0,Metinic
13749,2021-06-02T05:36:07Z,9.571,0,Metinic
13750,2021-06-02T05:41:07Z,9.571,0,Metinic
13751,2021-06-02T05:46:07Z,9.472000000000001,0,Metinic
13752,2021-06-02T05:51:07Z,9.571,0,Metinic
13753,2021-06-02T05:56:07Z,9.472000000000001,0,Metinic
13754,2021-06-02T06:01:07Z,9.373000000000001,0,Metinic
13755,2021-06-02T06:06:07Z,9.373000000000001,0,Metinic
13756,2021-06-02T06:11:07Z,9.373000000000001,0,Metinic
13757,2021-06-02T06:16:07Z,9.373000000000001,0,Metinic
13758,2021-06-02T06:21:07Z,9.373000000000001,0,Metinic
13759,2021-06-02T06:26:07Z,9.373000000000001,0,Metinic
13760,2021-06-02T06:31:07Z,9.472000000000001,0,Metinic
13761,2021-06-02T06:36:07Z,9.472000000000001,0,Metinic
13762,2021-06-02T06:41:07Z,9.571,0,Metinic
13763,2021-06-02T06:46:07Z,9.669,0,Metinic
13764,2021-06-02T06:51:07Z,9.669,0,Metinic
13765,2021-06-02T06:56:07Z,9.767999999999999,0,Metinic
13766,2021-06-02T07:01:07Z,9.866000000000001,0,Metinic
13767,2021-06-02T07:06:07Z,9.866000000000001,0,Metinic
13768,2021-06-02T07:11:07Z,9.866000000000001,0,Metinic
13769,2021-06-02T07:16:07Z,9.866000000000001,0,Metinic
13770,2021-06-02T07:21:07Z,9.965000000000002,0,Metinic
13771,2021-06-02T07:26:07Z,9.965000000000002,0,Metinic
13772,2021-06-02T07:31:07Z,9.965000000000002,0,Metinic
13773,2021-06-02T07:36:07Z,9.965000000000002,0,Metinic
13774,2021-06-02T07:41:07Z,9.965000000000002,0,Metinic
13775,2021-06-02T07:46:07Z,9.965000000000002,0,Metinic
13776,2021-06-02T07:51:07Z,9.965000000000002,0,Metinic
13777,2021-06-02T07:56:07Z,9.965000000000002,0,Metinic
13778,2021-06-02T08:01:07Z,9.965000000000002,0,Metinic
13779,2021-06-02T08:06:07Z,9.965000000000002,0,Metinic
13780,2021-06-02T08:11:07Z,9.866000000000001,0,Metinic
13781,2021-06-02T08:16:07Z,9.866000000000001,0,Metinic
13782,2021-06-02T08:21:07Z,9.767999999999999,0,Metinic
13783,2021-06-02T08:26:07Z,9.767999999999999,0,Metinic
13784,2021-06-02T08:31:07Z,9.669,0,Metinic
13785,2021-06-02T08:36:07Z,9.669,0,Metinic
13786,2021-06-02T08:41:07Z,9.669,0,Metinic
13787,2021-06-02T08:46:07Z,9.669,0,Metinic
13788,2021-06-02T08:51:07Z,9.669,0,Metinic
13789,2021-06-02T08:56:07Z,9.767999999999999,0,Metinic
13790,2021-06-02T09:01:07Z,9.767999999999999,0,Metinic
13791,2021-06-02T09:06:07Z,9.866000000000001,0,Metinic
13792,2021-06-02T09:11:07Z,9.866000000000001,0,Metinic
13793,2021-06-02T09:16:07Z,9.866000000000001,0,Metinic
13794,2021-06-02T09:21:07Z,9.866000000000001,0,Metinic
13795,2021-06-02T09:26:07Z,9.866000000000001,1,Metinic
13796,2021-06-02T09:31:07Z,9.866000000000001,2,Metinic
13797,2021-06-02T09:36:07Z,9.866000000000001,6,Metinic
13798,2021-06-02T09:41:07Z,9.866000000000001,2,Metinic
13799,2021-06-02T09:46:07Z,9.866000000000001,3,Metinic
13800,2021-06-02T09:51:07Z,9.866000000000001,2,Metinic
13801,2021-06-02T09:56:07Z,9.866000000000001,4,Metinic
13802,2021-06-02T10:01:07Z,9.965000000000002,2,Metinic
13803,2021-06-02T10:06:07Z,9.965000000000002,1,Metinic
13804,2021-06-02T10:11:07Z,9.965000000000002,4,Metinic
13805,2021-06-02T10:16:07Z,9.965000000000002,4,Metinic
13806,2021-06-02T10:21:07Z,9.965000000000002,4,Metinic
13807,2021-06-02T10:26:07Z,9.965000000000002,4,Metinic
13808,2021-06-02T10:31:07Z,9.965000000000002,6,Metinic
13809,2021-06-02T10:36:07Z,10.063,7,Metinic
13810,2021-06-02T10:41:07Z,10.063,10,Metinic
13811,2021-06-02T10:46:07Z,10.063,8,Metinic
13812,2021-06-02T10:51:07Z,10.063,9,Metinic
13813,2021-06-02T10:56:07Z,10.161,7,Metinic
13814,2021-06-02T11:01:07Z,10.161,6,Metinic
13815,2021-06-02T11:06:07Z,10.161,7,Metinic
13816,2021-06-02T11:11:07Z,10.161,8,Metinic
13817,2021-06-02T11:16:07Z,10.161,12,Metinic
13818,2021-06-02T11:21:07Z,10.161,19,Metinic
13819,2021-06-02T11:26:07Z,10.161,18,Metinic
13820,2021-06-02T11:31:07Z,10.259,12,Metinic
13821,2021-06-02T11:36:07Z,10.259,17,Metinic
13822,2021-06-02T11:41:07Z,10.259,10,Metinic
13823,2021-06-02T11:46:07Z,10.259,19,Metinic
13824,2021-06-02T11:51:07Z,10.259,13,Metinic
13825,2021-06-02T11:56:07Z,10.259,15,Metinic
13826,2021-06-02T12:01:07Z,10.357000000000001,22,Metinic
13827,2021-06-02T12:06:07Z,10.357000000000001,16,Metinic
13828,2021-06-02T12:11:07Z,10.161,17,Metinic
13829,2021-06-02T12:16:07Z,10.259,20,Metinic
13830,2021-06-02T12:21:07Z,10.357000000000001,23,Metinic
13831,2021-06-02T12:26:07Z,10.357000000000001,18,Metinic
13832,2021-06-02T12:31:07Z,10.357000000000001,17,Metinic
13833,2021-06-02T12:36:07Z,10.161,22,Metinic
13834,2021-06-02T12:41:07Z,10.063,33,Metinic
13835,2021-06-02T12:46:07Z,10.161,39,Metinic
13836,2021-06-02T12:51:07Z,10.161,27,Metinic
13837,2021-06-02T12:56:07Z,10.161,28,Metinic
13838,2021-06-02T13:01:07Z,10.063,29,Metinic
13839,2021-06-02T13:06:07Z,9.965000000000002,55,Metinic
13840,2021-06-02T13:11:07Z,9.965000000000002,34,Metinic
13841,2021-06-02T13:16:07Z,9.965000000000002,39,Metinic
13842,2021-06-02T13:21:07Z,9.965000000000002,32,Metinic
13843,2021-06-02T13:26:07Z,9.965000000000002,27,Metinic
13844,2021-06-02T13:31:07Z,9.965000000000002,14,Metinic
13845,2021-06-02T13:36:07Z,9.866000000000001,55,Metinic
13846,2021-06-02T13:41:07Z,9.866000000000001,53,Metinic
13847,2021-06-02T13:46:07Z,9.866000000000001,37,Metinic
13848,2021-06-02T13:51:07Z,9.965000000000002,54,Metinic
13849,2021-06-02T13:56:07Z,9.965000000000002,59,Metinic
13850,2021-06-02T14:01:07Z,10.063,49,Metinic
13851,2021-06-02T14:06:07Z,10.161,41,Metinic
13852,2021-06-02T14:11:07Z,10.161,96,Metinic
13853,2021-06-02T14:16:07Z,10.063,69,Metinic
13854,2021-06-02T14:21:07Z,10.161,50,Metinic
13855,2021-06-02T14:26:07Z,10.161,92,Metinic
13856,2021-06-02T14:31:07Z,10.161,136,Metinic
13857,2021-06-02T14:36:07Z,9.965000000000002,46,Metinic
13858,2021-06-02T14:41:07Z,9.866000000000001,49,Metinic
13859,2021-06-02T14:46:07Z,9.866000000000001,111,Metinic
13860,2021-06-02T14:51:07Z,9.866000000000001,57,Metinic
13861,2021-06-02T14:56:07Z,9.866000000000001,168,Metinic
13862,2021-06-02T15:01:07Z,9.866000000000001,68,Metinic
13863,2021-06-02T15:06:07Z,9.866000000000001,116,Metinic
13864,2021-06-02T15:11:07Z,9.866000000000001,38,Metinic
13865,2021-06-02T15:16:07Z,9.866000000000001,97,Metinic
13866,2021-06-02T15:21:07Z,9.866000000000001,77,Metinic
13867,2021-06-02T15:26:07Z,9.866000000000001,51,Metinic
13868,2021-06-02T15:31:07Z,9.866000000000001,52,Metinic
13869,2021-06-02T15:36:07Z,9.866000000000001,62,Metinic
13870,2021-06-02T15:41:07Z,9.866000000000001,168,Metinic
13871,2021-06-02T15:46:07Z,9.866000000000001,103,Metinic
13872,2021-06-02T15:51:07Z,9.866000000000001,144,Metinic
13873,2021-06-02T15:56:07Z,9.866000000000001,76,Metinic
13874,2021-06-02T16:01:07Z,9.866000000000001,110,Metinic
13875,2021-06-02T16:06:07Z,9.866000000000001,50,Metinic
13876,2021-06-02T16:11:07Z,9.866000000000001,120,Metinic
13877,2021-06-02T16:16:07Z,9.866000000000001,100,Metinic
13878,2021-06-02T16:21:07Z,9.669,79,Metinic
13879,2021-06-02T16:26:07Z,9.669,128,Metinic
13880,2021-06-02T16:31:07Z,9.571,128,Metinic
13881,2021-06-02T16:36:07Z,9.571,136,Metinic
13882,2021-06-02T16:41:07Z,9.571,127,Metinic
13883,2021-06-02T16:46:07Z,9.472000000000001,69,Metinic
13884,2021-06-02T16:51:07Z,9.571,104,Metinic
13885,2021-06-02T16:56:07Z,9.571,71,Metinic
13886,2021-06-02T17:01:07Z,9.571,69,Metinic
13887,2021-06-02T17:06:07Z,9.767999999999999,144,Metinic
13888,2021-06-02T17:11:07Z,9.866000000000001,160,Metinic
13889,2021-06-02T17:16:07Z,9.965000000000002,72,Metinic
13890,2021-06-02T17:21:07Z,9.866000000000001,81,Metinic
13891,2021-06-02T17:26:07Z,9.866000000000001,128,Metinic
13892,2021-06-02T17:31:07Z,9.866000000000001,128,Metinic
13893,2021-06-02T17:36:07Z,9.965000000000002,288,Metinic
13894,2021-06-02T17:41:07Z,10.259,103,Metinic
13895,2021-06-02T17:46:07Z,10.161,224,Metinic
13896,2021-06-02T17:51:07Z,10.063,136,Metinic
13897,2021-06-02T17:56:07Z,9.965000000000002,248,Metinic
13898,2021-06-02T18:01:07Z,9.767999999999999,96,Metinic
13899,2021-06-02T18:06:07Z,9.669,83,Metinic
13900,2021-06-02T18:11:07Z,9.669,79,Metinic
13901,2021-06-02T18:16:07Z,9.669,144,Metinic
13902,2021-06-02T18:21:07Z,9.767999999999999,42,Metinic
13903,2021-06-02T18:26:07Z,9.571,336,Metinic
13904,2021-06-02T18:31:07Z,9.571,224,Metinic
13905,2021-06-02T18:36:07Z,9.571,57,Metinic
13906,2021-06-02T18:41:07Z,9.571,86,Metinic
13907,2021-06-02T18:46:07Z,9.669,128,Metinic
13908,2021-06-02T18:51:07Z,9.866000000000001,304,Metinic
13909,2021-06-02T18:56:07Z,10.063,54,Metinic
13910,2021-06-02T19:01:07Z,10.161,208,Metinic
13911,2021-06-02T19:06:07Z,10.455000000000002,54,Metinic
13912,2021-06-02T19:11:07Z,10.553,103,Metinic
13913,2021-06-02T19:16:07Z,10.651,240,Metinic
13914,2021-06-02T19:21:07Z,10.651,52,Metinic
13915,2021-06-02T19:26:07Z,10.651,79,Metinic
13916,2021-06-02T19:31:07Z,10.747999999999998,55,Metinic
13917,2021-06-02T19:36:07Z,10.747999999999998,33,Metinic
13918,2021-06-02T19:41:07Z,10.747999999999998,128,Metinic
13919,2021-06-02T19:46:07Z,10.651,79,Metinic
13920,2021-06-02T19:51:07Z,10.553,40,Metinic
13921,2021-06-02T19:56:07Z,10.455000000000002,70,Metinic
13922,2021-06-02T20:01:07Z,10.357000000000001,65,Metinic
13923,2021-06-02T20:06:07Z,10.357000000000001,46,Metinic
13924,2021-06-02T20:11:07Z,10.357000000000001,28,Metinic
13925,2021-06-02T20:16:07Z,10.259,37,Metinic
13926,2021-06-02T20:21:07Z,10.259,105,Metinic
13927,2021-06-02T20:26:07Z,10.161,38,Metinic
13928,2021-06-02T20:31:07Z,10.063,33,Metinic
13929,2021-06-02T20:36:07Z,9.965000000000002,85,Metinic
13930,2021-06-02T20:41:07Z,9.965000000000002,52,Metinic
13931,2021-06-02T20:46:07Z,9.965000000000002,128,Metinic
13932,2021-06-02T20:51:07Z,9.965000000000002,35,Metinic
13933,2021-06-02T20:56:07Z,9.965000000000002,24,Metinic
13934,2021-06-02T21:01:07Z,10.063,56,Metinic
13935,2021-06-02T21:06:07Z,10.161,65,Metinic
13936,2021-06-02T21:11:07Z,10.161,27,Metinic
13937,2021-06-02T21:16:07Z,10.259,42,Metinic
13938,2021-06-02T21:21:07Z,10.259,64,Metinic
13939,2021-06-02T21:26:07Z,10.259,39,Metinic
13940,2021-06-02T21:31:07Z,10.161,19,Metinic
13941,2021-06-02T21:36:07Z,10.259,32,Metinic
13942,2021-06-02T21:41:07Z,10.259,12,Metinic
13943,2021-06-02T21:46:07Z,10.259,10,Metinic
13944,2021-06-02T21:51:07Z,10.063,12,Metinic
13945,2021-06-02T21:56:07Z,10.063,18,Metinic
13946,2021-06-02T22:01:07Z,10.161,29,Metinic
13947,2021-06-02T22:06:07Z,10.161,13,Metinic
13948,2021-06-02T22:11:07Z,10.357000000000001,19,Metinic
13949,2021-06-02T22:16:07Z,10.357000000000001,13,Metinic
13950,2021-06-02T22:21:07Z,10.259,15,Metinic
13951,2021-06-02T22:26:07Z,10.357000000000001,15,Metinic
13952,2021-06-02T22:31:07Z,10.357000000000001,18,Metinic
13953,2021-06-02T22:36:07Z,10.357000000000001,29,Metinic
13954,2021-06-02T22:41:07Z,10.357000000000001,24,Metinic
13955,2021-06-02T22:46:07Z,10.357000000000001,24,Metinic
13956,2021-06-02T22:51:07Z,10.357000000000001,17,Metinic
13957,2021-06-02T22:56:07Z,10.357000000000001,9,Metinic
13958,2021-06-02T23:01:07Z,10.357000000000001,16,Metinic
13959,2021-06-02T23:06:07Z,10.357000000000001,6,Metinic
13960,2021-06-02T23:11:07Z,10.357000000000001,4,Metinic
13961,2021-06-02T23:16:07Z,10.357000000000001,2,Metinic
13962,2021-06-02T23:21:07Z,10.455000000000002,3,Metinic
13963,2021-06-02T23:26:07Z,10.455000000000002,2,Metinic
13964,2021-06-02T23:31:07Z,10.455000000000002,2,Metinic
13965,2021-06-02T23:36:07Z,10.455000000000002,1,Metinic
13966,2021-06-02T23:41:07Z,10.455000000000002,2,Metinic
13967,2021-06-02T23:46:07Z,10.455000000000002,1,Metinic
13968,2021-06-02T23:51:07Z,10.553,1,Metinic
13969,2021-06-02T23:56:07Z,10.553,0,Metinic
13970,2021-06-03T00:01:07Z,10.455000000000002,0,Metinic
13971,2021-06-03T00:06:07Z,10.455000000000002,0,Metinic
13972,2021-06-03T00:11:07Z,10.063,0,Metinic
13973,2021-06-03T00:16:07Z,9.965000000000002,0,Metinic
13974,2021-06-03T00:21:07Z,9.965000000000002,0,Metinic
13975,2021-06-03T00:26:07Z,9.965000000000002,0,Metinic
13976,2021-06-03T00:31:07Z,9.965000000000002,0,Metinic
13977,2021-06-03T00:36:07Z,9.965000000000002,0,Metinic
13978,2021-06-03T00:41:07Z,9.965000000000002,0,Metinic
13979,2021-06-03T00:46:07Z,9.965000000000002,0,Metinic
13980,2021-06-03T00:51:07Z,9.965000000000002,0,Metinic
13981,2021-06-03T00:56:07Z,9.965000000000002,0,Metinic
13982,2021-06-03T01:01:07Z,9.965000000000002,0,Metinic
13983,2021-06-03T01:06:07Z,9.965000000000002,0,Metinic
13984,2021-06-03T01:11:07Z,9.669,0,Metinic
13985,2021-06-03T01:16:07Z,9.571,0,Metinic
13986,2021-06-03T01:21:07Z,9.571,0,Metinic
13987,2021-06-03T01:26:07Z,9.571,0,Metinic
13988,2021-06-03T01:31:07Z,9.571,0,Metinic
13989,2021-06-03T01:36:07Z,9.571,0,Metinic
13990,2021-06-03T01:41:07Z,9.571,0,Metinic
13991,2021-06-03T01:46:07Z,9.669,0,Metinic
13992,2021-06-03T01:51:07Z,9.669,0,Metinic
13993,2021-06-03T01:56:07Z,9.767999999999999,0,Metinic
13994,2021-06-03T02:01:07Z,9.866000000000001,0,Metinic
13995,2021-06-03T02:06:07Z,10.063,0,Metinic
13996,2021-06-03T02:11:07Z,10.063,0,Metinic
13997,2021-06-03T02:16:07Z,10.259,0,Metinic
13998,2021-06-03T02:21:07Z,10.259,0,Metinic
13999,2021-06-03T02:26:07Z,10.553,0,Metinic
14000,2021-06-03T02:31:07Z,10.651,0,Metinic
14001,2021-06-03T02:36:07Z,10.651,0,Metinic
14002,2021-06-03T02:41:07Z,10.651,0,Metinic
14003,2021-06-03T02:46:07Z,10.651,0,Metinic
14004,2021-06-03T02:51:07Z,10.553,0,Metinic
14005,2021-06-03T02:56:07Z,10.553,0,Metinic
14006,2021-06-03T03:01:07Z,10.553,0,Metinic
14007,2021-06-03T03:06:07Z,10.651,0,Metinic
14008,2021-06-03T03:11:07Z,10.651,0,Metinic
14009,2021-06-03T03:16:07Z,10.651,0,Metinic
14010,2021-06-03T03:21:07Z,10.651,0,Metinic
14011,2021-06-03T03:26:07Z,10.553,0,Metinic
14012,2021-06-03T03:31:07Z,10.553,0,Metinic
14013,2021-06-03T03:36:07Z,10.455000000000002,0,Metinic
14014,2021-06-03T03:41:07Z,10.455000000000002,0,Metinic
14015,2021-06-03T03:46:07Z,10.455000000000002,0,Metinic
14016,2021-06-03T03:51:07Z,10.455000000000002,0,Metinic
14017,2021-06-03T03:56:07Z,10.357000000000001,0,Metinic
14018,2021-06-03T04:01:07Z,10.161,0,Metinic
14019,2021-06-03T04:06:07Z,10.161,0,Metinic
14020,2021-06-03T04:11:07Z,10.161,0,Metinic
14021,2021-06-03T04:16:07Z,10.161,0,Metinic
14022,2021-06-03T04:21:07Z,10.161,0,Metinic
14023,2021-06-03T04:26:07Z,10.161,0,Metinic
14024,2021-06-03T04:31:07Z,9.767999999999999,0,Metinic
14025,2021-06-03T04:36:07Z,9.571,0,Metinic
14026,2021-06-03T04:41:07Z,9.571,0,Metinic
14027,2021-06-03T04:46:07Z,9.571,0,Metinic
14028,2021-06-03T04:51:07Z,9.373000000000001,0,Metinic
14029,2021-06-03T04:56:07Z,9.373000000000001,0,Metinic
14030,2021-06-03T05:01:07Z,9.275,0,Metinic
14031,2021-06-03T05:06:07Z,9.275,0,Metinic
14032,2021-06-03T05:11:07Z,9.275,0,Metinic
14033,2021-06-03T05:16:07Z,9.275,0,Metinic
14034,2021-06-03T05:21:07Z,9.176,0,Metinic
14035,2021-06-03T05:26:07Z,9.176,0,Metinic
14036,2021-06-03T05:31:07Z,9.176,0,Metinic
14037,2021-06-03T05:36:07Z,9.176,0,Metinic
14038,2021-06-03T05:41:07Z,9.275,0,Metinic
14039,2021-06-03T05:46:07Z,9.373000000000001,0,Metinic
14040,2021-06-03T05:51:07Z,9.472000000000001,0,Metinic
14041,2021-06-03T05:56:07Z,9.571,0,Metinic
14042,2021-06-03T06:01:07Z,9.373000000000001,0,Metinic
14043,2021-06-03T06:06:07Z,9.275,0,Metinic
14044,2021-06-03T06:11:07Z,9.275,0,Metinic
14045,2021-06-03T06:16:07Z,9.176,0,Metinic
14046,2021-06-03T06:21:07Z,9.176,0,Metinic
14047,2021-06-03T06:26:07Z,9.176,0,Metinic
14048,2021-06-03T06:31:07Z,9.275,0,Metinic
14049,2021-06-03T06:36:07Z,9.275,0,Metinic
14050,2021-06-03T06:41:07Z,9.373000000000001,0,Metinic
14051,2021-06-03T06:46:07Z,9.472000000000001,0,Metinic
14052,2021-06-03T06:51:07Z,9.373000000000001,0,Metinic
14053,2021-06-03T06:56:07Z,9.373000000000001,0,Metinic
14054,2021-06-03T07:01:07Z,9.373000000000001,0,Metinic
14055,2021-06-03T07:06:07Z,9.373000000000001,0,Metinic
14056,2021-06-03T07:11:07Z,9.373000000000001,0,Metinic
14057,2021-06-03T07:16:07Z,9.373000000000001,0,Metinic
14058,2021-06-03T07:21:07Z,9.472000000000001,0,Metinic
14059,2021-06-03T07:26:07Z,9.472000000000001,0,Metinic
14060,2021-06-03T07:31:07Z,9.571,0,Metinic
14061,2021-06-03T07:36:07Z,9.571,0,Metinic
14062,2021-06-03T07:41:07Z,9.571,0,Metinic
14063,2021-06-03T07:46:07Z,9.571,0,Metinic
14064,2021-06-03T07:51:07Z,9.669,0,Metinic
14065,2021-06-03T07:56:07Z,9.767999999999999,0,Metinic
14066,2021-06-03T08:01:07Z,9.866000000000001,0,Metinic
14067,2021-06-03T08:06:07Z,9.866000000000001,0,Metinic
14068,2021-06-03T08:11:07Z,9.669,0,Metinic
14069,2021-06-03T08:16:07Z,9.571,0,Metinic
14070,2021-06-03T08:21:07Z,9.571,0,Metinic
14071,2021-06-03T08:26:07Z,9.669,0,Metinic
14072,2021-06-03T08:31:07Z,9.767999999999999,0,Metinic
14073,2021-06-03T08:36:07Z,9.965000000000002,0,Metinic
14074,2021-06-03T08:41:07Z,9.965000000000002,0,Metinic
14075,2021-06-03T08:46:07Z,9.866000000000001,0,Metinic
14076,2021-06-03T08:51:07Z,9.767999999999999,0,Metinic
14077,2021-06-03T08:56:07Z,9.767999999999999,0,Metinic
14078,2021-06-03T09:01:07Z,9.669,0,Metinic
14079,2021-06-03T09:06:07Z,9.669,0,Metinic
14080,2021-06-03T09:11:07Z,9.669,0,Metinic
14081,2021-06-03T09:16:07Z,9.669,0,Metinic
14082,2021-06-03T09:21:07Z,9.669,0,Metinic
14083,2021-06-03T09:26:07Z,9.669,0,Metinic
14084,2021-06-03T09:31:07Z,9.571,0,Metinic
14085,2021-06-03T09:36:07Z,9.571,0,Metinic
14086,2021-06-03T09:41:07Z,9.571,0,Metinic
14087,2021-06-03T09:46:07Z,9.669,1,Metinic
14088,2021-06-03T09:51:07Z,9.669,1,Metinic
14089,2021-06-03T09:56:07Z,9.669,0,Metinic
14090,2021-06-03T10:01:07Z,9.669,2,Metinic
14091,2021-06-03T10:06:07Z,9.669,2,Metinic
14092,2021-06-03T10:11:07Z,9.669,3,Metinic
14093,2021-06-03T10:16:07Z,9.669,2,Metinic
14094,2021-06-03T10:21:07Z,9.767999999999999,4,Metinic
14095,2021-06-03T10:26:07Z,9.767999999999999,2,Metinic
14096,2021-06-03T10:31:07Z,9.767999999999999,4,Metinic
14097,2021-06-03T10:36:07Z,9.767999999999999,4,Metinic
14098,2021-06-03T10:41:07Z,9.767999999999999,3,Metinic
14099,2021-06-03T10:46:07Z,9.866000000000001,5,Metinic
14100,2021-06-03T10:51:07Z,9.965000000000002,3,Metinic
14101,2021-06-03T10:56:07Z,10.063,8,Metinic
14102,2021-06-03T11:01:07Z,10.063,5,Metinic
14103,2021-06-03T11:06:07Z,10.063,11,Metinic
14104,2021-06-03T11:11:07Z,10.161,5,Metinic
14105,2021-06-03T11:16:07Z,10.161,5,Metinic
14106,2021-06-03T11:21:07Z,10.161,9,Metinic
14107,2021-06-03T11:26:07Z,10.161,9,Metinic
14108,2021-06-03T11:31:07Z,10.259,11,Metinic
14109,2021-06-03T11:36:07Z,10.161,11,Metinic
14110,2021-06-03T11:41:07Z,10.161,23,Metinic
14111,2021-06-03T11:46:07Z,10.161,25,Metinic
14112,2021-06-03T11:51:07Z,10.259,14,Metinic
14113,2021-06-03T11:56:07Z,10.161,12,Metinic
14114,2021-06-03T12:01:07Z,10.161,18,Metinic
14115,2021-06-03T12:06:07Z,10.161,11,Metinic
14116,2021-06-03T12:11:07Z,10.259,20,Metinic
14117,2021-06-03T12:16:07Z,10.259,21,Metinic
14118,2021-06-03T12:21:07Z,10.259,21,Metinic
14119,2021-06-03T12:26:07Z,10.259,47,Metinic
14120,2021-06-03T12:31:07Z,10.259,21,Metinic
14121,2021-06-03T12:36:07Z,10.259,29,Metinic
14122,2021-06-03T12:41:07Z,10.259,22,Metinic
14123,2021-06-03T12:46:07Z,10.259,25,Metinic
14124,2021-06-03T12:51:07Z,10.161,33,Metinic
14125,2021-06-03T12:56:07Z,10.161,24,Metinic
14126,2021-06-03T13:01:07Z,10.161,24,Metinic
14127,2021-06-03T13:06:07Z,10.161,26,Metinic
14128,2021-06-03T13:11:07Z,10.161,35,Metinic
14129,2021-06-03T13:16:07Z,10.161,36,Metinic
14130,2021-06-03T13:21:07Z,10.161,40,Metinic
14131,2021-06-03T13:26:07Z,10.161,34,Metinic
14132,2021-06-03T13:31:07Z,10.063,42,Metinic
14133,2021-06-03T13:36:07Z,9.965000000000002,28,Metinic
14134,2021-06-03T13:41:07Z,9.965000000000002,51,Metinic
14135,2021-06-03T13:46:07Z,9.965000000000002,56,Metinic
14136,2021-06-03T13:51:07Z,9.965000000000002,44,Metinic
14137,2021-06-03T13:56:07Z,9.965000000000002,48,Metinic
14138,2021-06-03T14:01:07Z,9.965000000000002,79,Metinic
14139,2021-06-03T14:06:07Z,9.866000000000001,36,Metinic
14140,2021-06-03T14:11:07Z,9.767999999999999,60,Metinic
14141,2021-06-03T14:16:07Z,9.767999999999999,46,Metinic
14142,2021-06-03T14:21:07Z,9.669,33,Metinic
14143,2021-06-03T14:26:07Z,9.669,105,Metinic
14144,2021-06-03T14:31:07Z,9.767999999999999,33,Metinic
14145,2021-06-03T14:36:07Z,9.669,28,Metinic
14146,2021-06-03T14:41:07Z,9.669,67,Metinic
14147,2021-06-03T14:46:07Z,9.669,43,Metinic
14148,2021-06-03T14:51:07Z,9.669,66,Metinic
14149,2021-06-03T14:56:07Z,9.669,80,Metinic
14150,2021-06-03T15:01:07Z,9.669,96,Metinic
14151,2021-06-03T15:06:07Z,9.669,67,Metinic
14152,2021-06-03T15:11:07Z,9.669,114,Metinic
14153,2021-06-03T15:16:07Z,9.669,65,Metinic
14154,2021-06-03T15:21:07Z,9.767999999999999,92,Metinic
14155,2021-06-03T15:26:07Z,9.866000000000001,59,Metinic
14156,2021-06-03T15:31:07Z,9.866000000000001,105,Metinic
14157,2021-06-03T15:36:07Z,9.965000000000002,118,Metinic
14158,2021-06-03T15:41:07Z,10.063,121,Metinic
14159,2021-06-03T15:46:07Z,10.259,152,Metinic
14160,2021-06-03T15:51:07Z,10.357000000000001,53,Metinic
14161,2021-06-03T15:56:07Z,10.357000000000001,69,Metinic
14162,2021-06-03T16:01:07Z,10.357000000000001,78,Metinic
14163,2021-06-03T16:06:07Z,10.259,39,Metinic
14164,2021-06-03T16:11:07Z,10.063,51,Metinic
14165,2021-06-03T16:16:07Z,9.965000000000002,60,Metinic
14166,2021-06-03T16:21:07Z,9.767999999999999,91,Metinic
14167,2021-06-03T16:26:07Z,9.767999999999999,42,Metinic
14168,2021-06-03T16:31:07Z,9.767999999999999,103,Metinic
14169,2021-06-03T16:36:07Z,9.669,64,Metinic
14170,2021-06-03T16:41:07Z,9.669,25,Metinic
14171,2021-06-03T16:46:07Z,9.669,36,Metinic
14172,2021-06-03T16:51:07Z,9.669,34,Metinic
14173,2021-06-03T16:56:07Z,9.669,59,Metinic
14174,2021-06-03T17:01:07Z,9.669,57,Metinic
14175,2021-06-03T17:06:07Z,9.571,65,Metinic
14176,2021-06-03T17:11:07Z,9.571,49,Metinic
14177,2021-06-03T17:16:07Z,9.571,39,Metinic
14178,2021-06-03T17:21:07Z,9.571,28,Metinic
14179,2021-06-03T17:26:07Z,9.472000000000001,36,Metinic
14180,2021-06-03T17:31:07Z,9.472000000000001,51,Metinic
14181,2021-06-03T17:36:07Z,9.472000000000001,30,Metinic
14182,2021-06-03T17:41:07Z,9.472000000000001,70,Metinic
14183,2021-06-03T17:46:07Z,9.472000000000001,65,Metinic
14184,2021-06-03T17:51:07Z,9.571,69,Metinic
14185,2021-06-03T17:56:07Z,9.472000000000001,48,Metinic
14186,2021-06-03T18:01:07Z,9.472000000000001,30,Metinic
14187,2021-06-03T18:06:07Z,9.373000000000001,27,Metinic
14188,2021-06-03T18:11:07Z,9.373000000000001,43,Metinic
14189,2021-06-03T18:16:07Z,9.373000000000001,66,Metinic
14190,2021-06-03T18:21:07Z,9.373000000000001,90,Metinic
14191,2021-06-03T18:26:07Z,9.571,76,Metinic
14192,2021-06-03T18:31:07Z,9.669,49,Metinic
14193,2021-06-03T18:36:07Z,9.571,33,Metinic
14194,2021-06-03T18:41:07Z,9.571,38,Metinic
14195,2021-06-03T18:46:07Z,9.669,33,Metinic
14196,2021-06-03T18:51:07Z,9.767999999999999,45,Metinic
14197,2021-06-03T18:56:07Z,9.767999999999999,29,Metinic
14198,2021-06-03T19:01:07Z,9.866000000000001,38,Metinic
14199,2021-06-03T19:06:07Z,9.866000000000001,27,Metinic
14200,2021-06-03T19:11:07Z,9.866000000000001,30,Metinic
14201,2021-06-03T19:16:07Z,9.767999999999999,49,Metinic
14202,2021-06-03T19:21:07Z,9.767999999999999,42,Metinic
14203,2021-06-03T19:26:07Z,9.866000000000001,42,Metinic
14204,2021-06-03T19:31:07Z,9.866000000000001,44,Metinic
14205,2021-06-03T19:36:07Z,9.965000000000002,25,Metinic
14206,2021-06-03T19:41:07Z,10.063,42,Metinic
14207,2021-06-03T19:46:07Z,10.259,47,Metinic
14208,2021-06-03T19:51:07Z,9.965000000000002,31,Metinic
14209,2021-06-03T19:56:07Z,9.965000000000002,50,Metinic
14210,2021-06-03T20:01:07Z,10.161,24,Metinic
14211,2021-06-03T20:06:07Z,10.259,35,Metinic
14212,2021-06-03T20:11:07Z,10.259,70,Metinic
14213,2021-06-03T20:16:07Z,10.357000000000001,27,Metinic
14214,2021-06-03T20:21:07Z,10.357000000000001,23,Metinic
14215,2021-06-03T20:26:07Z,10.357000000000001,26,Metinic
14216,2021-06-03T20:31:07Z,10.357000000000001,17,Metinic
14217,2021-06-03T20:36:07Z,10.259,14,Metinic
14218,2021-06-03T20:41:07Z,10.063,35,Metinic
14219,2021-06-03T20:46:07Z,9.767999999999999,24,Metinic
14220,2021-06-03T20:51:07Z,9.767999999999999,37,Metinic
14221,2021-06-03T20:56:07Z,9.669,32,Metinic
14222,2021-06-03T21:01:07Z,9.669,19,Metinic
14223,2021-06-03T21:06:07Z,9.669,12,Metinic
14224,2021-06-03T21:11:07Z,9.669,19,Metinic
14225,2021-06-03T21:16:07Z,9.669,24,Metinic
14226,2021-06-03T21:21:07Z,9.669,14,Metinic
14227,2021-06-03T21:26:07Z,9.669,10,Metinic
14228,2021-06-03T21:31:07Z,9.669,17,Metinic
14229,2021-06-03T21:36:07Z,9.571,10,Metinic
14230,2021-06-03T21:41:07Z,9.571,6,Metinic
14231,2021-06-03T21:46:07Z,9.571,10,Metinic
14232,2021-06-03T21:51:07Z,9.571,4,Metinic
14233,2021-06-03T21:56:07Z,9.571,1,Metinic
14234,2021-06-03T22:01:07Z,9.571,3,Metinic
14235,2021-06-03T22:06:07Z,9.571,4,Metinic
14236,2021-06-03T22:11:07Z,9.571,6,Metinic
14237,2021-06-03T22:16:07Z,9.571,4,Metinic
14238,2021-06-03T22:21:07Z,9.571,3,Metinic
14239,2021-06-03T22:26:07Z,9.571,7,Metinic
14240,2021-06-03T22:31:07Z,9.571,4,Metinic
14241,2021-06-03T22:36:07Z,9.571,3,Metinic
14242,2021-06-03T22:41:07Z,9.571,5,Metinic
14243,2021-06-03T22:46:07Z,9.571,0,Metinic
14244,2021-06-03T22:51:07Z,9.571,0,Metinic
14245,2021-06-03T22:56:07Z,9.571,1,Metinic
14246,2021-06-03T23:01:07Z,9.571,1,Metinic
14247,2021-06-03T23:06:07Z,9.571,1,Metinic
14248,2021-06-03T23:11:07Z,9.571,1,Metinic
14249,2021-06-03T23:16:07Z,9.669,1,Metinic
14250,2021-06-03T23:21:07Z,9.669,2,Metinic
14251,2021-06-03T23:26:07Z,9.866000000000001,0,Metinic
14252,2021-06-03T23:31:07Z,9.965000000000002,0,Metinic
14253,2021-06-03T23:36:07Z,10.063,0,Metinic
14254,2021-06-03T23:41:07Z,10.259,0,Metinic
14255,2021-06-03T23:46:07Z,10.357000000000001,0,Metinic
14256,2021-06-03T23:51:07Z,10.357000000000001,0,Metinic
14257,2021-06-03T23:56:07Z,10.357000000000001,0,Metinic
14258,2021-06-04T00:01:07Z,10.259,0,Metinic
14259,2021-06-04T00:06:07Z,10.259,0,Metinic
14260,2021-06-04T00:11:07Z,10.259,0,Metinic
14261,2021-06-04T00:16:07Z,10.259,0,Metinic
14262,2021-06-04T00:21:07Z,10.259,0,Metinic
14263,2021-06-04T00:26:07Z,10.259,0,Metinic
14264,2021-06-04T00:31:07Z,10.259,0,Metinic
14265,2021-06-04T00:36:07Z,10.259,0,Metinic
14266,2021-06-04T00:41:07Z,10.259,0,Metinic
14267,2021-06-04T00:46:07Z,10.259,0,Metinic
14268,2021-06-04T00:51:07Z,10.259,0,Metinic
14269,2021-06-04T00:56:07Z,10.259,0,Metinic
14270,2021-06-04T01:01:07Z,10.259,0,Metinic
14271,2021-06-04T01:06:07Z,10.259,0,Metinic
14272,2021-06-04T01:11:07Z,10.161,0,Metinic
14273,2021-06-04T01:16:07Z,10.259,0,Metinic
14274,2021-06-04T01:21:07Z,10.161,0,Metinic
14275,2021-06-04T01:26:07Z,10.161,0,Metinic
14276,2021-06-04T01:31:07Z,10.161,0,Metinic
14277,2021-06-04T01:36:07Z,10.161,0,Metinic
14278,2021-06-04T01:41:07Z,9.965000000000002,0,Metinic
14279,2021-06-04T01:46:07Z,9.866000000000001,0,Metinic
14280,2021-06-04T01:51:07Z,9.866000000000001,0,Metinic
14281,2021-06-04T01:56:07Z,9.866000000000001,0,Metinic
14282,2021-06-04T02:01:07Z,9.866000000000001,0,Metinic
14283,2021-06-04T02:06:07Z,9.866000000000001,0,Metinic
14284,2021-06-04T02:11:07Z,9.866000000000001,0,Metinic
14285,2021-06-04T02:16:07Z,9.866000000000001,0,Metinic
14286,2021-06-04T02:21:07Z,9.866000000000001,0,Metinic
14287,2021-06-04T02:26:07Z,9.767999999999999,0,Metinic
14288,2021-06-04T02:31:07Z,9.767999999999999,0,Metinic
14289,2021-06-04T02:36:07Z,9.767999999999999,0,Metinic
14290,2021-06-04T02:41:07Z,9.669,0,Metinic
14291,2021-06-04T02:46:07Z,9.571,0,Metinic
14292,2021-06-04T02:51:07Z,9.571,0,Metinic
14293,2021-06-04T02:56:07Z,9.571,0,Metinic
14294,2021-06-04T03:01:07Z,9.472000000000001,0,Metinic
14295,2021-06-04T03:06:07Z,9.472000000000001,0,Metinic
14296,2021-06-04T03:11:07Z,9.472000000000001,0,Metinic
14297,2021-06-04T03:16:07Z,9.472000000000001,0,Metinic
14298,2021-06-04T03:21:07Z,9.472000000000001,0,Metinic
14299,2021-06-04T03:26:07Z,9.472000000000001,0,Metinic
14300,2021-06-04T03:31:07Z,9.472000000000001,0,Metinic
14301,2021-06-04T03:36:07Z,9.472000000000001,0,Metinic
14302,2021-06-04T03:41:07Z,9.472000000000001,0,Metinic
14303,2021-06-04T03:46:07Z,9.472000000000001,0,Metinic
14304,2021-06-04T03:51:07Z,9.472000000000001,0,Metinic
14305,2021-06-04T03:56:07Z,9.571,0,Metinic
14306,2021-06-04T04:01:07Z,9.669,0,Metinic
14307,2021-06-04T04:06:07Z,9.669,0,Metinic
14308,2021-06-04T04:11:07Z,9.571,0,Metinic
14309,2021-06-04T04:16:07Z,9.571,0,Metinic
14310,2021-06-04T04:21:07Z,9.571,0,Metinic
14311,2021-06-04T04:26:07Z,9.571,0,Metinic
14312,2021-06-04T04:31:07Z,9.571,0,Metinic
14313,2021-06-04T04:36:07Z,9.571,0,Metinic
14314,2021-06-04T04:41:07Z,9.571,0,Metinic
14315,2021-06-04T04:46:07Z,9.571,0,Metinic
14316,2021-06-04T04:51:07Z,9.571,0,Metinic
14317,2021-06-04T04:56:07Z,9.472000000000001,0,Metinic
14318,2021-06-04T05:01:07Z,9.472000000000001,0,Metinic
14319,2021-06-04T05:06:07Z,9.472000000000001,0,Metinic
14320,2021-06-04T05:11:07Z,9.472000000000001,0,Metinic
14321,2021-06-04T05:16:07Z,9.472000000000001,0,Metinic
14322,2021-06-04T05:21:07Z,9.472000000000001,0,Metinic
14323,2021-06-04T05:26:07Z,9.472000000000001,0,Metinic
14324,2021-06-04T05:31:07Z,9.373000000000001,0,Metinic
14325,2021-06-04T05:36:07Z,9.373000000000001,0,Metinic
14326,2021-06-04T05:41:07Z,9.373000000000001,0,Metinic
14327,2021-06-04T05:46:07Z,9.373000000000001,0,Metinic
14328,2021-06-04T05:51:07Z,9.373000000000001,0,Metinic
14329,2021-06-04T05:56:07Z,9.373000000000001,0,Metinic
14330,2021-06-04T06:01:07Z,9.373000000000001,0,Metinic
14331,2021-06-04T06:06:07Z,9.373000000000001,0,Metinic
14332,2021-06-04T06:11:07Z,9.373000000000001,0,Metinic
14333,2021-06-04T06:16:07Z,9.373000000000001,0,Metinic
14334,2021-06-04T06:21:07Z,9.373000000000001,0,Metinic
14335,2021-06-04T06:26:07Z,9.275,0,Metinic
14336,2021-06-04T06:31:07Z,9.275,0,Metinic
14337,2021-06-04T06:36:07Z,9.275,0,Metinic
14338,2021-06-04T06:41:07Z,9.176,0,Metinic
14339,2021-06-04T06:46:07Z,9.275,0,Metinic
14340,2021-06-04T06:51:07Z,9.275,0,Metinic
14341,2021-06-04T06:56:07Z,9.275,0,Metinic
14342,2021-06-04T07:01:07Z,9.275,0,Metinic
14343,2021-06-04T07:06:07Z,9.275,0,Metinic
14344,2021-06-04T07:11:07Z,9.373000000000001,0,Metinic
14345,2021-06-04T07:16:07Z,9.373000000000001,0,Metinic
14346,2021-06-04T07:21:07Z,9.373000000000001,0,Metinic
14347,2021-06-04T07:26:07Z,9.373000000000001,0,Metinic
14348,2021-06-04T07:31:07Z,9.472000000000001,0,Metinic
14349,2021-06-04T07:36:07Z,9.472000000000001,0,Metinic
14350,2021-06-04T07:41:07Z,9.571,0,Metinic
14351,2021-06-04T07:46:07Z,9.571,0,Metinic
14352,2021-06-04T07:51:07Z,9.571,0,Metinic
14353,2021-06-04T07:56:07Z,9.571,0,Metinic
14354,2021-06-04T08:01:07Z,9.669,0,Metinic
14355,2021-06-04T08:06:07Z,9.669,0,Metinic
14356,2021-06-04T08:11:07Z,9.571,0,Metinic
14357,2021-06-04T08:16:07Z,9.571,0,Metinic
14358,2021-06-04T08:21:07Z,9.571,0,Metinic
14359,2021-06-04T08:26:07Z,9.571,0,Metinic
14360,2021-06-04T08:31:07Z,9.571,0,Metinic
14361,2021-06-04T08:36:07Z,9.571,0,Metinic
14362,2021-06-04T08:41:07Z,9.571,0,Metinic
14363,2021-06-04T08:46:07Z,9.571,0,Metinic
14364,2021-06-04T08:51:07Z,9.571,0,Metinic
14365,2021-06-04T08:56:07Z,9.571,0,Metinic
14366,2021-06-04T09:01:07Z,9.571,0,Metinic
14367,2021-06-04T09:06:07Z,9.571,0,Metinic
14368,2021-06-04T09:11:07Z,9.571,0,Metinic
14369,2021-06-04T09:16:07Z,9.571,0,Metinic
14370,2021-06-04T09:21:07Z,9.669,1,Metinic
14371,2021-06-04T09:26:07Z,9.669,0,Metinic
14372,2021-06-04T09:31:07Z,9.669,1,Metinic
14373,2021-06-04T09:36:07Z,9.669,3,Metinic
14374,2021-06-04T09:41:07Z,9.669,1,Metinic
14375,2021-06-04T09:46:07Z,9.571,3,Metinic
14376,2021-06-04T09:51:07Z,9.571,1,Metinic
14377,2021-06-04T09:56:07Z,9.571,5,Metinic
14378,2021-06-04T10:01:07Z,9.472000000000001,3,Metinic
14379,2021-06-04T10:06:07Z,9.472000000000001,1,Metinic
14380,2021-06-04T10:11:07Z,9.472000000000001,7,Metinic
14381,2021-06-04T10:16:07Z,9.472000000000001,5,Metinic
14382,2021-06-04T10:21:07Z,9.472000000000001,19,Metinic
14383,2021-06-04T10:26:07Z,9.571,5,Metinic
14384,2021-06-04T10:31:07Z,9.571,5,Metinic
14385,2021-06-04T10:36:07Z,9.472000000000001,8,Metinic
14386,2021-06-04T10:41:07Z,9.571,5,Metinic
14387,2021-06-04T10:46:07Z,9.571,13,Metinic
14388,2021-06-04T10:51:07Z,9.571,10,Metinic
14389,2021-06-04T10:56:07Z,9.571,7,Metinic
14390,2021-06-04T11:01:07Z,9.571,10,Metinic
14391,2021-06-04T11:06:07Z,9.571,8,Metinic
14392,2021-06-04T11:11:07Z,9.571,4,Metinic
14393,2021-06-04T11:16:07Z,9.571,2,Metinic
14394,2021-06-04T11:21:07Z,9.472000000000001,4,Metinic
14395,2021-06-04T11:26:07Z,9.472000000000001,9,Metinic
14396,2021-06-04T11:31:07Z,9.472000000000001,6,Metinic
14397,2021-06-04T11:36:07Z,9.472000000000001,14,Metinic
14398,2021-06-04T11:41:07Z,9.472000000000001,10,Metinic
14399,2021-06-04T11:46:07Z,9.472000000000001,25,Metinic
14400,2021-06-04T11:51:07Z,9.472000000000001,7,Metinic
14401,2021-06-04T11:56:07Z,9.472000000000001,21,Metinic
14402,2021-06-04T12:01:07Z,9.472000000000001,25,Metinic
14403,2021-06-04T12:06:07Z,9.571,13,Metinic
14404,2021-06-04T12:11:07Z,9.571,37,Metinic
14405,2021-06-04T12:16:07Z,9.571,6,Metinic
14406,2021-06-04T12:21:07Z,9.571,15,Metinic
14407,2021-06-04T12:26:07Z,9.571,13,Metinic
14408,2021-06-04T12:31:07Z,9.571,12,Metinic
14409,2021-06-04T12:36:07Z,9.669,6,Metinic
14410,2021-06-04T12:41:07Z,9.669,29,Metinic
14411,2021-06-04T12:46:07Z,9.669,11,Metinic
14412,2021-06-04T12:51:07Z,9.669,41,Metinic
14413,2021-06-04T12:56:07Z,9.669,34,Metinic
14414,2021-06-04T13:01:07Z,9.669,15,Metinic
14415,2021-06-04T13:06:07Z,9.767999999999999,30,Metinic
14416,2021-06-04T13:11:07Z,9.767999999999999,27,Metinic
14417,2021-06-04T13:16:07Z,9.767999999999999,9,Metinic
14418,2021-06-04T13:21:07Z,9.767999999999999,16,Metinic
14419,2021-06-04T13:26:07Z,9.767999999999999,14,Metinic
14420,2021-06-04T13:31:07Z,9.767999999999999,10,Metinic
14421,2021-06-04T13:36:07Z,9.866000000000001,23,Metinic
14422,2021-06-04T13:41:07Z,9.866000000000001,27,Metinic
14423,2021-06-04T13:46:07Z,9.866000000000001,46,Metinic
14424,2021-06-04T13:51:07Z,9.866000000000001,70,Metinic
14425,2021-06-04T13:56:07Z,9.965000000000002,38,Metinic
14426,2021-06-04T14:01:07Z,9.965000000000002,45,Metinic
14427,2021-06-04T14:06:07Z,9.965000000000002,32,Metinic
14428,2021-06-04T14:11:07Z,9.965000000000002,16,Metinic
14429,2021-06-04T14:16:07Z,9.965000000000002,45,Metinic
14430,2021-06-04T14:21:07Z,9.866000000000001,11,Metinic
14431,2021-06-04T14:26:07Z,9.866000000000001,32,Metinic
14432,2021-06-04T14:31:07Z,9.866000000000001,37,Metinic
14433,2021-06-04T14:36:07Z,9.866000000000001,19,Metinic
14434,2021-06-04T14:41:07Z,9.866000000000001,33,Metinic
14435,2021-06-04T14:46:07Z,9.866000000000001,80,Metinic
14436,2021-06-04T14:51:07Z,9.767999999999999,25,Metinic
14437,2021-06-04T14:56:07Z,9.767999999999999,240,Metinic
14438,2021-06-04T15:01:07Z,9.767999999999999,30,Metinic
14439,2021-06-04T15:06:07Z,9.767999999999999,74,Metinic
14440,2021-06-04T15:11:07Z,9.669,58,Metinic
14441,2021-06-04T15:16:07Z,9.669,29,Metinic
14442,2021-06-04T15:21:07Z,9.669,152,Metinic
14443,2021-06-04T15:26:07Z,9.669,94,Metinic
14444,2021-06-04T15:31:07Z,9.571,117,Metinic
14445,2021-06-04T15:36:07Z,9.571,74,Metinic
14446,2021-06-04T15:41:07Z,9.571,94,Metinic
14447,2021-06-04T15:46:07Z,9.571,136,Metinic
14448,2021-06-04T15:51:07Z,9.571,67,Metinic
14449,2021-06-04T15:56:07Z,9.571,102,Metinic
14450,2021-06-04T16:01:07Z,9.571,73,Metinic
14451,2021-06-04T16:06:07Z,9.669,119,Metinic
14452,2021-06-04T16:11:07Z,9.571,64,Metinic
14453,2021-06-04T16:16:07Z,9.571,54,Metinic
14454,2021-06-04T16:21:07Z,9.571,35,Metinic
14455,2021-06-04T16:26:07Z,9.571,36,Metinic
14456,2021-06-04T16:31:07Z,9.571,128,Metinic
14457,2021-06-04T16:36:07Z,9.571,45,Metinic
14458,2021-06-04T16:41:07Z,9.571,22,Metinic
14459,2021-06-04T16:46:07Z,9.571,61,Metinic
14460,2021-06-04T16:51:07Z,9.571,38,Metinic
14461,2021-06-04T16:56:07Z,9.472000000000001,62,Metinic
14462,2021-06-04T17:01:07Z,9.472000000000001,73,Metinic
14463,2021-06-04T17:06:07Z,9.571,86,Metinic
14464,2021-06-04T17:11:07Z,9.571,58,Metinic
14465,2021-06-04T17:16:07Z,9.571,26,Metinic
14466,2021-06-04T17:21:07Z,9.472000000000001,121,Metinic
14467,2021-06-04T17:26:07Z,9.571,107,Metinic
14468,2021-06-04T17:31:07Z,9.472000000000001,30,Metinic
14469,2021-06-04T17:36:07Z,9.571,288,Metinic
14470,2021-06-04T17:41:07Z,9.571,106,Metinic
14471,2021-06-04T17:46:07Z,9.669,83,Metinic
14472,2021-06-04T17:51:07Z,9.669,128,Metinic
14473,2021-06-04T17:56:07Z,9.669,74,Metinic
14474,2021-06-04T18:01:07Z,9.669,576,Metinic
14475,2021-06-04T18:06:07Z,9.669,480,Metinic
14476,2021-06-04T18:11:07Z,9.669,28,Metinic
14477,2021-06-04T18:16:07Z,9.669,200,Metinic
14478,2021-06-04T18:21:07Z,9.571,224,Metinic
14479,2021-06-04T18:26:07Z,9.571,64,Metinic
14480,2021-06-04T18:31:07Z,9.571,88,Metinic
14481,2021-06-04T18:36:07Z,9.571,56,Metinic
14482,2021-06-04T18:41:07Z,9.472000000000001,30,Metinic
14483,2021-06-04T18:46:07Z,9.472000000000001,80,Metinic
14484,2021-06-04T18:51:07Z,9.472000000000001,272,Metinic
14485,2021-06-04T18:56:07Z,9.472000000000001,58,Metinic
14486,2021-06-04T19:01:07Z,9.373000000000001,52,Metinic
14487,2021-06-04T19:06:07Z,9.373000000000001,79,Metinic
14488,2021-06-04T19:11:07Z,9.472000000000001,91,Metinic
14489,2021-06-04T19:16:07Z,9.373000000000001,65,Metinic
14490,2021-06-04T19:21:07Z,9.373000000000001,21,Metinic
14491,2021-06-04T19:26:07Z,9.373000000000001,152,Metinic
14492,2021-06-04T19:31:07Z,9.472000000000001,144,Metinic
14493,2021-06-04T19:36:07Z,9.472000000000001,32,Metinic
14494,2021-06-04T19:41:07Z,9.571,168,Metinic
14495,2021-06-04T19:46:07Z,9.571,107,Metinic
14496,2021-06-04T19:51:07Z,9.571,84,Metinic
14497,2021-06-04T19:56:07Z,9.669,60,Metinic
14498,2021-06-04T20:01:07Z,9.767999999999999,39,Metinic
14499,2021-06-04T20:06:07Z,9.866000000000001,21,Metinic
14500,2021-06-04T20:11:07Z,9.866000000000001,53,Metinic
14501,2021-06-04T20:16:07Z,9.866000000000001,99,Metinic
14502,2021-06-04T20:21:07Z,9.965000000000002,33,Metinic
14503,2021-06-04T20:26:07Z,9.965000000000002,100,Metinic
14504,2021-06-04T20:31:07Z,9.866000000000001,95,Metinic
14505,2021-06-04T20:36:07Z,9.866000000000001,43,Metinic
14506,2021-06-04T20:41:07Z,9.866000000000001,67,Metinic
14507,2021-06-04T20:46:07Z,9.866000000000001,72,Metinic
14508,2021-06-04T20:51:07Z,9.669,40,Metinic
14509,2021-06-04T20:56:07Z,9.669,35,Metinic
14510,2021-06-04T21:01:07Z,9.669,35,Metinic
14511,2021-06-04T21:06:07Z,9.669,46,Metinic
14512,2021-06-04T21:11:07Z,9.669,12,Metinic
14513,2021-06-04T21:16:07Z,9.669,24,Metinic
14514,2021-06-04T21:21:07Z,9.767999999999999,21,Metinic
14515,2021-06-04T21:26:07Z,9.767999999999999,43,Metinic
14516,2021-06-04T21:31:07Z,9.767999999999999,24,Metinic
14517,2021-06-04T21:36:07Z,9.767999999999999,6,Metinic
14518,2021-06-04T21:41:07Z,9.669,1,Metinic
14519,2021-06-04T21:46:07Z,9.571,21,Metinic
14520,2021-06-04T21:51:07Z,9.571,4,Metinic
14521,2021-06-04T21:56:07Z,9.767999999999999,4,Metinic
14522,2021-06-04T22:01:07Z,9.767999999999999,36,Metinic
14523,2021-06-04T22:06:07Z,9.866000000000001,11,Metinic
14524,2021-06-04T22:11:07Z,9.866000000000001,20,Metinic
14525,2021-06-04T22:16:07Z,9.767999999999999,8,Metinic
14526,2021-06-04T22:21:07Z,9.767999999999999,16,Metinic
14527,2021-06-04T22:26:07Z,9.767999999999999,9,Metinic
14528,2021-06-04T22:31:07Z,9.767999999999999,15,Metinic
14529,2021-06-04T22:36:07Z,9.767999999999999,8,Metinic
14530,2021-06-04T22:41:07Z,9.767999999999999,6,Metinic
14531,2021-06-04T22:46:07Z,9.767999999999999,18,Metinic
14532,2021-06-04T22:51:07Z,9.767999999999999,16,Metinic
14533,2021-06-04T22:56:07Z,9.669,32,Metinic
14534,2021-06-04T23:01:07Z,9.669,17,Metinic
14535,2021-06-04T23:06:07Z,9.669,6,Metinic
14536,2021-06-04T23:11:07Z,9.669,14,Metinic
14537,2021-06-04T23:16:07Z,9.669,6,Metinic
14538,2021-06-04T23:21:07Z,9.669,2,Metinic
14539,2021-06-04T23:26:07Z,9.669,7,Metinic
14540,2021-06-04T23:31:07Z,9.669,11,Metinic
14541,2021-06-04T23:36:07Z,9.767999999999999,5,Metinic
14542,2021-06-04T23:41:07Z,9.669,10,Metinic
14543,2021-06-04T23:46:07Z,9.669,3,Metinic
14544,2021-06-04T23:51:07Z,9.669,2,Metinic
14545,2021-06-04T23:56:07Z,9.669,3,Metinic
14546,2021-06-05T00:01:07Z,9.669,0,Metinic
14547,2021-06-05T00:06:07Z,9.669,0,Metinic
14548,2021-06-05T00:11:07Z,9.669,0,Metinic
14549,2021-06-05T00:16:07Z,9.669,0,Metinic
14550,2021-06-05T00:21:07Z,9.669,0,Metinic
14551,2021-06-05T00:26:07Z,9.767999999999999,0,Metinic
14552,2021-06-05T00:31:07Z,9.767999999999999,0,Metinic
14553,2021-06-05T00:36:07Z,9.866000000000001,0,Metinic
14554,2021-06-05T00:41:07Z,9.965000000000002,0,Metinic
14555,2021-06-05T00:46:07Z,9.965000000000002,0,Metinic
14556,2021-06-05T00:51:07Z,10.063,0,Metinic
14557,2021-06-05T00:56:07Z,9.965000000000002,0,Metinic
14558,2021-06-05T01:01:07Z,9.965000000000002,0,Metinic
14559,2021-06-05T01:06:07Z,9.866000000000001,0,Metinic
14560,2021-06-05T01:11:07Z,9.965000000000002,0,Metinic
14561,2021-06-05T01:16:07Z,9.965000000000002,0,Metinic
14562,2021-06-05T01:21:07Z,9.965000000000002,0,Metinic
14563,2021-06-05T01:26:07Z,9.965000000000002,0,Metinic
14564,2021-06-05T01:31:07Z,9.965000000000002,0,Metinic
14565,2021-06-05T01:36:07Z,9.866000000000001,0,Metinic
14566,2021-06-05T01:41:07Z,9.866000000000001,0,Metinic
14567,2021-06-05T01:46:07Z,9.965000000000002,0,Metinic
14568,2021-06-05T01:51:07Z,9.965000000000002,0,Metinic
14569,2021-06-05T01:56:07Z,9.965000000000002,0,Metinic
14570,2021-06-05T02:01:07Z,9.965000000000002,0,Metinic
14571,2021-06-05T02:06:07Z,9.965000000000002,0,Metinic
14572,2021-06-05T02:11:07Z,9.965000000000002,0,Metinic
14573,2021-06-05T02:16:07Z,10.063,0,Metinic
14574,2021-06-05T02:21:07Z,10.063,0,Metinic
14575,2021-06-05T02:26:07Z,10.063,0,Metinic
14576,2021-06-05T02:31:07Z,10.063,0,Metinic
14577,2021-06-05T02:36:07Z,9.965000000000002,0,Metinic
14578,2021-06-05T02:41:07Z,9.965000000000002,0,Metinic
14579,2021-06-05T02:46:07Z,9.965000000000002,0,Metinic
14580,2021-06-05T02:51:07Z,9.965000000000002,0,Metinic
14581,2021-06-05T02:56:07Z,9.866000000000001,0,Metinic
14582,2021-06-05T03:01:07Z,9.866000000000001,0,Metinic
14583,2021-06-05T03:06:07Z,9.866000000000001,0,Metinic
14584,2021-06-05T03:11:07Z,9.866000000000001,0,Metinic
14585,2021-06-05T03:16:07Z,9.767999999999999,0,Metinic
14586,2021-06-05T03:21:07Z,9.767999999999999,0,Metinic
14587,2021-06-05T03:26:07Z,9.767999999999999,0,Metinic
14588,2021-06-05T03:31:07Z,9.669,0,Metinic
14589,2021-06-05T03:36:07Z,9.669,0,Metinic
14590,2021-06-05T03:41:07Z,9.571,0,Metinic
14591,2021-06-05T03:46:07Z,9.571,0,Metinic
14592,2021-06-05T03:51:07Z,9.571,0,Metinic
14593,2021-06-05T03:56:07Z,9.571,0,Metinic
14594,2021-06-05T04:01:07Z,9.571,0,Metinic
14595,2021-06-05T04:06:07Z,9.571,0,Metinic
14596,2021-06-05T04:11:07Z,9.571,0,Metinic
14597,2021-06-05T04:16:07Z,9.571,0,Metinic
14598,2021-06-05T04:21:07Z,9.669,0,Metinic
14599,2021-06-05T04:26:07Z,9.669,0,Metinic
14600,2021-06-05T04:31:07Z,9.669,0,Metinic
14601,2021-06-05T04:36:07Z,9.669,0,Metinic
14602,2021-06-05T04:41:07Z,9.669,0,Metinic
14603,2021-06-05T04:46:07Z,9.669,0,Metinic
14604,2021-06-05T04:51:07Z,9.669,0,Metinic
14605,2021-06-05T04:56:07Z,9.669,0,Metinic
14606,2021-06-05T05:01:07Z,9.669,0,Metinic
14607,2021-06-05T05:06:07Z,9.669,0,Metinic
14608,2021-06-05T05:11:07Z,9.669,0,Metinic
14609,2021-06-05T05:16:07Z,9.571,0,Metinic
14610,2021-06-05T05:21:07Z,9.571,0,Metinic
14611,2021-06-05T05:26:07Z,9.571,0,Metinic
14612,2021-06-05T05:31:07Z,9.571,0,Metinic
14613,2021-06-05T05:36:07Z,9.571,0,Metinic
14614,2021-06-05T05:41:07Z,9.472000000000001,0,Metinic
14615,2021-06-05T05:46:07Z,9.571,0,Metinic
14616,2021-06-05T05:51:07Z,9.472000000000001,0,Metinic
14617,2021-06-05T05:56:07Z,9.472000000000001,0,Metinic
14618,2021-06-05T06:01:07Z,9.472000000000001,0,Metinic
14619,2021-06-05T06:06:07Z,9.472000000000001,0,Metinic
14620,2021-06-05T06:11:07Z,9.472000000000001,0,Metinic
14621,2021-06-05T06:16:07Z,9.571,0,Metinic
14622,2021-06-05T06:21:07Z,9.472000000000001,0,Metinic
14623,2021-06-05T06:26:07Z,9.472000000000001,0,Metinic
14624,2021-06-05T06:31:07Z,9.472000000000001,0,Metinic
14625,2021-06-05T06:36:07Z,9.472000000000001,0,Metinic
14626,2021-06-05T06:41:07Z,9.571,0,Metinic
14627,2021-06-05T06:46:07Z,9.571,0,Metinic
14628,2021-06-05T06:51:07Z,9.571,0,Metinic
14629,2021-06-05T06:56:07Z,9.571,0,Metinic
14630,2021-06-05T07:01:07Z,9.571,0,Metinic
14631,2021-06-05T07:06:07Z,9.472000000000001,0,Metinic
14632,2021-06-05T07:11:07Z,9.472000000000001,0,Metinic
14633,2021-06-05T07:16:07Z,9.373000000000001,0,Metinic
14634,2021-06-05T07:21:07Z,9.373000000000001,0,Metinic
14635,2021-06-05T07:26:07Z,9.373000000000001,0,Metinic
14636,2021-06-05T07:31:07Z,9.373000000000001,0,Metinic
14637,2021-06-05T07:36:07Z,9.373000000000001,0,Metinic
14638,2021-06-05T07:41:07Z,9.373000000000001,0,Metinic
14639,2021-06-05T07:46:07Z,9.373000000000001,0,Metinic
14640,2021-06-05T07:51:07Z,9.373000000000001,0,Metinic
14641,2021-06-05T07:56:07Z,9.373000000000001,0,Metinic
14642,2021-06-05T08:01:07Z,9.373000000000001,0,Metinic
14643,2021-06-05T08:06:07Z,9.373000000000001,0,Metinic
14644,2021-06-05T08:11:07Z,9.373000000000001,0,Metinic
14645,2021-06-05T08:16:07Z,9.373000000000001,0,Metinic
14646,2021-06-05T08:21:07Z,9.373000000000001,0,Metinic
14647,2021-06-05T08:26:07Z,9.472000000000001,0,Metinic
14648,2021-06-05T08:31:07Z,9.472000000000001,0,Metinic
14649,2021-06-05T08:36:07Z,9.571,0,Metinic
14650,2021-06-05T08:41:07Z,9.571,0,Metinic
14651,2021-06-05T08:46:07Z,9.571,0,Metinic
14652,2021-06-05T08:51:07Z,9.571,0,Metinic
14653,2021-06-05T08:56:07Z,9.571,0,Metinic
14654,2021-06-05T09:01:07Z,9.571,0,Metinic
14655,2021-06-05T09:06:07Z,9.571,1,Metinic
14656,2021-06-05T09:11:07Z,9.571,1,Metinic
14657,2021-06-05T09:16:07Z,9.571,4,Metinic
14658,2021-06-05T09:21:07Z,9.571,1,Metinic
14659,2021-06-05T09:26:07Z,9.571,2,Metinic
14660,2021-06-05T09:31:07Z,9.571,8,Metinic
14661,2021-06-05T09:36:07Z,9.571,6,Metinic
14662,2021-06-05T09:41:07Z,9.571,4,Metinic
14663,2021-06-05T09:46:07Z,9.571,2,Metinic
14664,2021-06-05T09:51:07Z,9.571,9,Metinic
14665,2021-06-05T09:56:07Z,9.571,9,Metinic
14666,2021-06-05T10:01:07Z,9.571,8,Metinic
14667,2021-06-05T10:06:07Z,9.571,7,Metinic
14668,2021-06-05T10:11:07Z,9.571,15,Metinic
14669,2021-06-05T10:16:07Z,9.571,16,Metinic
14670,2021-06-05T10:21:07Z,9.571,7,Metinic
14671,2021-06-05T10:26:07Z,9.571,9,Metinic
14672,2021-06-05T10:31:07Z,9.571,14,Metinic
14673,2021-06-05T10:36:07Z,9.669,18,Metinic
14674,2021-06-05T10:41:07Z,9.669,10,Metinic
14675,2021-06-05T10:46:07Z,9.669,9,Metinic
14676,2021-06-05T10:51:07Z,9.669,19,Metinic
14677,2021-06-05T10:56:07Z,9.669,32,Metinic
14678,2021-06-05T11:01:07Z,9.669,37,Metinic
14679,2021-06-05T11:06:07Z,9.669,16,Metinic
14680,2021-06-05T11:11:07Z,9.669,27,Metinic
14681,2021-06-05T11:16:07Z,9.669,35,Metinic
14682,2021-06-05T11:21:07Z,9.767999999999999,29,Metinic
14683,2021-06-05T11:26:07Z,9.767999999999999,45,Metinic
14684,2021-06-05T11:31:07Z,9.767999999999999,13,Metinic
14685,2021-06-05T11:36:07Z,9.767999999999999,37,Metinic
14686,2021-06-05T11:41:07Z,9.767999999999999,26,Metinic
14687,2021-06-05T11:46:07Z,9.767999999999999,34,Metinic
14688,2021-06-05T11:51:07Z,9.767999999999999,20,Metinic
14689,2021-06-05T11:56:07Z,9.767999999999999,23,Metinic
14690,2021-06-05T12:01:07Z,9.767999999999999,16,Metinic
14691,2021-06-05T12:06:07Z,9.767999999999999,47,Metinic
14692,2021-06-05T12:11:07Z,9.767999999999999,33,Metinic
14693,2021-06-05T12:16:07Z,9.669,23,Metinic
14694,2021-06-05T12:21:07Z,9.571,44,Metinic
14695,2021-06-05T12:26:07Z,9.571,31,Metinic
14696,2021-06-05T12:31:07Z,9.571,66,Metinic
14697,2021-06-05T12:36:07Z,9.571,31,Metinic
14698,2021-06-05T12:41:07Z,9.571,45,Metinic
14699,2021-06-05T12:46:07Z,9.571,21,Metinic
14700,2021-06-05T12:51:07Z,9.669,29,Metinic
14701,2021-06-05T12:56:07Z,9.669,54,Metinic
14702,2021-06-05T13:01:07Z,9.767999999999999,76,Metinic
14703,2021-06-05T13:06:07Z,9.866000000000001,30,Metinic
14704,2021-06-05T13:11:07Z,9.965000000000002,66,Metinic
14705,2021-06-05T13:16:07Z,10.063,45,Metinic
14706,2021-06-05T13:21:07Z,10.063,86,Metinic
14707,2021-06-05T13:26:07Z,10.063,51,Metinic
14708,2021-06-05T13:31:07Z,10.063,28,Metinic
14709,2021-06-05T13:36:07Z,10.161,43,Metinic
14710,2021-06-05T13:41:07Z,10.161,47,Metinic
14711,2021-06-05T13:46:07Z,10.161,124,Metinic
14712,2021-06-05T13:51:07Z,10.063,40,Metinic
14713,2021-06-05T13:56:07Z,10.161,78,Metinic
14714,2021-06-05T14:01:07Z,10.063,94,Metinic
14715,2021-06-05T14:06:07Z,10.063,88,Metinic
14716,2021-06-05T14:11:07Z,10.063,100,Metinic
14717,2021-06-05T14:16:07Z,10.063,65,Metinic
14718,2021-06-05T14:21:07Z,10.063,54,Metinic
14719,2021-06-05T14:26:07Z,10.063,82,Metinic
14720,2021-06-05T14:31:07Z,10.063,68,Metinic
14721,2021-06-05T14:36:07Z,10.063,95,Metinic
14722,2021-06-05T14:41:07Z,10.161,78,Metinic
14723,2021-06-05T14:46:07Z,10.161,91,Metinic
14724,2021-06-05T14:51:07Z,10.161,80,Metinic
14725,2021-06-05T14:56:07Z,10.063,56,Metinic
14726,2021-06-05T15:01:07Z,9.965000000000002,119,Metinic
14727,2021-06-05T15:06:07Z,9.965000000000002,67,Metinic
14728,2021-06-05T15:11:07Z,9.965000000000002,109,Metinic
14729,2021-06-05T15:16:07Z,9.866000000000001,72,Metinic
14730,2021-06-05T15:21:07Z,9.965000000000002,144,Metinic
14731,2021-06-05T15:26:07Z,9.965000000000002,59,Metinic
14732,2021-06-05T15:31:07Z,9.866000000000001,77,Metinic
14733,2021-06-05T15:36:07Z,9.866000000000001,73,Metinic
14734,2021-06-05T15:41:07Z,9.866000000000001,192,Metinic
14735,2021-06-05T15:46:07Z,9.866000000000001,108,Metinic
14736,2021-06-05T15:51:07Z,9.866000000000001,87,Metinic
14737,2021-06-05T15:56:07Z,9.767999999999999,70,Metinic
14738,2021-06-05T16:01:07Z,9.767999999999999,104,Metinic
14739,2021-06-05T16:06:07Z,9.767999999999999,84,Metinic
14740,2021-06-05T16:11:07Z,9.866000000000001,304,Metinic
14741,2021-06-05T16:16:07Z,9.767999999999999,50,Metinic
14742,2021-06-05T16:21:07Z,9.767999999999999,48,Metinic
14743,2021-06-05T16:26:07Z,9.767999999999999,76,Metinic
14744,2021-06-05T16:31:07Z,9.866000000000001,68,Metinic
14745,2021-06-05T16:36:07Z,9.866000000000001,160,Metinic
14746,2021-06-05T16:41:07Z,9.866000000000001,288,Metinic
14747,2021-06-05T16:46:07Z,9.866000000000001,118,Metinic
14748,2021-06-05T16:51:07Z,9.965000000000002,272,Metinic
14749,2021-06-05T16:56:07Z,10.063,64,Metinic
14750,2021-06-05T17:01:07Z,10.063,200,Metinic
14751,2021-06-05T17:06:07Z,10.063,94,Metinic
14752,2021-06-05T17:11:07Z,10.063,200,Metinic
14753,2021-06-05T17:16:07Z,10.063,336,Metinic
14754,2021-06-05T17:21:07Z,10.063,232,Metinic
14755,2021-06-05T17:26:07Z,10.063,43,Metinic
14756,2021-06-05T17:31:07Z,10.063,216,Metinic
14757,2021-06-05T17:36:07Z,10.063,144,Metinic
14758,2021-06-05T17:41:07Z,10.063,672,Metinic
14759,2021-06-05T17:46:07Z,10.063,128,Metinic
14760,2021-06-05T17:51:07Z,10.063,256,Metinic
14761,2021-06-05T17:56:07Z,9.965000000000002,99,Metinic
14762,2021-06-05T18:01:07Z,9.866000000000001,192,Metinic
14763,2021-06-05T18:06:07Z,9.965000000000002,416,Metinic
14764,2021-06-05T18:11:07Z,9.866000000000001,288,Metinic
14765,2021-06-05T18:16:07Z,9.767999999999999,152,Metinic
14766,2021-06-05T18:21:07Z,9.866000000000001,168,Metinic
14767,2021-06-05T18:26:07Z,9.767999999999999,94,Metinic
14768,2021-06-05T18:31:07Z,9.767999999999999,32,Metinic
14769,2021-06-05T18:36:07Z,9.767999999999999,87,Metinic
14770,2021-06-05T18:41:07Z,9.767999999999999,152,Metinic
14771,2021-06-05T18:46:07Z,9.767999999999999,144,Metinic
14772,2021-06-05T18:51:07Z,9.767999999999999,496,Metinic
14773,2021-06-05T18:56:07Z,9.767999999999999,272,Metinic
14774,2021-06-05T19:01:07Z,9.767999999999999,128,Metinic
14775,2021-06-05T19:06:07Z,9.866000000000001,704,Metinic
14776,2021-06-05T19:11:07Z,9.866000000000001,28,Metinic
14777,2021-06-05T19:16:07Z,9.866000000000001,480,Metinic
14778,2021-06-05T19:21:07Z,9.866000000000001,576,Metinic
14779,2021-06-05T19:26:07Z,9.767999999999999,288,Metinic
14780,2021-06-05T19:31:07Z,9.767999999999999,26,Metinic
14781,2021-06-05T19:36:07Z,9.767999999999999,168,Metinic
14782,2021-06-05T19:41:07Z,9.669,60,Metinic
14783,2021-06-05T19:46:07Z,9.669,200,Metinic
14784,2021-06-05T19:51:07Z,9.571,95,Metinic
14785,2021-06-05T19:56:07Z,9.571,108,Metinic
14786,2021-06-05T20:01:07Z,9.669,128,Metinic
14787,2021-06-05T20:06:07Z,9.669,184,Metinic
14788,2021-06-05T20:11:07Z,9.669,88,Metinic
14789,2021-06-05T20:16:07Z,9.669,25,Metinic
14790,2021-06-05T20:21:07Z,9.669,108,Metinic
14791,2021-06-05T20:26:07Z,9.669,200,Metinic
14792,2021-06-05T20:31:07Z,9.571,108,Metinic
14793,2021-06-05T20:36:07Z,9.571,37,Metinic
14794,2021-06-05T20:41:07Z,9.571,34,Metinic
14795,2021-06-05T20:46:07Z,9.669,34,Metinic
14796,2021-06-05T20:51:07Z,9.767999999999999,10,Metinic
14797,2021-06-05T20:56:07Z,9.767999999999999,14,Metinic
14798,2021-06-05T21:01:07Z,9.866000000000001,15,Metinic
14799,2021-06-05T21:06:07Z,9.866000000000001,12,Metinic
14800,2021-06-05T21:11:07Z,9.866000000000001,20,Metinic
14801,2021-06-05T21:16:07Z,9.965000000000002,11,Metinic
14802,2021-06-05T21:21:07Z,9.866000000000001,11,Metinic
14803,2021-06-05T21:26:07Z,9.866000000000001,9,Metinic
14804,2021-06-05T21:31:07Z,9.866000000000001,20,Metinic
14805,2021-06-05T21:36:07Z,9.866000000000001,8,Metinic
14806,2021-06-05T21:41:07Z,9.866000000000001,9,Metinic
14807,2021-06-05T21:46:07Z,9.767999999999999,27,Metinic
14808,2021-06-05T21:51:07Z,9.767999999999999,22,Metinic
14809,2021-06-05T21:56:07Z,9.866000000000001,25,Metinic
14810,2021-06-05T22:01:07Z,9.866000000000001,6,Metinic
14811,2021-06-05T22:06:07Z,9.767999999999999,30,Metinic
14812,2021-06-05T22:11:07Z,9.669,17,Metinic
14813,2021-06-05T22:16:07Z,9.571,21,Metinic
14814,2021-06-05T22:21:07Z,9.571,14,Metinic
14815,2021-06-05T22:26:07Z,9.571,8,Metinic
14816,2021-06-05T22:31:07Z,9.571,27,Metinic
14817,2021-06-05T22:36:07Z,9.571,18,Metinic
14818,2021-06-05T22:41:07Z,9.571,4,Metinic
14819,2021-06-05T22:46:07Z,9.571,34,Metinic
14820,2021-06-05T22:51:07Z,9.571,28,Metinic
14821,2021-06-05T22:56:07Z,9.669,40,Metinic
14822,2021-06-05T23:01:07Z,9.767999999999999,13,Metinic
14823,2021-06-05T23:06:07Z,9.767999999999999,11,Metinic
14824,2021-06-05T23:11:07Z,9.866000000000001,5,Metinic
14825,2021-06-05T23:16:07Z,9.866000000000001,3,Metinic
14826,2021-06-05T23:21:07Z,9.965000000000002,4,Metinic
14827,2021-06-05T23:26:07Z,9.866000000000001,2,Metinic
14828,2021-06-05T23:31:07Z,9.866000000000001,8,Metinic
14829,2021-06-05T23:36:07Z,9.866000000000001,6,Metinic
14830,2021-06-05T23:41:07Z,9.866000000000001,0,Metinic
14831,2021-06-05T23:46:07Z,9.866000000000001,1,Metinic
14832,2021-06-05T23:51:07Z,9.866000000000001,4,Metinic
14833,2021-06-05T23:56:07Z,9.866000000000001,0,Metinic
14834,2021-06-06T00:01:07Z,9.866000000000001,0,Metinic
14835,2021-06-06T00:06:07Z,9.866000000000001,0,Metinic
14836,2021-06-06T00:11:07Z,9.866000000000001,0,Metinic
14837,2021-06-06T00:16:07Z,9.866000000000001,0,Metinic
14838,2021-06-06T00:21:07Z,9.866000000000001,0,Metinic
14839,2021-06-06T00:26:07Z,9.866000000000001,0,Metinic
14840,2021-06-06T00:31:07Z,9.866000000000001,0,Metinic
14841,2021-06-06T00:36:07Z,9.866000000000001,0,Metinic
14842,2021-06-06T00:41:07Z,9.866000000000001,0,Metinic
14843,2021-06-06T00:46:07Z,9.965000000000002,0,Metinic
14844,2021-06-06T00:51:07Z,9.965000000000002,0,Metinic
14845,2021-06-06T00:56:07Z,9.965000000000002,0,Metinic
14846,2021-06-06T01:01:07Z,9.965000000000002,0,Metinic
14847,2021-06-06T01:06:07Z,9.965000000000002,0,Metinic
14848,2021-06-06T01:11:07Z,9.866000000000001,0,Metinic
14849,2021-06-06T01:16:07Z,9.866000000000001,0,Metinic
14850,2021-06-06T01:21:07Z,9.767999999999999,0,Metinic
14851,2021-06-06T01:26:07Z,9.767999999999999,0,Metinic
14852,2021-06-06T01:31:07Z,9.767999999999999,0,Metinic
14853,2021-06-06T01:36:07Z,9.767999999999999,0,Metinic
14854,2021-06-06T01:41:07Z,9.767999999999999,0,Metinic
14855,2021-06-06T01:46:07Z,9.866000000000001,0,Metinic
14856,2021-06-06T01:51:07Z,9.866000000000001,0,Metinic
14857,2021-06-06T01:56:07Z,9.965000000000002,0,Metinic
14858,2021-06-06T02:01:07Z,10.063,0,Metinic
14859,2021-06-06T02:06:07Z,10.063,0,Metinic
14860,2021-06-06T02:11:07Z,10.161,0,Metinic
14861,2021-06-06T02:16:07Z,10.161,0,Metinic
14862,2021-06-06T02:21:07Z,10.161,0,Metinic
14863,2021-06-06T02:26:07Z,10.161,0,Metinic
14864,2021-06-06T02:31:07Z,10.063,0,Metinic
14865,2021-06-06T02:36:07Z,10.063,0,Metinic
14866,2021-06-06T02:41:07Z,10.063,0,Metinic
14867,2021-06-06T02:46:07Z,10.063,0,Metinic
14868,2021-06-06T02:51:07Z,10.063,0,Metinic
14869,2021-06-06T02:56:07Z,10.063,0,Metinic
14870,2021-06-06T03:01:07Z,10.063,0,Metinic
14871,2021-06-06T03:06:07Z,9.965000000000002,0,Metinic
14872,2021-06-06T03:11:07Z,9.965000000000002,0,Metinic
14873,2021-06-06T03:16:07Z,9.965000000000002,0,Metinic
14874,2021-06-06T03:21:07Z,9.965000000000002,0,Metinic
14875,2021-06-06T03:26:07Z,9.965000000000002,0,Metinic
14876,2021-06-06T03:31:07Z,9.965000000000002,0,Metinic
14877,2021-06-06T03:36:07Z,9.965000000000002,0,Metinic
14878,2021-06-06T03:41:07Z,9.965000000000002,0,Metinic
14879,2021-06-06T03:46:07Z,9.965000000000002,0,Metinic
14880,2021-06-06T03:51:07Z,9.965000000000002,0,Metinic
14881,2021-06-06T03:56:07Z,9.965000000000002,0,Metinic
14882,2021-06-06T04:01:07Z,9.866000000000001,0,Metinic
14883,2021-06-06T04:06:07Z,9.866000000000001,0,Metinic
14884,2021-06-06T04:11:07Z,9.866000000000001,0,Metinic
14885,2021-06-06T04:16:07Z,9.866000000000001,0,Metinic
14886,2021-06-06T04:21:07Z,9.767999999999999,0,Metinic
14887,2021-06-06T04:26:07Z,9.767999999999999,0,Metinic
14888,2021-06-06T04:31:07Z,9.767999999999999,0,Metinic
14889,2021-06-06T04:36:07Z,9.767999999999999,0,Metinic
14890,2021-06-06T04:41:07Z,9.767999999999999,0,Metinic
14891,2021-06-06T04:46:07Z,9.767999999999999,0,Metinic
14892,2021-06-06T04:51:07Z,9.669,0,Metinic
14893,2021-06-06T04:56:07Z,9.669,0,Metinic
14894,2021-06-06T05:01:07Z,9.669,0,Metinic
14895,2021-06-06T05:06:07Z,9.669,0,Metinic
14896,2021-06-06T05:11:07Z,9.669,0,Metinic
14897,2021-06-06T05:16:07Z,9.669,0,Metinic
14898,2021-06-06T05:21:07Z,9.669,0,Metinic
14899,2021-06-06T05:26:07Z,9.669,0,Metinic
14900,2021-06-06T05:31:07Z,9.669,0,Metinic
14901,2021-06-06T05:36:07Z,9.669,0,Metinic
14902,2021-06-06T05:41:07Z,9.669,0,Metinic
14903,2021-06-06T05:46:07Z,9.669,0,Metinic
14904,2021-06-06T05:51:07Z,9.669,0,Metinic
14905,2021-06-06T05:56:07Z,9.767999999999999,0,Metinic
14906,2021-06-06T06:01:07Z,9.767999999999999,0,Metinic
14907,2021-06-06T06:06:07Z,9.767999999999999,0,Metinic
14908,2021-06-06T06:11:07Z,9.767999999999999,0,Metinic
14909,2021-06-06T06:16:07Z,9.767999999999999,0,Metinic
14910,2021-06-06T06:21:07Z,9.767999999999999,0,Metinic
14911,2021-06-06T06:26:07Z,9.767999999999999,0,Metinic
14912,2021-06-06T06:31:07Z,9.767999999999999,0,Metinic
14913,2021-06-06T06:36:07Z,9.669,0,Metinic
14914,2021-06-06T06:41:07Z,9.669,0,Metinic
14915,2021-06-06T06:46:07Z,9.669,0,Metinic
14916,2021-06-06T06:51:07Z,9.669,0,Metinic
14917,2021-06-06T06:56:07Z,9.669,0,Metinic
14918,2021-06-06T07:01:07Z,9.669,0,Metinic
14919,2021-06-06T07:06:07Z,9.669,0,Metinic
14920,2021-06-06T07:11:07Z,9.669,0,Metinic
14921,2021-06-06T07:16:07Z,9.669,0,Metinic
14922,2021-06-06T07:21:07Z,9.669,0,Metinic
14923,2021-06-06T07:26:07Z,9.669,0,Metinic
14924,2021-06-06T07:31:07Z,9.669,0,Metinic
14925,2021-06-06T07:36:07Z,9.669,0,Metinic
14926,2021-06-06T07:41:07Z,9.669,0,Metinic
14927,2021-06-06T07:46:07Z,9.669,0,Metinic
14928,2021-06-06T07:51:07Z,9.669,0,Metinic
14929,2021-06-06T07:56:07Z,9.669,0,Metinic
14930,2021-06-06T08:01:07Z,9.571,0,Metinic
14931,2021-06-06T08:06:07Z,9.571,0,Metinic
14932,2021-06-06T08:11:07Z,9.571,0,Metinic
14933,2021-06-06T08:16:07Z,9.571,0,Metinic
14934,2021-06-06T08:21:07Z,9.571,0,Metinic
14935,2021-06-06T08:26:07Z,9.571,0,Metinic
14936,2021-06-06T08:31:07Z,9.571,0,Metinic
14937,2021-06-06T08:36:07Z,9.472000000000001,0,Metinic
14938,2021-06-06T08:41:07Z,9.571,0,Metinic
14939,2021-06-06T08:46:07Z,9.472000000000001,0,Metinic
14940,2021-06-06T08:51:07Z,9.571,0,Metinic
14941,2021-06-06T08:56:07Z,9.571,0,Metinic
14942,2021-06-06T09:01:07Z,9.571,0,Metinic
14943,2021-06-06T09:06:07Z,9.571,2,Metinic
14944,2021-06-06T09:11:07Z,9.571,1,Metinic
14945,2021-06-06T09:16:07Z,9.571,3,Metinic
14946,2021-06-06T09:21:07Z,9.571,3,Metinic
14947,2021-06-06T09:26:07Z,9.571,2,Metinic
14948,2021-06-06T09:31:07Z,9.571,5,Metinic
14949,2021-06-06T09:36:07Z,9.571,5,Metinic
14950,2021-06-06T09:41:07Z,9.669,17,Metinic
14951,2021-06-06T09:46:07Z,9.669,14,Metinic
14952,2021-06-06T09:51:07Z,9.669,14,Metinic
14953,2021-06-06T09:56:07Z,9.669,13,Metinic
14954,2021-06-06T10:01:07Z,9.669,4,Metinic
14955,2021-06-06T10:06:07Z,9.767999999999999,16,Metinic
14956,2021-06-06T10:11:07Z,9.767999999999999,6,Metinic
14957,2021-06-06T10:16:07Z,9.669,20,Metinic
14958,2021-06-06T10:21:07Z,9.767999999999999,19,Metinic
14959,2021-06-06T10:26:07Z,9.767999999999999,29,Metinic
14960,2021-06-06T10:31:07Z,9.767999999999999,5,Metinic
14961,2021-06-06T10:36:07Z,9.767999999999999,11,Metinic
14962,2021-06-06T10:41:07Z,9.767999999999999,20,Metinic
14963,2021-06-06T10:46:07Z,9.767999999999999,13,Metinic
14964,2021-06-06T10:51:07Z,9.767999999999999,18,Metinic
14965,2021-06-06T10:56:07Z,9.767999999999999,24,Metinic
14966,2021-06-06T11:01:07Z,9.767999999999999,13,Metinic
14967,2021-06-06T11:06:07Z,9.767999999999999,16,Metinic
14968,2021-06-06T11:11:07Z,9.767999999999999,28,Metinic
14969,2021-06-06T11:16:07Z,9.767999999999999,22,Metinic
14970,2021-06-06T11:21:07Z,9.767999999999999,21,Metinic
14971,2021-06-06T11:26:07Z,9.767999999999999,54,Metinic
14972,2021-06-06T11:31:07Z,9.866000000000001,13,Metinic
14973,2021-06-06T11:36:07Z,9.866000000000001,41,Metinic
14974,2021-06-06T11:41:07Z,9.767999999999999,21,Metinic
14975,2021-06-06T11:46:07Z,9.767999999999999,22,Metinic
14976,2021-06-06T11:51:07Z,9.767999999999999,23,Metinic
14977,2021-06-06T11:56:07Z,9.767999999999999,27,Metinic
14978,2021-06-06T12:01:07Z,9.767999999999999,31,Metinic
14979,2021-06-06T12:06:07Z,9.767999999999999,25,Metinic
14980,2021-06-06T12:11:07Z,9.767999999999999,22,Metinic
14981,2021-06-06T12:16:07Z,9.767999999999999,36,Metinic
14982,2021-06-06T12:21:07Z,9.767999999999999,30,Metinic
14983,2021-06-06T12:26:07Z,9.767999999999999,23,Metinic
14984,2021-06-06T12:31:07Z,9.767999999999999,21,Metinic
14985,2021-06-06T12:36:07Z,9.767999999999999,28,Metinic
14986,2021-06-06T12:41:07Z,9.767999999999999,36,Metinic
14987,2021-06-06T12:46:07Z,9.767999999999999,12,Metinic
14988,2021-06-06T12:51:07Z,9.866000000000001,15,Metinic
14989,2021-06-06T12:56:07Z,9.866000000000001,31,Metinic
14990,2021-06-06T13:01:07Z,9.866000000000001,32,Metinic
14991,2021-06-06T13:06:07Z,9.965000000000002,25,Metinic
14992,2021-06-06T13:11:07Z,9.965000000000002,34,Metinic
14993,2021-06-06T13:16:07Z,9.866000000000001,35,Metinic
14994,2021-06-06T13:21:07Z,9.965000000000002,30,Metinic
14995,2021-06-06T13:26:07Z,9.965000000000002,29,Metinic
14996,2021-06-06T13:31:07Z,9.965000000000002,42,Metinic
14997,2021-06-06T13:36:07Z,9.866000000000001,37,Metinic
14998,2021-06-06T13:41:07Z,9.965000000000002,44,Metinic
14999,2021-06-06T13:46:07Z,9.965000000000002,106,Metinic
15000,2021-06-06T13:51:07Z,9.965000000000002,36,Metinic
15001,2021-06-06T13:56:07Z,9.965000000000002,48,Metinic
15002,2021-06-06T14:01:07Z,10.063,31,Metinic
15003,2021-06-06T14:06:07Z,10.161,112,Metinic
15004,2021-06-06T14:11:07Z,10.161,62,Metinic
15005,2021-06-06T14:16:07Z,10.259,71,Metinic
15006,2021-06-06T14:21:07Z,10.259,43,Metinic
15007,2021-06-06T14:26:07Z,10.259,57,Metinic
15008,2021-06-06T14:31:07Z,10.161,61,Metinic
15009,2021-06-06T14:36:07Z,10.161,40,Metinic
15010,2021-06-06T14:41:07Z,10.161,69,Metinic
15011,2021-06-06T14:46:07Z,10.161,44,Metinic
15012,2021-06-06T14:51:07Z,10.161,47,Metinic
15013,2021-06-06T14:56:07Z,10.259,94,Metinic
15014,2021-06-06T15:01:07Z,10.357000000000001,59,Metinic
15015,2021-06-06T15:06:07Z,10.357000000000001,101,Metinic
15016,2021-06-06T15:11:07Z,10.357000000000001,80,Metinic
15017,2021-06-06T15:16:07Z,10.357000000000001,84,Metinic
15018,2021-06-06T15:21:07Z,10.455000000000002,50,Metinic
15019,2021-06-06T15:26:07Z,10.455000000000002,47,Metinic
15020,2021-06-06T15:31:07Z,10.455000000000002,288,Metinic
15021,2021-06-06T15:36:07Z,10.455000000000002,86,Metinic
15022,2021-06-06T15:41:07Z,10.455000000000002,61,Metinic
15023,2021-06-06T15:46:07Z,10.357000000000001,54,Metinic
15024,2021-06-06T15:51:07Z,10.259,256,Metinic
15025,2021-06-06T15:56:07Z,10.161,176,Metinic
15026,2021-06-06T16:01:07Z,10.161,74,Metinic
15027,2021-06-06T16:06:07Z,10.161,62,Metinic
15028,2021-06-06T16:11:07Z,10.161,144,Metinic
15029,2021-06-06T16:16:07Z,10.161,208,Metinic
15030,2021-06-06T16:21:07Z,10.161,336,Metinic
15031,2021-06-06T16:26:07Z,10.161,73,Metinic
15032,2021-06-06T16:31:07Z,10.161,232,Metinic
15033,2021-06-06T16:36:07Z,10.161,136,Metinic
15034,2021-06-06T16:41:07Z,10.161,57,Metinic
15035,2021-06-06T16:46:07Z,10.259,416,Metinic
15036,2021-06-06T16:51:07Z,10.259,50,Metinic
15037,2021-06-06T16:56:07Z,10.259,104,Metinic
15038,2021-06-06T17:01:07Z,10.357000000000001,304,Metinic
15039,2021-06-06T17:06:07Z,10.455000000000002,64,Metinic
15040,2021-06-06T17:11:07Z,10.455000000000002,128,Metinic
15041,2021-06-06T17:16:07Z,10.553,37,Metinic
15042,2021-06-06T17:21:07Z,10.553,39,Metinic
15043,2021-06-06T17:26:07Z,10.651,118,Metinic
15044,2021-06-06T17:31:07Z,10.651,256,Metinic
15045,2021-06-06T17:36:07Z,10.651,87,Metinic
15046,2021-06-06T17:41:07Z,10.651,67,Metinic
15047,2021-06-06T17:46:07Z,10.651,59,Metinic
15048,2021-06-06T17:51:07Z,10.651,84,Metinic
15049,2021-06-06T17:56:07Z,10.651,200,Metinic
15050,2021-06-06T18:01:07Z,10.747999999999998,51,Metinic
15051,2021-06-06T18:06:07Z,10.747999999999998,208,Metinic
15052,2021-06-06T18:11:07Z,10.747999999999998,608,Metinic
15053,2021-06-06T18:16:07Z,10.747999999999998,448,Metinic
15054,2021-06-06T18:21:07Z,10.846,576,Metinic
15055,2021-06-06T18:26:07Z,10.846,232,Metinic
15056,2021-06-06T18:31:07Z,10.846,216,Metinic
15057,2021-06-06T18:36:07Z,10.747999999999998,184,Metinic
15058,2021-06-06T18:41:07Z,10.747999999999998,111,Metinic
15059,2021-06-06T18:46:07Z,10.747999999999998,464,Metinic
15060,2021-06-06T18:51:07Z,10.747999999999998,304,Metinic
15061,2021-06-06T18:56:07Z,10.747999999999998,128,Metinic
15062,2021-06-06T19:01:07Z,10.747999999999998,512,Metinic
15063,2021-06-06T19:06:07Z,10.747999999999998,216,Metinic
15064,2021-06-06T19:11:07Z,10.747999999999998,480,Metinic
15065,2021-06-06T19:16:07Z,10.747999999999998,576,Metinic
15066,2021-06-06T19:21:07Z,10.747999999999998,672,Metinic
15067,2021-06-06T19:26:07Z,10.747999999999998,123,Metinic
15068,2021-06-06T19:31:07Z,10.651,576,Metinic
15069,2021-06-06T19:36:07Z,10.651,114,Metinic
15070,2021-06-06T19:41:07Z,10.651,152,Metinic
15071,2021-06-06T19:46:07Z,10.651,256,Metinic
15072,2021-06-06T19:51:07Z,10.651,60,Metinic
15073,2021-06-06T19:56:07Z,10.651,464,Metinic
15074,2021-06-06T20:01:07Z,10.651,288,Metinic
15075,2021-06-06T20:06:07Z,10.651,288,Metinic
15076,2021-06-06T20:11:07Z,10.357000000000001,69,Metinic
15077,2021-06-06T20:16:07Z,10.259,496,Metinic
15078,2021-06-06T20:21:07Z,10.161,91,Metinic
15079,2021-06-06T20:26:07Z,10.063,512,Metinic
15080,2021-06-06T20:31:07Z,9.965000000000002,83,Metinic
15081,2021-06-06T20:36:07Z,9.866000000000001,304,Metinic
15082,2021-06-06T20:41:07Z,9.866000000000001,240,Metinic
15083,2021-06-06T20:46:07Z,9.866000000000001,90,Metinic
15084,2021-06-06T20:51:07Z,9.866000000000001,70,Metinic
15085,2021-06-06T20:56:07Z,9.965000000000002,368,Metinic
15086,2021-06-06T21:01:07Z,9.965000000000002,117,Metinic
15087,2021-06-06T21:06:07Z,9.965000000000002,69,Metinic
15088,2021-06-06T21:11:07Z,9.965000000000002,144,Metinic
15089,2021-06-06T21:16:07Z,10.063,320,Metinic
15090,2021-06-06T21:21:07Z,10.063,208,Metinic
15091,2021-06-06T21:26:07Z,10.161,200,Metinic
15092,2021-06-06T21:31:07Z,10.161,69,Metinic
15093,2021-06-06T21:36:07Z,10.259,42,Metinic
15094,2021-06-06T21:41:07Z,10.259,168,Metinic
15095,2021-06-06T21:46:07Z,10.357000000000001,51,Metinic
15096,2021-06-06T21:51:07Z,10.357000000000001,56,Metinic
15097,2021-06-06T21:56:07Z,10.357000000000001,31,Metinic
15098,2021-06-06T22:01:07Z,10.357000000000001,85,Metinic
15099,2021-06-06T22:06:07Z,10.357000000000001,44,Metinic
15100,2021-06-06T22:11:07Z,10.455000000000002,116,Metinic
15101,2021-06-06T22:16:07Z,10.357000000000001,73,Metinic
15102,2021-06-06T22:21:07Z,10.357000000000001,57,Metinic
15103,2021-06-06T22:26:07Z,10.357000000000001,12,Metinic
15104,2021-06-06T22:31:07Z,10.357000000000001,85,Metinic
15105,2021-06-06T22:36:07Z,10.455000000000002,18,Metinic
15106,2021-06-06T22:41:07Z,10.455000000000002,77,Metinic
15107,2021-06-06T22:46:07Z,10.161,28,Metinic
15108,2021-06-06T22:51:07Z,10.063,44,Metinic
15109,2021-06-06T22:56:07Z,10.063,15,Metinic
15110,2021-06-06T23:01:07Z,10.063,10,Metinic
15111,2021-06-06T23:06:07Z,10.063,26,Metinic
15112,2021-06-06T23:11:07Z,9.965000000000002,16,Metinic
15113,2021-06-06T23:16:07Z,9.866000000000001,4,Metinic
15114,2021-06-06T23:21:07Z,9.866000000000001,11,Metinic
15115,2021-06-06T23:26:07Z,9.866000000000001,3,Metinic
15116,2021-06-06T23:31:07Z,9.965000000000002,10,Metinic
15117,2021-06-06T23:36:07Z,10.063,5,Metinic
15118,2021-06-06T23:41:07Z,10.063,2,Metinic
15119,2021-06-06T23:46:07Z,10.161,1,Metinic
15120,2021-06-06T23:51:07Z,10.161,1,Metinic
15121,2021-06-06T23:56:07Z,10.063,1,Metinic
15122,2021-06-07T00:01:07Z,9.965000000000002,0,Metinic
15123,2021-06-07T00:06:07Z,9.965000000000002,0,Metinic
15124,2021-06-07T00:11:07Z,9.965000000000002,0,Metinic
15125,2021-06-07T00:16:07Z,9.965000000000002,0,Metinic
15126,2021-06-07T00:21:07Z,9.965000000000002,0,Metinic
15127,2021-06-07T00:26:07Z,9.965000000000002,0,Metinic
15128,2021-06-07T00:31:07Z,10.063,0,Metinic
15129,2021-06-07T00:36:07Z,10.063,0,Metinic
15130,2021-06-07T00:41:07Z,10.063,0,Metinic
15131,2021-06-07T00:46:07Z,10.161,0,Metinic
15132,2021-06-07T00:51:07Z,10.161,0,Metinic
15133,2021-06-07T00:56:07Z,10.161,0,Metinic
15134,2021-06-07T01:01:07Z,10.259,0,Metinic
15135,2021-06-07T01:06:07Z,10.259,0,Metinic
15136,2021-06-07T01:11:07Z,10.161,0,Metinic
15137,2021-06-07T01:16:07Z,10.063,0,Metinic
15138,2021-06-07T01:21:07Z,9.866000000000001,0,Metinic
15139,2021-06-07T01:26:07Z,9.866000000000001,0,Metinic
15140,2021-06-07T01:31:07Z,9.866000000000001,0,Metinic
15141,2021-06-07T01:36:07Z,9.866000000000001,0,Metinic
15142,2021-06-07T01:41:07Z,9.866000000000001,0,Metinic
15143,2021-06-07T01:46:07Z,9.866000000000001,0,Metinic
15144,2021-06-07T01:51:07Z,9.965000000000002,0,Metinic
15145,2021-06-07T01:56:07Z,9.965000000000002,0,Metinic
15146,2021-06-07T02:01:07Z,10.161,0,Metinic
15147,2021-06-07T02:06:07Z,10.259,0,Metinic
15148,2021-06-07T02:11:07Z,10.357000000000001,0,Metinic
15149,2021-06-07T02:16:07Z,10.455000000000002,0,Metinic
15150,2021-06-07T02:21:07Z,10.455000000000002,0,Metinic
15151,2021-06-07T02:26:07Z,10.455000000000002,0,Metinic
15152,2021-06-07T02:31:07Z,10.553,0,Metinic
15153,2021-06-07T02:36:07Z,10.553,0,Metinic
15154,2021-06-07T02:41:07Z,10.455000000000002,0,Metinic
15155,2021-06-07T02:46:07Z,10.357000000000001,0,Metinic
15156,2021-06-07T02:51:07Z,10.357000000000001,0,Metinic
15157,2021-06-07T02:56:07Z,10.357000000000001,0,Metinic
15158,2021-06-07T03:01:07Z,10.455000000000002,0,Metinic
15159,2021-06-07T03:06:07Z,10.455000000000002,0,Metinic
15160,2021-06-07T03:11:07Z,10.455000000000002,0,Metinic
15161,2021-06-07T03:16:07Z,10.455000000000002,0,Metinic
15162,2021-06-07T03:21:07Z,10.357000000000001,0,Metinic
15163,2021-06-07T03:26:07Z,10.357000000000001,0,Metinic
15164,2021-06-07T03:31:07Z,10.357000000000001,0,Metinic
15165,2021-06-07T03:36:07Z,10.357000000000001,0,Metinic
15166,2021-06-07T03:41:07Z,10.259,0,Metinic
15167,2021-06-07T03:46:07Z,10.161,0,Metinic
15168,2021-06-07T03:51:07Z,10.161,0,Metinic
15169,2021-06-07T03:56:07Z,10.063,0,Metinic
15170,2021-06-07T04:01:07Z,10.063,0,Metinic
15171,2021-06-07T04:06:07Z,10.063,0,Metinic
15172,2021-06-07T04:11:07Z,10.063,0,Metinic
15173,2021-06-07T04:16:07Z,10.063,0,Metinic
15174,2021-06-07T04:21:07Z,10.063,0,Metinic
15175,2021-06-07T04:26:07Z,10.161,0,Metinic
15176,2021-06-07T04:31:07Z,10.161,0,Metinic
15177,2021-06-07T04:36:07Z,10.161,0,Metinic
15178,2021-06-07T04:41:07Z,10.063,0,Metinic
15179,2021-06-07T04:46:07Z,9.965000000000002,0,Metinic
15180,2021-06-07T04:51:07Z,9.965000000000002,0,Metinic
15181,2021-06-07T04:56:07Z,9.965000000000002,0,Metinic
15182,2021-06-07T05:01:07Z,9.965000000000002,0,Metinic
15183,2021-06-07T05:06:07Z,9.965000000000002,0,Metinic
15184,2021-06-07T05:11:07Z,9.965000000000002,0,Metinic
15185,2021-06-07T05:16:07Z,9.965000000000002,0,Metinic
15186,2021-06-07T05:21:07Z,9.866000000000001,0,Metinic
15187,2021-06-07T05:26:07Z,9.965000000000002,0,Metinic
15188,2021-06-07T05:31:07Z,9.965000000000002,0,Metinic
15189,2021-06-07T05:36:07Z,9.965000000000002,0,Metinic
15190,2021-06-07T05:41:07Z,10.063,0,Metinic
15191,2021-06-07T05:46:07Z,10.063,0,Metinic
15192,2021-06-07T05:51:07Z,10.161,0,Metinic
15193,2021-06-07T05:56:07Z,10.161,0,Metinic
15194,2021-06-07T06:01:07Z,10.161,0,Metinic
15195,2021-06-07T06:06:07Z,10.161,0,Metinic
15196,2021-06-07T06:11:07Z,10.161,0,Metinic
15197,2021-06-07T06:16:07Z,10.259,0,Metinic
15198,2021-06-07T06:21:07Z,10.259,0,Metinic
15199,2021-06-07T06:26:07Z,10.259,0,Metinic
15200,2021-06-07T06:31:07Z,10.259,0,Metinic
15201,2021-06-07T06:36:07Z,10.161,0,Metinic
15202,2021-06-07T06:41:07Z,10.161,0,Metinic
15203,2021-06-07T06:46:07Z,10.161,0,Metinic
15204,2021-06-07T06:51:07Z,10.161,0,Metinic
15205,2021-06-07T06:56:07Z,10.259,0,Metinic
15206,2021-06-07T07:01:07Z,10.259,0,Metinic
15207,2021-06-07T07:06:07Z,10.259,0,Metinic
15208,2021-06-07T07:11:07Z,10.357000000000001,0,Metinic
15209,2021-06-07T07:16:07Z,10.357000000000001,0,Metinic
15210,2021-06-07T07:21:07Z,10.455000000000002,0,Metinic
15211,2021-06-07T07:26:07Z,10.553,0,Metinic
15212,2021-06-07T07:31:07Z,10.553,0,Metinic
15213,2021-06-07T07:36:07Z,10.651,0,Metinic
15214,2021-06-07T07:41:07Z,10.651,0,Metinic
15215,2021-06-07T07:46:07Z,10.651,0,Metinic
15216,2021-06-07T07:51:07Z,10.651,0,Metinic
15217,2021-06-07T07:56:07Z,10.651,0,Metinic
15218,2021-06-07T08:01:07Z,10.651,0,Metinic
15219,2021-06-07T08:06:07Z,10.651,0,Metinic
15220,2021-06-07T08:11:07Z,10.651,0,Metinic
15221,2021-06-07T08:16:07Z,10.553,0,Metinic
15222,2021-06-07T08:21:07Z,10.455000000000002,0,Metinic
15223,2021-06-07T08:26:07Z,10.259,0,Metinic
15224,2021-06-07T08:31:07Z,10.259,0,Metinic
15225,2021-06-07T08:36:07Z,10.161,0,Metinic
15226,2021-06-07T08:41:07Z,10.063,0,Metinic
15227,2021-06-07T08:46:07Z,10.063,0,Metinic
15228,2021-06-07T08:51:07Z,10.063,0,Metinic
15229,2021-06-07T08:56:07Z,9.965000000000002,0,Metinic
15230,2021-06-07T09:01:07Z,9.965000000000002,1,Metinic
15231,2021-06-07T09:06:07Z,9.866000000000001,2,Metinic
15232,2021-06-07T09:11:07Z,9.866000000000001,2,Metinic
15233,2021-06-07T09:16:07Z,9.866000000000001,5,Metinic
15234,2021-06-07T09:21:07Z,9.866000000000001,4,Metinic
15235,2021-06-07T09:26:07Z,9.866000000000001,7,Metinic
15236,2021-06-07T09:31:07Z,9.866000000000001,6,Metinic
15237,2021-06-07T09:36:07Z,9.767999999999999,5,Metinic
15238,2021-06-07T09:41:07Z,9.767999999999999,7,Metinic
15239,2021-06-07T09:46:07Z,9.767999999999999,16,Metinic
15240,2021-06-07T09:51:07Z,9.767999999999999,11,Metinic
15241,2021-06-07T09:56:07Z,9.767999999999999,7,Metinic
15242,2021-06-07T10:01:07Z,9.767999999999999,14,Metinic
15243,2021-06-07T10:06:07Z,9.866000000000001,16,Metinic
15244,2021-06-07T10:11:07Z,9.866000000000001,14,Metinic
15245,2021-06-07T10:16:07Z,9.866000000000001,19,Metinic
15246,2021-06-07T10:21:07Z,9.866000000000001,12,Metinic
15247,2021-06-07T10:26:07Z,9.965000000000002,19,Metinic
15248,2021-06-07T10:31:07Z,9.965000000000002,19,Metinic
15249,2021-06-07T10:36:07Z,10.063,18,Metinic
15250,2021-06-07T10:41:07Z,10.161,21,Metinic
15251,2021-06-07T10:46:07Z,10.161,26,Metinic
15252,2021-06-07T10:51:07Z,10.161,22,Metinic
15253,2021-06-07T10:56:07Z,10.161,22,Metinic
15254,2021-06-07T11:01:07Z,10.161,19,Metinic
15255,2021-06-07T11:06:07Z,10.161,40,Metinic
15256,2021-06-07T11:11:07Z,10.161,34,Metinic
15257,2021-06-07T11:16:07Z,10.161,22,Metinic
15258,2021-06-07T11:21:07Z,10.161,22,Metinic
15259,2021-06-07T11:26:07Z,10.161,18,Metinic
15260,2021-06-07T11:31:07Z,10.161,30,Metinic
15261,2021-06-07T11:36:07Z,10.259,26,Metinic
15262,2021-06-07T11:41:07Z,10.259,29,Metinic
15263,2021-06-07T11:46:07Z,10.259,43,Metinic
15264,2021-06-07T11:51:07Z,10.161,32,Metinic
15265,2021-06-07T11:56:07Z,10.161,24,Metinic
15266,2021-06-07T12:01:07Z,10.063,27,Metinic
15267,2021-06-07T12:06:07Z,10.063,35,Metinic
15268,2021-06-07T12:11:07Z,10.063,34,Metinic
15269,2021-06-07T12:16:07Z,10.063,36,Metinic
15270,2021-06-07T12:21:07Z,10.063,43,Metinic
15271,2021-06-07T12:26:07Z,10.063,38,Metinic
15272,2021-06-07T12:31:07Z,10.063,35,Metinic
15273,2021-06-07T12:36:07Z,10.063,49,Metinic
15274,2021-06-07T12:41:07Z,10.161,44,Metinic
15275,2021-06-07T12:46:07Z,10.161,48,Metinic
15276,2021-06-07T12:51:07Z,10.161,49,Metinic
15277,2021-06-07T12:56:07Z,10.161,40,Metinic
15278,2021-06-07T13:01:07Z,10.161,34,Metinic
15279,2021-06-07T13:06:07Z,10.161,59,Metinic
15280,2021-06-07T13:11:07Z,10.161,44,Metinic
15281,2021-06-07T13:16:07Z,10.161,52,Metinic
15282,2021-06-07T13:21:07Z,10.161,52,Metinic
15283,2021-06-07T13:26:07Z,10.259,52,Metinic
15284,2021-06-07T13:31:07Z,10.259,52,Metinic
15285,2021-06-07T13:36:07Z,10.259,65,Metinic
15286,2021-06-07T13:41:07Z,10.259,51,Metinic
15287,2021-06-07T13:46:07Z,10.259,65,Metinic
15288,2021-06-07T13:51:07Z,10.259,59,Metinic
15289,2021-06-07T13:56:07Z,10.259,40,Metinic
15290,2021-06-07T14:01:07Z,10.259,49,Metinic
15291,2021-06-07T14:06:07Z,10.357000000000001,107,Metinic
15292,2021-06-07T14:11:07Z,10.357000000000001,55,Metinic
15293,2021-06-07T14:16:07Z,10.357000000000001,65,Metinic
15294,2021-06-07T14:21:07Z,10.357000000000001,79,Metinic
15295,2021-06-07T14:26:07Z,10.553,63,Metinic
15296,2021-06-07T14:31:07Z,10.553,69,Metinic
15297,2021-06-07T14:36:07Z,10.651,67,Metinic
15298,2021-06-07T14:41:07Z,10.747999999999998,128,Metinic
15299,2021-06-07T14:46:07Z,10.747999999999998,76,Metinic
15300,2021-06-07T14:51:07Z,10.747999999999998,128,Metinic
15301,2021-06-07T14:56:07Z,10.747999999999998,64,Metinic
15302,2021-06-07T15:01:07Z,10.747999999999998,63,Metinic
15303,2021-06-07T15:06:07Z,10.651,70,Metinic
15304,2021-06-07T15:11:07Z,10.651,80,Metinic
15305,2021-06-07T15:16:07Z,10.651,54,Metinic
15306,2021-06-07T15:21:07Z,10.747999999999998,89,Metinic
15307,2021-06-07T15:26:07Z,10.747999999999998,91,Metinic
15308,2021-06-07T15:31:07Z,10.747999999999998,96,Metinic
15309,2021-06-07T15:36:07Z,10.747999999999998,136,Metinic
15310,2021-06-07T15:41:07Z,10.651,92,Metinic
15311,2021-06-07T15:46:07Z,10.651,192,Metinic
15312,2021-06-07T15:51:07Z,10.651,69,Metinic
15313,2021-06-07T15:56:07Z,10.747999999999998,126,Metinic
15314,2021-06-07T16:01:07Z,10.747999999999998,114,Metinic
15315,2021-06-07T16:06:07Z,10.747999999999998,192,Metinic
15316,2021-06-07T16:11:07Z,10.747999999999998,85,Metinic
15317,2021-06-07T16:16:07Z,10.747999999999998,216,Metinic
15318,2021-06-07T16:21:07Z,10.747999999999998,119,Metinic
15319,2021-06-07T16:26:07Z,10.747999999999998,208,Metinic
15320,2021-06-07T16:31:07Z,10.747999999999998,107,Metinic
15321,2021-06-07T16:36:07Z,10.747999999999998,144,Metinic
15322,2021-06-07T16:41:07Z,10.651,400,Metinic
15323,2021-06-07T16:46:07Z,10.747999999999998,176,Metinic
15324,2021-06-07T16:51:07Z,10.651,116,Metinic
15325,2021-06-07T16:56:07Z,10.553,120,Metinic
15326,2021-06-07T17:01:07Z,10.455000000000002,200,Metinic
15327,2021-06-07T17:06:07Z,10.455000000000002,51,Metinic
15328,2021-06-07T17:11:07Z,10.455000000000002,111,Metinic
15329,2021-06-07T17:16:07Z,10.455000000000002,160,Metinic
15330,2021-06-07T17:21:07Z,10.553,176,Metinic
15331,2021-06-07T17:26:07Z,10.455000000000002,144,Metinic
15332,2021-06-07T17:31:07Z,10.455000000000002,272,Metinic
15333,2021-06-07T17:36:07Z,10.357000000000001,320,Metinic
15334,2021-06-07T17:41:07Z,10.357000000000001,240,Metinic
15335,2021-06-07T17:46:07Z,10.357000000000001,160,Metinic
15336,2021-06-07T17:51:07Z,10.357000000000001,168,Metinic
15337,2021-06-07T17:56:07Z,10.357000000000001,86,Metinic
15338,2021-06-07T18:01:07Z,10.357000000000001,79,Metinic
15339,2021-06-07T18:06:07Z,10.357000000000001,160,Metinic
15340,2021-06-07T18:11:07Z,10.357000000000001,200,Metinic
15341,2021-06-07T18:16:07Z,10.357000000000001,136,Metinic
15342,2021-06-07T18:21:07Z,10.357000000000001,168,Metinic
15343,2021-06-07T18:26:07Z,10.455000000000002,272,Metinic
15344,2021-06-07T18:31:07Z,10.553,416,Metinic
15345,2021-06-07T18:36:07Z,10.553,200,Metinic
15346,2021-06-07T18:41:07Z,10.553,704,Metinic
15347,2021-06-07T18:46:07Z,10.553,144,Metinic
15348,2021-06-07T18:51:07Z,10.553,216,Metinic
15349,2021-06-07T18:56:07Z,10.553,192,Metinic
15350,2021-06-07T19:01:07Z,10.553,192,Metinic
15351,2021-06-07T19:06:07Z,10.553,240,Metinic
15352,2021-06-07T19:11:07Z,10.553,368,Metinic
15353,2021-06-07T19:16:07Z,10.455000000000002,256,Metinic
15354,2021-06-07T19:21:07Z,10.455000000000002,352,Metinic
15355,2021-06-07T19:26:07Z,10.455000000000002,256,Metinic
15356,2021-06-07T19:31:07Z,10.455000000000002,72,Metinic
15357,2021-06-07T19:36:07Z,10.455000000000002,192,Metinic
15358,2021-06-07T19:41:07Z,10.553,256,Metinic
15359,2021-06-07T19:46:07Z,10.553,304,Metinic
15360,2021-06-07T19:51:07Z,10.651,152,Metinic
15361,2021-06-07T19:56:07Z,10.553,144,Metinic
15362,2021-06-07T20:01:07Z,10.553,160,Metinic
15363,2021-06-07T20:06:07Z,10.553,144,Metinic
15364,2021-06-07T20:11:07Z,10.455000000000002,176,Metinic
15365,2021-06-07T20:16:07Z,10.455000000000002,87,Metinic
15366,2021-06-07T20:21:07Z,10.455000000000002,416,Metinic
15367,2021-06-07T20:26:07Z,10.357000000000001,304,Metinic
15368,2021-06-07T20:31:07Z,10.357000000000001,168,Metinic
15369,2021-06-07T20:36:07Z,10.259,176,Metinic
15370,2021-06-07T20:41:07Z,10.259,336,Metinic
15371,2021-06-07T20:46:07Z,10.161,272,Metinic
15372,2021-06-07T20:51:07Z,10.063,352,Metinic
15373,2021-06-07T20:56:07Z,10.063,352,Metinic
15374,2021-06-07T21:01:07Z,9.965000000000002,224,Metinic
15375,2021-06-07T21:06:07Z,9.965000000000002,256,Metinic
15376,2021-06-07T21:11:07Z,9.965000000000002,125,Metinic
15377,2021-06-07T21:16:07Z,9.866000000000001,176,Metinic
15378,2021-06-07T21:21:07Z,9.866000000000001,152,Metinic
15379,2021-06-07T21:26:07Z,9.866000000000001,58,Metinic
15380,2021-06-07T21:31:07Z,9.866000000000001,240,Metinic
15381,2021-06-07T21:36:07Z,9.866000000000001,152,Metinic
15382,2021-06-07T21:41:07Z,9.866000000000001,102,Metinic
15383,2021-06-07T21:46:07Z,9.866000000000001,127,Metinic
15384,2021-06-07T21:51:07Z,9.866000000000001,136,Metinic
15385,2021-06-07T21:56:07Z,9.866000000000001,41,Metinic
15386,2021-06-07T22:01:07Z,9.866000000000001,113,Metinic
15387,2021-06-07T22:06:07Z,9.866000000000001,61,Metinic
15388,2021-06-07T22:11:07Z,9.965000000000002,64,Metinic
15389,2021-06-07T22:16:07Z,9.965000000000002,54,Metinic
15390,2021-06-07T22:21:07Z,9.965000000000002,107,Metinic
15391,2021-06-07T22:26:07Z,9.965000000000002,35,Metinic
15392,2021-06-07T22:31:07Z,10.063,37,Metinic
15393,2021-06-07T22:36:07Z,10.161,36,Metinic
15394,2021-06-07T22:41:07Z,10.259,51,Metinic
15395,2021-06-07T22:46:07Z,10.259,34,Metinic
15396,2021-06-07T22:51:07Z,10.259,17,Metinic
15397,2021-06-07T22:56:07Z,10.357000000000001,36,Metinic
15398,2021-06-07T23:01:07Z,10.259,28,Metinic
15399,2021-06-07T23:06:07Z,10.259,34,Metinic
15400,2021-06-07T23:11:07Z,10.161,12,Metinic
15401,2021-06-07T23:16:07Z,9.965000000000002,26,Metinic
15402,2021-06-07T23:21:07Z,9.965000000000002,8,Metinic
15403,2021-06-07T23:26:07Z,9.866000000000001,9,Metinic
15404,2021-06-07T23:31:07Z,9.965000000000002,7,Metinic
15405,2021-06-07T23:36:07Z,9.965000000000002,8,Metinic
15406,2021-06-07T23:41:07Z,9.965000000000002,2,Metinic
15407,2021-06-07T23:46:07Z,10.063,3,Metinic
15408,2021-06-07T23:51:07Z,10.063,2,Metinic
15409,2021-06-07T23:56:07Z,10.063,2,Metinic
15410,2021-06-08T00:01:07Z,9.965000000000002,1,Metinic
15411,2021-06-08T00:06:07Z,9.965000000000002,0,Metinic
15412,2021-06-08T00:11:07Z,9.965000000000002,0,Metinic
15413,2021-06-08T00:16:07Z,9.965000000000002,0,Metinic
15414,2021-06-08T00:21:07Z,9.965000000000002,0,Metinic
15415,2021-06-08T00:26:07Z,9.965000000000002,0,Metinic
15416,2021-06-08T00:31:07Z,10.063,0,Metinic
15417,2021-06-08T00:36:07Z,10.063,0,Metinic
15418,2021-06-08T00:41:07Z,10.063,0,Metinic
15419,2021-06-08T00:46:07Z,10.063,0,Metinic
15420,2021-06-08T00:51:07Z,9.965000000000002,0,Metinic
15421,2021-06-08T00:56:07Z,10.063,0,Metinic
15422,2021-06-08T01:01:07Z,10.063,0,Metinic
15423,2021-06-08T01:06:07Z,10.161,0,Metinic
15424,2021-06-08T01:11:07Z,10.161,0,Metinic
15425,2021-06-08T01:16:07Z,10.161,0,Metinic
15426,2021-06-08T01:21:07Z,10.161,0,Metinic
15427,2021-06-08T01:26:07Z,10.161,0,Metinic
15428,2021-06-08T01:31:07Z,10.161,0,Metinic
15429,2021-06-08T01:36:07Z,10.259,0,Metinic
15430,2021-06-08T01:41:07Z,10.259,0,Metinic
15431,2021-06-08T01:46:07Z,10.259,0,Metinic
15432,2021-06-08T01:51:07Z,10.259,0,Metinic
15433,2021-06-08T01:56:07Z,10.259,0,Metinic
15434,2021-06-08T02:01:07Z,10.259,0,Metinic
15435,2021-06-08T02:06:07Z,10.357000000000001,0,Metinic
15436,2021-06-08T02:11:07Z,10.259,0,Metinic
15437,2021-06-08T02:16:07Z,10.161,0,Metinic
15438,2021-06-08T02:21:07Z,10.063,0,Metinic
15439,2021-06-08T02:26:07Z,9.965000000000002,0,Metinic
15440,2021-06-08T02:31:07Z,9.866000000000001,0,Metinic
15441,2021-06-08T02:36:07Z,9.965000000000002,0,Metinic
15442,2021-06-08T02:41:07Z,10.063,0,Metinic
15443,2021-06-08T02:46:07Z,10.063,0,Metinic
15444,2021-06-08T02:51:07Z,10.161,0,Metinic
15445,2021-06-08T02:56:07Z,10.161,0,Metinic
15446,2021-06-08T03:01:07Z,10.161,0,Metinic
15447,2021-06-08T03:06:07Z,10.161,0,Metinic
15448,2021-06-08T03:11:07Z,10.259,0,Metinic
15449,2021-06-08T03:16:07Z,10.259,0,Metinic
15450,2021-06-08T03:21:07Z,10.357000000000001,0,Metinic
15451,2021-06-08T03:26:07Z,10.357000000000001,0,Metinic
15452,2021-06-08T03:31:07Z,10.357000000000001,0,Metinic
15453,2021-06-08T03:36:07Z,10.357000000000001,0,Metinic
15454,2021-06-08T03:41:07Z,10.357000000000001,0,Metinic
15455,2021-06-08T03:46:07Z,10.357000000000001,0,Metinic
15456,2021-06-08T03:51:07Z,10.357000000000001,0,Metinic
15457,2021-06-08T03:56:07Z,10.455000000000002,0,Metinic
15458,2021-06-08T04:01:07Z,10.357000000000001,0,Metinic
15459,2021-06-08T04:06:07Z,10.357000000000001,0,Metinic
15460,2021-06-08T04:11:07Z,10.357000000000001,0,Metinic
15461,2021-06-08T04:16:07Z,10.357000000000001,0,Metinic
15462,2021-06-08T04:21:07Z,10.357000000000001,0,Metinic
15463,2021-06-08T04:26:07Z,10.357000000000001,0,Metinic
15464,2021-06-08T04:31:07Z,10.357000000000001,0,Metinic
15465,2021-06-08T04:36:07Z,10.357000000000001,0,Metinic
15466,2021-06-08T04:41:07Z,10.357000000000001,0,Metinic
15467,2021-06-08T04:46:07Z,10.455000000000002,0,Metinic
15468,2021-06-08T04:51:07Z,10.455000000000002,0,Metinic
15469,2021-06-08T04:56:07Z,10.455000000000002,0,Metinic
15470,2021-06-08T05:01:07Z,10.455000000000002,0,Metinic
15471,2021-06-08T05:06:07Z,10.357000000000001,0,Metinic
15472,2021-06-08T05:11:07Z,10.259,0,Metinic
15473,2021-06-08T05:16:07Z,10.259,0,Metinic
15474,2021-06-08T05:21:07Z,10.259,0,Metinic
15475,2021-06-08T05:26:07Z,10.259,0,Metinic
15476,2021-06-08T05:31:07Z,10.161,0,Metinic
15477,2021-06-08T05:36:07Z,10.161,0,Metinic
15478,2021-06-08T05:41:07Z,10.161,0,Metinic
15479,2021-06-08T05:46:07Z,10.161,0,Metinic
15480,2021-06-08T05:51:07Z,10.161,0,Metinic
15481,2021-06-08T05:56:07Z,10.161,0,Metinic
15482,2021-06-08T06:01:07Z,10.161,0,Metinic
15483,2021-06-08T06:06:07Z,10.161,0,Metinic
15484,2021-06-08T06:11:07Z,10.063,0,Metinic
15485,2021-06-08T06:16:07Z,10.063,0,Metinic
15486,2021-06-08T06:21:07Z,10.063,0,Metinic
15487,2021-06-08T06:26:07Z,10.063,0,Metinic
15488,2021-06-08T06:31:07Z,10.161,0,Metinic
15489,2021-06-08T06:36:07Z,10.161,0,Metinic
15490,2021-06-08T06:41:07Z,10.161,0,Metinic
15491,2021-06-08T06:46:07Z,10.259,0,Metinic
15492,2021-06-08T06:51:07Z,10.259,0,Metinic
15493,2021-06-08T06:56:07Z,10.259,0,Metinic
15494,2021-06-08T07:01:07Z,10.259,0,Metinic
15495,2021-06-08T07:06:07Z,10.259,0,Metinic
15496,2021-06-08T07:11:07Z,10.259,0,Metinic
15497,2021-06-08T07:16:07Z,10.259,0,Metinic
15498,2021-06-08T07:21:07Z,10.161,0,Metinic
15499,2021-06-08T07:26:07Z,10.161,0,Metinic
15500,2021-06-08T07:31:07Z,10.161,0,Metinic
15501,2021-06-08T07:36:07Z,10.161,0,Metinic
15502,2021-06-08T07:41:07Z,10.063,0,Metinic
15503,2021-06-08T07:46:07Z,10.063,0,Metinic
15504,2021-06-08T07:51:07Z,10.063,0,Metinic
15505,2021-06-08T07:56:07Z,9.965000000000002,0,Metinic
15506,2021-06-08T08:01:07Z,9.965000000000002,0,Metinic
15507,2021-06-08T08:06:07Z,9.965000000000002,0,Metinic
15508,2021-06-08T08:11:07Z,9.965000000000002,0,Metinic
15509,2021-06-08T08:16:07Z,9.965000000000002,0,Metinic
15510,2021-06-08T08:21:07Z,9.965000000000002,0,Metinic
15511,2021-06-08T08:26:07Z,9.965000000000002,0,Metinic
15512,2021-06-08T08:31:07Z,9.965000000000002,0,Metinic
15513,2021-06-08T08:36:07Z,9.866000000000001,0,Metinic
15514,2021-06-08T08:41:07Z,9.965000000000002,0,Metinic
15515,2021-06-08T08:46:07Z,9.965000000000002,0,Metinic
15516,2021-06-08T08:51:07Z,9.866000000000001,1,Metinic
15517,2021-06-08T08:56:07Z,9.965000000000002,0,Metinic
15518,2021-06-08T09:01:07Z,9.866000000000001,0,Metinic
15519,2021-06-08T09:06:07Z,9.866000000000001,0,Metinic
15520,2021-06-08T09:11:07Z,9.965000000000002,2,Metinic
15521,2021-06-08T09:16:07Z,9.965000000000002,0,Metinic
15522,2021-06-08T09:21:07Z,9.965000000000002,6,Metinic
15523,2021-06-08T09:26:07Z,9.866000000000001,5,Metinic
15524,2021-06-08T09:31:07Z,9.965000000000002,8,Metinic
15525,2021-06-08T09:36:07Z,9.866000000000001,12,Metinic
15526,2021-06-08T09:41:07Z,9.866000000000001,3,Metinic
15527,2021-06-08T09:46:07Z,9.767999999999999,7,Metinic
15528,2021-06-08T09:51:07Z,9.767999999999999,8,Metinic
15529,2021-06-08T09:56:07Z,9.767999999999999,13,Metinic
15530,2021-06-08T10:01:07Z,9.767999999999999,16,Metinic
15531,2021-06-08T10:06:07Z,9.767999999999999,19,Metinic
15532,2021-06-08T10:11:07Z,9.767999999999999,20,Metinic
15533,2021-06-08T10:16:07Z,9.866000000000001,23,Metinic
15534,2021-06-08T10:21:07Z,9.866000000000001,21,Metinic
15535,2021-06-08T10:26:07Z,9.866000000000001,15,Metinic
15536,2021-06-08T10:31:07Z,9.965000000000002,8,Metinic
15537,2021-06-08T10:36:07Z,9.965000000000002,20,Metinic
15538,2021-06-08T10:41:07Z,9.965000000000002,12,Metinic
15539,2021-06-08T10:46:07Z,9.965000000000002,15,Metinic
15540,2021-06-08T10:51:07Z,10.063,16,Metinic
15541,2021-06-08T10:56:07Z,10.063,31,Metinic
15542,2021-06-08T11:01:07Z,10.063,38,Metinic
15543,2021-06-08T11:06:07Z,10.063,29,Metinic
15544,2021-06-08T11:11:07Z,10.063,41,Metinic
15545,2021-06-08T11:16:07Z,10.063,29,Metinic
15546,2021-06-08T11:21:07Z,10.063,22,Metinic
15547,2021-06-08T11:26:07Z,10.161,32,Metinic
15548,2021-06-08T11:31:07Z,10.161,23,Metinic
15549,2021-06-08T11:36:07Z,10.161,23,Metinic
15550,2021-06-08T11:41:07Z,10.161,31,Metinic
15551,2021-06-08T11:46:07Z,10.161,42,Metinic
15552,2021-06-08T11:51:07Z,10.161,40,Metinic
15553,2021-06-08T11:56:07Z,10.161,50,Metinic
15554,2021-06-08T12:01:07Z,10.161,22,Metinic
15555,2021-06-08T12:06:07Z,10.161,37,Metinic
15556,2021-06-08T12:11:07Z,10.161,29,Metinic
15557,2021-06-08T12:16:07Z,10.161,42,Metinic
15558,2021-06-08T12:21:07Z,10.161,35,Metinic
15559,2021-06-08T12:26:07Z,10.063,33,Metinic
15560,2021-06-08T12:31:07Z,10.063,30,Metinic
15561,2021-06-08T12:36:07Z,10.063,34,Metinic
15562,2021-06-08T12:41:07Z,10.161,46,Metinic
15563,2021-06-08T12:46:07Z,10.161,41,Metinic
15564,2021-06-08T12:51:07Z,10.161,37,Metinic
15565,2021-06-08T12:56:07Z,10.259,72,Metinic
15566,2021-06-08T13:01:07Z,10.259,46,Metinic
15567,2021-06-08T13:06:07Z,10.357000000000001,74,Metinic
15568,2021-06-08T13:11:07Z,10.357000000000001,24,Metinic
15569,2021-06-08T13:16:07Z,10.357000000000001,85,Metinic
15570,2021-06-08T13:21:07Z,10.357000000000001,45,Metinic
15571,2021-06-08T13:26:07Z,10.357000000000001,51,Metinic
15572,2021-06-08T13:31:07Z,10.357000000000001,49,Metinic
15573,2021-06-08T13:36:07Z,10.357000000000001,30,Metinic
15574,2021-06-08T13:41:07Z,10.357000000000001,34,Metinic
15575,2021-06-08T13:46:07Z,10.357000000000001,43,Metinic
15576,2021-06-08T13:51:07Z,10.357000000000001,39,Metinic
15577,2021-06-08T13:56:07Z,10.357000000000001,61,Metinic
15578,2021-06-08T14:01:07Z,10.357000000000001,128,Metinic
15579,2021-06-08T14:06:07Z,10.357000000000001,51,Metinic
15580,2021-06-08T14:11:07Z,10.357000000000001,72,Metinic
15581,2021-06-08T14:16:07Z,10.161,60,Metinic
15582,2021-06-08T14:21:07Z,10.161,108,Metinic
15583,2021-06-08T14:26:07Z,10.161,41,Metinic
15584,2021-06-08T14:31:07Z,10.161,34,Metinic
15585,2021-06-08T14:36:07Z,10.161,28,Metinic
15586,2021-06-08T14:41:07Z,10.161,19,Metinic
15587,2021-06-08T14:46:07Z,10.161,41,Metinic
15588,2021-06-08T14:51:07Z,10.259,42,Metinic
15589,2021-06-08T14:56:07Z,10.259,73,Metinic
15590,2021-06-08T15:01:07Z,10.259,36,Metinic
15591,2021-06-08T15:06:07Z,10.259,42,Metinic
15592,2021-06-08T15:11:07Z,10.357000000000001,43,Metinic
15593,2021-06-08T15:16:07Z,10.357000000000001,46,Metinic
15594,2021-06-08T15:21:07Z,10.455000000000002,67,Metinic
15595,2021-06-08T15:26:07Z,10.553,84,Metinic
15596,2021-06-08T15:31:07Z,10.651,116,Metinic
15597,2021-06-08T15:36:07Z,10.553,74,Metinic
15598,2021-06-08T15:41:07Z,10.553,75,Metinic
15599,2021-06-08T15:46:07Z,10.651,52,Metinic
15600,2021-06-08T15:51:07Z,10.651,49,Metinic
15601,2021-06-08T15:56:07Z,10.651,66,Metinic
15602,2021-06-08T16:01:07Z,10.651,31,Metinic
15603,2021-06-08T16:06:07Z,10.651,86,Metinic
15604,2021-06-08T16:11:07Z,10.651,66,Metinic
15605,2021-06-08T16:16:07Z,10.747999999999998,124,Metinic
15606,2021-06-08T16:21:07Z,10.747999999999998,115,Metinic
15607,2021-06-08T16:26:07Z,10.846,64,Metinic
15608,2021-06-08T16:31:07Z,10.747999999999998,84,Metinic
15609,2021-06-08T16:36:07Z,10.846,432,Metinic
15610,2021-06-08T16:41:07Z,10.846,71,Metinic
15611,2021-06-08T16:46:07Z,10.846,58,Metinic
15612,2021-06-08T16:51:07Z,10.747999999999998,59,Metinic
15613,2021-06-08T16:56:07Z,10.747999999999998,20,Metinic
15614,2021-06-08T17:01:07Z,10.747999999999998,61,Metinic
15615,2021-06-08T17:06:07Z,10.747999999999998,23,Metinic
15616,2021-06-08T17:11:07Z,10.747999999999998,39,Metinic
15617,2021-06-08T17:16:07Z,10.846,68,Metinic
15618,2021-06-08T17:21:07Z,10.846,61,Metinic
15619,2021-06-08T17:26:07Z,10.747999999999998,73,Metinic
15620,2021-06-08T17:31:07Z,10.747999999999998,144,Metinic
15621,2021-06-08T17:36:07Z,10.747999999999998,184,Metinic
15622,2021-06-08T17:41:07Z,10.747999999999998,120,Metinic
15623,2021-06-08T17:46:07Z,10.651,49,Metinic
15624,2021-06-08T17:51:07Z,10.747999999999998,184,Metinic
15625,2021-06-08T17:56:07Z,10.651,99,Metinic
15626,2021-06-08T18:01:07Z,10.553,92,Metinic
15627,2021-06-08T18:06:07Z,10.553,80,Metinic
15628,2021-06-08T18:11:07Z,10.553,27,Metinic
15629,2021-06-08T18:16:07Z,10.651,100,Metinic
15630,2021-06-08T18:21:07Z,10.553,71,Metinic
15631,2021-06-08T18:26:07Z,10.747999999999998,112,Metinic
15632,2021-06-08T18:31:07Z,10.846,176,Metinic
15633,2021-06-08T18:36:07Z,10.651,88,Metinic
15634,2021-06-08T18:41:07Z,10.553,160,Metinic
15635,2021-06-08T18:46:07Z,10.553,62,Metinic
15636,2021-06-08T18:51:07Z,10.651,103,Metinic
15637,2021-06-08T18:56:07Z,10.553,95,Metinic
15638,2021-06-08T19:01:07Z,10.455000000000002,100,Metinic
15639,2021-06-08T19:06:07Z,10.553,73,Metinic
15640,2021-06-08T19:11:07Z,10.455000000000002,37,Metinic
15641,2021-06-08T19:16:07Z,10.455000000000002,67,Metinic
15642,2021-06-08T19:21:07Z,10.553,224,Metinic
15643,2021-06-08T19:26:07Z,10.455000000000002,55,Metinic
15644,2021-06-08T19:31:07Z,10.455000000000002,224,Metinic
15645,2021-06-08T19:36:07Z,10.455000000000002,113,Metinic
15646,2021-06-08T19:41:07Z,10.553,200,Metinic
15647,2021-06-08T19:46:07Z,10.455000000000002,96,Metinic
15648,2021-06-08T19:51:07Z,10.553,125,Metinic
15649,2021-06-08T19:56:07Z,10.553,224,Metinic
15650,2021-06-08T20:01:07Z,10.455000000000002,99,Metinic
15651,2021-06-08T20:06:07Z,10.259,70,Metinic
15652,2021-06-08T20:11:07Z,10.161,43,Metinic
15653,2021-06-08T20:16:07Z,10.161,122,Metinic
15654,2021-06-08T20:21:07Z,10.161,99,Metinic
15655,2021-06-08T20:26:07Z,10.161,121,Metinic
15656,2021-06-08T20:31:07Z,10.161,86,Metinic
15657,2021-06-08T20:36:07Z,10.161,67,Metinic
15658,2021-06-08T20:41:07Z,10.161,70,Metinic
15659,2021-06-08T20:46:07Z,10.161,70,Metinic
15660,2021-06-08T20:51:07Z,10.259,58,Metinic
15661,2021-06-08T20:56:07Z,10.161,34,Metinic
15662,2021-06-08T21:01:07Z,10.259,36,Metinic
15663,2021-06-08T21:06:07Z,10.161,33,Metinic
15664,2021-06-08T21:11:07Z,10.259,50,Metinic
15665,2021-06-08T21:16:07Z,10.259,35,Metinic
15666,2021-06-08T21:21:07Z,10.161,50,Metinic
15667,2021-06-08T21:26:07Z,10.161,34,Metinic
15668,2021-06-08T21:31:07Z,10.161,39,Metinic
15669,2021-06-08T21:36:07Z,10.161,97,Metinic
15670,2021-06-08T21:41:07Z,10.063,72,Metinic
15671,2021-06-08T21:46:07Z,9.965000000000002,54,Metinic
15672,2021-06-08T21:51:07Z,9.965000000000002,46,Metinic
15673,2021-06-08T21:56:07Z,9.965000000000002,42,Metinic
15674,2021-06-08T22:01:07Z,9.965000000000002,104,Metinic
15675,2021-06-08T22:06:07Z,9.866000000000001,59,Metinic
15676,2021-06-08T22:11:07Z,9.866000000000001,27,Metinic
15677,2021-06-08T22:16:07Z,9.767999999999999,48,Metinic
15678,2021-06-08T22:21:07Z,9.767999999999999,40,Metinic
15679,2021-06-08T22:26:07Z,9.767999999999999,30,Metinic
15680,2021-06-08T22:31:07Z,9.767999999999999,12,Metinic
15681,2021-06-08T22:36:07Z,9.767999999999999,17,Metinic
15682,2021-06-08T22:41:07Z,9.767999999999999,15,Metinic
15683,2021-06-08T22:46:07Z,9.767999999999999,8,Metinic
15684,2021-06-08T22:51:07Z,9.866000000000001,12,Metinic
15685,2021-06-08T22:56:07Z,9.965000000000002,9,Metinic
15686,2021-06-08T23:01:07Z,9.965000000000002,15,Metinic
15687,2021-06-08T23:06:07Z,10.063,6,Metinic
15688,2021-06-08T23:11:07Z,10.063,5,Metinic
15689,2021-06-08T23:16:07Z,10.063,4,Metinic
15690,2021-06-08T23:21:07Z,10.063,7,Metinic
15691,2021-06-08T23:26:07Z,10.063,3,Metinic
15692,2021-06-08T23:31:07Z,10.063,2,Metinic
15693,2021-06-08T23:36:07Z,10.161,3,Metinic
15694,2021-06-08T23:41:07Z,10.161,0,Metinic
15695,2021-06-08T23:46:07Z,10.161,1,Metinic
15696,2021-06-08T23:51:07Z,10.161,1,Metinic
15697,2021-06-08T23:56:07Z,10.161,0,Metinic
15698,2021-06-09T00:01:07Z,10.161,0,Metinic
15699,2021-06-09T00:06:07Z,10.063,0,Metinic
15700,2021-06-09T00:11:07Z,9.965000000000002,0,Metinic
15701,2021-06-09T00:16:07Z,9.965000000000002,0,Metinic
15702,2021-06-09T00:21:07Z,10.063,0,Metinic
15703,2021-06-09T00:26:07Z,10.063,0,Metinic
15704,2021-06-09T00:31:07Z,9.965000000000002,0,Metinic
15705,2021-06-09T00:36:07Z,9.767999999999999,0,Metinic
15706,2021-06-09T00:41:07Z,9.767999999999999,0,Metinic
15707,2021-06-09T00:46:07Z,9.767999999999999,0,Metinic
15708,2021-06-09T00:51:07Z,9.767999999999999,0,Metinic
15709,2021-06-09T00:56:07Z,9.669,0,Metinic
15710,2021-06-09T01:01:07Z,9.669,0,Metinic
15711,2021-06-09T01:06:07Z,9.767999999999999,0,Metinic
15712,2021-06-09T01:11:07Z,9.866000000000001,0,Metinic
15713,2021-06-09T01:16:07Z,9.965000000000002,0,Metinic
15714,2021-06-09T01:21:07Z,9.965000000000002,0,Metinic
15715,2021-06-09T01:26:07Z,10.063,0,Metinic
15716,2021-06-09T01:31:07Z,10.063,0,Metinic
15717,2021-06-09T01:36:07Z,10.161,0,Metinic
15718,2021-06-09T01:41:07Z,10.161,0,Metinic
15719,2021-06-09T01:46:07Z,10.161,0,Metinic
15720,2021-06-09T01:51:07Z,10.161,0,Metinic
15721,2021-06-09T01:56:07Z,10.259,0,Metinic
15722,2021-06-09T02:01:07Z,10.259,0,Metinic
15723,2021-06-09T02:06:07Z,10.259,0,Metinic
15724,2021-06-09T02:11:07Z,10.259,0,Metinic
15725,2021-06-09T02:16:07Z,10.259,0,Metinic
15726,2021-06-09T02:21:07Z,10.259,0,Metinic
15727,2021-06-09T02:26:07Z,10.259,0,Metinic
15728,2021-06-09T02:31:07Z,10.259,0,Metinic
15729,2021-06-09T02:36:07Z,10.259,0,Metinic
15730,2021-06-09T02:41:07Z,10.259,0,Metinic
15731,2021-06-09T02:46:07Z,10.259,0,Metinic
15732,2021-06-09T02:51:07Z,10.259,0,Metinic
15733,2021-06-09T02:56:07Z,10.259,0,Metinic
15734,2021-06-09T03:01:07Z,10.259,0,Metinic
15735,2021-06-09T03:06:07Z,10.259,0,Metinic
15736,2021-06-09T03:11:07Z,10.259,0,Metinic
15737,2021-06-09T03:16:07Z,10.259,0,Metinic
15738,2021-06-09T03:21:07Z,10.259,0,Metinic
15739,2021-06-09T03:26:07Z,10.259,0,Metinic
15740,2021-06-09T03:31:07Z,10.455000000000002,0,Metinic
15741,2021-06-09T03:36:07Z,10.455000000000002,0,Metinic
15742,2021-06-09T03:41:07Z,10.357000000000001,0,Metinic
15743,2021-06-09T03:46:07Z,10.357000000000001,0,Metinic
15744,2021-06-09T03:51:07Z,10.357000000000001,0,Metinic
15745,2021-06-09T03:56:07Z,10.357000000000001,0,Metinic
15746,2021-06-09T04:01:07Z,10.357000000000001,0,Metinic
15747,2021-06-09T04:06:07Z,10.357000000000001,0,Metinic
15748,2021-06-09T04:11:07Z,10.357000000000001,0,Metinic
15749,2021-06-09T04:16:07Z,10.357000000000001,0,Metinic
15750,2021-06-09T04:21:07Z,10.357000000000001,0,Metinic
15751,2021-06-09T04:26:07Z,10.357000000000001,0,Metinic
15752,2021-06-09T04:31:07Z,10.357000000000001,0,Metinic
15753,2021-06-09T04:36:07Z,10.357000000000001,0,Metinic
15754,2021-06-09T04:41:07Z,10.357000000000001,0,Metinic
15755,2021-06-09T04:46:07Z,10.455000000000002,0,Metinic
15756,2021-06-09T04:51:07Z,10.455000000000002,0,Metinic
15757,2021-06-09T04:56:07Z,10.455000000000002,0,Metinic
15758,2021-06-09T05:01:07Z,10.553,0,Metinic
15759,2021-06-09T05:06:07Z,10.553,0,Metinic
15760,2021-06-09T05:11:07Z,10.553,0,Metinic
15761,2021-06-09T05:16:07Z,10.651,0,Metinic
15762,2021-06-09T05:21:07Z,10.651,0,Metinic
15763,2021-06-09T05:26:07Z,10.651,0,Metinic
15764,2021-06-09T05:31:07Z,10.553,0,Metinic
15765,2021-06-09T05:36:07Z,10.455000000000002,0,Metinic
15766,2021-06-09T05:41:07Z,10.455000000000002,0,Metinic
15767,2021-06-09T05:46:07Z,10.455000000000002,0,Metinic
15768,2021-06-09T05:51:07Z,10.455000000000002,0,Metinic
15769,2021-06-09T05:56:07Z,10.455000000000002,0,Metinic
15770,2021-06-09T06:01:07Z,10.455000000000002,0,Metinic
15771,2021-06-09T06:06:07Z,10.553,0,Metinic
15772,2021-06-09T06:11:07Z,10.651,0,Metinic
15773,2021-06-09T06:16:07Z,10.651,0,Metinic
15774,2021-06-09T06:21:07Z,10.651,0,Metinic
15775,2021-06-09T06:26:07Z,10.747999999999998,0,Metinic
15776,2021-06-09T06:31:07Z,10.846,0,Metinic
15777,2021-06-09T06:36:07Z,10.846,0,Metinic
15778,2021-06-09T06:41:07Z,10.846,0,Metinic
15779,2021-06-09T06:46:07Z,10.846,0,Metinic
15780,2021-06-09T06:51:07Z,10.846,0,Metinic
15781,2021-06-09T06:56:07Z,10.846,0,Metinic
15782,2021-06-09T07:01:07Z,10.943999999999999,0,Metinic
15783,2021-06-09T07:06:07Z,10.943999999999999,0,Metinic
15784,2021-06-09T07:11:07Z,11.040999999999999,0,Metinic
15785,2021-06-09T07:16:07Z,11.040999999999999,0,Metinic
15786,2021-06-09T07:21:07Z,11.040999999999999,0,Metinic
15787,2021-06-09T07:26:07Z,11.040999999999999,0,Metinic
15788,2021-06-09T07:31:07Z,11.139,0,Metinic
15789,2021-06-09T07:36:07Z,11.139,0,Metinic
15790,2021-06-09T07:41:07Z,11.139,0,Metinic
15791,2021-06-09T07:46:07Z,11.139,0,Metinic
15792,2021-06-09T07:51:07Z,11.139,0,Metinic
15793,2021-06-09T07:56:07Z,11.139,0,Metinic
15794,2021-06-09T08:01:07Z,11.139,0,Metinic
15795,2021-06-09T08:06:07Z,11.040999999999999,0,Metinic
15796,2021-06-09T08:11:07Z,10.943999999999999,0,Metinic
15797,2021-06-09T08:16:07Z,10.943999999999999,0,Metinic
15798,2021-06-09T08:21:07Z,10.943999999999999,0,Metinic
15799,2021-06-09T08:26:07Z,10.943999999999999,0,Metinic
15800,2021-06-09T08:31:07Z,10.943999999999999,0,Metinic
15801,2021-06-09T08:36:07Z,10.943999999999999,0,Metinic
15802,2021-06-09T08:41:07Z,10.846,0,Metinic
15803,2021-06-09T08:46:07Z,10.943999999999999,0,Metinic
15804,2021-06-09T08:51:07Z,10.846,0,Metinic
15805,2021-06-09T08:56:07Z,10.846,0,Metinic
15806,2021-06-09T09:01:07Z,10.747999999999998,0,Metinic
15807,2021-06-09T09:06:07Z,10.747999999999998,1,Metinic
15808,2021-06-09T09:11:07Z,10.747999999999998,1,Metinic
15809,2021-06-09T09:16:07Z,10.651,2,Metinic
15810,2021-06-09T09:21:07Z,10.651,3,Metinic
15811,2021-06-09T09:26:07Z,10.553,5,Metinic
15812,2021-06-09T09:31:07Z,10.455000000000002,1,Metinic
15813,2021-06-09T09:36:07Z,10.357000000000001,4,Metinic
15814,2021-06-09T09:41:07Z,10.357000000000001,6,Metinic
15815,2021-06-09T09:46:07Z,10.259,5,Metinic
15816,2021-06-09T09:51:07Z,10.259,4,Metinic
15817,2021-06-09T09:56:07Z,10.259,8,Metinic
15818,2021-06-09T10:01:07Z,10.161,10,Metinic
15819,2021-06-09T10:06:07Z,10.161,5,Metinic
15820,2021-06-09T10:11:07Z,10.063,10,Metinic
15821,2021-06-09T10:16:07Z,9.965000000000002,11,Metinic
15822,2021-06-09T10:21:07Z,9.965000000000002,11,Metinic
15823,2021-06-09T10:26:07Z,9.965000000000002,12,Metinic
15824,2021-06-09T10:31:07Z,9.965000000000002,21,Metinic
15825,2021-06-09T10:36:07Z,9.965000000000002,12,Metinic
15826,2021-06-09T10:41:07Z,9.965000000000002,19,Metinic
15827,2021-06-09T10:46:07Z,9.965000000000002,19,Metinic
15828,2021-06-09T10:51:07Z,9.965000000000002,26,Metinic
15829,2021-06-09T10:56:07Z,9.965000000000002,17,Metinic
15830,2021-06-09T11:01:07Z,10.063,19,Metinic
15831,2021-06-09T11:06:07Z,10.063,11,Metinic
15832,2021-06-09T11:11:07Z,10.161,16,Metinic
15833,2021-06-09T11:16:07Z,10.161,14,Metinic
15834,2021-06-09T11:21:07Z,10.259,24,Metinic
15835,2021-06-09T11:26:07Z,10.161,30,Metinic
15836,2021-06-09T11:31:07Z,10.259,26,Metinic
15837,2021-06-09T11:36:07Z,10.259,16,Metinic
15838,2021-06-09T11:41:07Z,10.357000000000001,13,Metinic
15839,2021-06-09T11:46:07Z,10.357000000000001,20,Metinic
15840,2021-06-09T11:51:07Z,10.357000000000001,21,Metinic
15841,2021-06-09T11:56:07Z,10.455000000000002,27,Metinic
15842,2021-06-09T12:01:07Z,10.455000000000002,36,Metinic
15843,2021-06-09T12:06:07Z,10.259,56,Metinic
15844,2021-06-09T12:11:07Z,10.259,65,Metinic
15845,2021-06-09T12:16:07Z,10.357000000000001,27,Metinic
15846,2021-06-09T12:21:07Z,10.357000000000001,37,Metinic
15847,2021-06-09T12:26:07Z,10.259,48,Metinic
15848,2021-06-09T12:31:07Z,10.063,22,Metinic
15849,2021-06-09T12:36:07Z,9.965000000000002,65,Metinic
15850,2021-06-09T12:41:07Z,9.965000000000002,49,Metinic
15851,2021-06-09T12:46:07Z,10.063,46,Metinic
15852,2021-06-09T12:51:07Z,10.063,47,Metinic
15853,2021-06-09T12:56:07Z,10.063,53,Metinic
15854,2021-06-09T13:01:07Z,10.063,83,Metinic
15855,2021-06-09T13:06:07Z,10.161,53,Metinic
15856,2021-06-09T13:11:07Z,10.161,62,Metinic
15857,2021-06-09T13:16:07Z,10.161,51,Metinic
15858,2021-06-09T13:21:07Z,10.259,28,Metinic
15859,2021-06-09T13:26:07Z,10.259,35,Metinic
15860,2021-06-09T13:31:07Z,10.259,58,Metinic
15861,2021-06-09T13:36:07Z,10.357000000000001,60,Metinic
15862,2021-06-09T13:41:07Z,10.357000000000001,62,Metinic
15863,2021-06-09T13:46:07Z,10.455000000000002,58,Metinic
15864,2021-06-09T13:51:07Z,10.553,60,Metinic
15865,2021-06-09T13:56:07Z,10.651,64,Metinic
15866,2021-06-09T14:01:07Z,10.651,66,Metinic
15867,2021-06-09T14:06:07Z,10.651,105,Metinic
15868,2021-06-09T14:11:07Z,10.553,75,Metinic
15869,2021-06-09T14:16:07Z,10.553,59,Metinic
15870,2021-06-09T14:21:07Z,10.553,58,Metinic
15871,2021-06-09T14:26:07Z,10.455000000000002,46,Metinic
15872,2021-06-09T14:31:07Z,10.357000000000001,70,Metinic
15873,2021-06-09T14:36:07Z,10.357000000000001,69,Metinic
15874,2021-06-09T14:41:07Z,10.357000000000001,43,Metinic
15875,2021-06-09T14:46:07Z,10.455000000000002,67,Metinic
15876,2021-06-09T14:51:07Z,10.455000000000002,59,Metinic
15877,2021-06-09T14:56:07Z,10.455000000000002,49,Metinic
15878,2021-06-09T15:01:07Z,10.553,85,Metinic
15879,2021-06-09T15:06:07Z,10.651,59,Metinic
15880,2021-06-09T15:11:07Z,10.747999999999998,80,Metinic
15881,2021-06-09T15:16:07Z,11.040999999999999,89,Metinic
15882,2021-06-09T15:21:07Z,11.040999999999999,83,Metinic
15883,2021-06-09T15:26:07Z,10.943999999999999,90,Metinic
15884,2021-06-09T15:31:07Z,10.846,75,Metinic
15885,2021-06-09T15:36:07Z,10.846,93,Metinic
15886,2021-06-09T15:41:07Z,10.846,108,Metinic
15887,2021-06-09T15:46:07Z,10.846,63,Metinic
15888,2021-06-09T15:51:07Z,10.846,160,Metinic
15889,2021-06-09T15:56:07Z,10.943999999999999,168,Metinic
15890,2021-06-09T16:01:07Z,11.040999999999999,85,Metinic
15891,2021-06-09T16:06:07Z,11.139,128,Metinic
15892,2021-06-09T16:11:07Z,11.235999999999999,101,Metinic
15893,2021-06-09T16:16:07Z,11.334,87,Metinic
15894,2021-06-09T16:21:07Z,11.334,124,Metinic
15895,2021-06-09T16:26:07Z,11.334,62,Metinic
15896,2021-06-09T16:31:07Z,11.431,76,Metinic
15897,2021-06-09T16:36:07Z,11.527999999999999,82,Metinic
15898,2021-06-09T16:41:07Z,11.527999999999999,68,Metinic
15899,2021-06-09T16:46:07Z,11.625,79,Metinic
15900,2021-06-09T16:51:07Z,11.722,88,Metinic
15901,2021-06-09T16:56:07Z,11.722,66,Metinic
15902,2021-06-09T17:01:07Z,12.013,75,Metinic
15903,2021-06-09T17:06:07Z,12.013,115,Metinic
15904,2021-06-09T17:11:07Z,11.916,92,Metinic
15905,2021-06-09T17:16:07Z,11.916,117,Metinic
15906,2021-06-09T17:21:07Z,11.916,115,Metinic
15907,2021-06-09T17:26:07Z,11.916,88,Metinic
15908,2021-06-09T17:31:07Z,11.916,144,Metinic
15909,2021-06-09T17:36:07Z,12.013,97,Metinic
15910,2021-06-09T17:41:07Z,12.11,80,Metinic
15911,2021-06-09T17:46:07Z,12.206999999999999,74,Metinic
15912,2021-06-09T17:51:07Z,12.206999999999999,110,Metinic
15913,2021-06-09T17:56:07Z,12.304,128,Metinic
15914,2021-06-09T18:01:07Z,12.304,84,Metinic
15915,2021-06-09T18:06:07Z,12.401,110,Metinic
15916,2021-06-09T18:11:07Z,12.401,152,Metinic
15917,2021-06-09T18:16:07Z,12.401,176,Metinic
15918,2021-06-09T18:21:07Z,12.401,128,Metinic
15919,2021-06-09T18:26:07Z,12.401,192,Metinic
15920,2021-06-09T18:31:07Z,12.304,122,Metinic
15921,2021-06-09T18:36:07Z,12.401,103,Metinic
15922,2021-06-09T18:41:07Z,12.401,144,Metinic
15923,2021-06-09T18:46:07Z,12.497,121,Metinic
15924,2021-06-09T18:51:07Z,12.594,168,Metinic
15925,2021-06-09T18:56:07Z,12.69,232,Metinic
15926,2021-06-09T19:01:07Z,12.69,256,Metinic
15927,2021-06-09T19:06:07Z,12.206999999999999,168,Metinic
15928,2021-06-09T19:11:07Z,11.819,96,Metinic
15929,2021-06-09T19:16:07Z,11.431,126,Metinic
15930,2021-06-09T19:21:07Z,11.334,128,Metinic
15931,2021-06-09T19:26:07Z,11.235999999999999,152,Metinic
15932,2021-06-09T19:31:07Z,11.235999999999999,122,Metinic
15933,2021-06-09T19:36:07Z,11.235999999999999,144,Metinic
15934,2021-06-09T19:41:07Z,11.235999999999999,224,Metinic
15935,2021-06-09T19:46:07Z,11.334,232,Metinic
15936,2021-06-09T19:51:07Z,11.334,176,Metinic
15937,2021-06-09T19:56:07Z,11.139,232,Metinic
15938,2021-06-09T20:01:07Z,11.040999999999999,94,Metinic
15939,2021-06-09T20:06:07Z,11.139,152,Metinic
15940,2021-06-09T20:11:07Z,11.139,176,Metinic
15941,2021-06-09T20:16:07Z,11.040999999999999,136,Metinic
15942,2021-06-09T20:21:07Z,11.139,216,Metinic
15943,2021-06-09T20:26:07Z,11.431,112,Metinic
15944,2021-06-09T20:31:07Z,11.819,200,Metinic
15945,2021-06-09T20:36:07Z,12.206999999999999,400,Metinic
15946,2021-06-09T20:41:07Z,12.304,97,Metinic
15947,2021-06-09T20:46:07Z,12.304,192,Metinic
15948,2021-06-09T20:51:07Z,12.304,160,Metinic
15949,2021-06-09T20:56:07Z,12.401,152,Metinic
15950,2021-06-09T21:01:07Z,12.401,114,Metinic
15951,2021-06-09T21:06:07Z,12.401,102,Metinic
15952,2021-06-09T21:11:07Z,12.401,67,Metinic
15953,2021-06-09T21:16:07Z,12.304,31,Metinic
15954,2021-06-09T21:21:07Z,12.304,200,Metinic
15955,2021-06-09T21:26:07Z,12.304,152,Metinic
15956,2021-06-09T21:31:07Z,12.304,224,Metinic
15957,2021-06-09T21:36:07Z,12.304,192,Metinic
15958,2021-06-09T21:41:07Z,12.304,224,Metinic
15959,2021-06-09T21:46:07Z,12.401,152,Metinic
15960,2021-06-09T21:51:07Z,12.401,123,Metinic
15961,2021-06-09T21:56:07Z,12.497,192,Metinic
15962,2021-06-09T22:01:07Z,12.497,54,Metinic
15963,2021-06-09T22:06:07Z,12.497,128,Metinic
15964,2021-06-09T22:11:07Z,12.594,85,Metinic
15965,2021-06-09T22:16:07Z,12.594,152,Metinic
15966,2021-06-09T22:21:07Z,12.69,152,Metinic
15967,2021-06-09T22:26:07Z,12.594,107,Metinic
15968,2021-06-09T22:31:07Z,12.594,107,Metinic
15969,2021-06-09T22:36:07Z,12.594,67,Metinic
15970,2021-06-09T22:41:07Z,12.594,33,Metinic
15971,2021-06-09T22:46:07Z,12.594,64,Metinic
15972,2021-06-09T22:51:07Z,12.594,42,Metinic
15973,2021-06-09T22:56:07Z,12.69,62,Metinic
15974,2021-06-09T23:01:07Z,11.819,49,Metinic
15975,2021-06-09T23:06:07Z,10.943999999999999,41,Metinic
15976,2021-06-09T23:11:07Z,10.553,36,Metinic
15977,2021-06-09T23:16:07Z,10.455000000000002,25,Metinic
15978,2021-06-09T23:21:07Z,10.455000000000002,18,Metinic
15979,2021-06-09T23:26:07Z,10.651,16,Metinic
15980,2021-06-09T23:31:07Z,10.846,8,Metinic
15981,2021-06-09T23:36:07Z,10.846,4,Metinic
15982,2021-06-09T23:41:07Z,10.943999999999999,5,Metinic
15983,2021-06-09T23:46:07Z,10.943999999999999,3,Metinic
15984,2021-06-09T23:51:07Z,11.040999999999999,5,Metinic
15985,2021-06-09T23:56:07Z,10.943999999999999,3,Metinic
15986,2021-06-10T00:01:07Z,10.846,3,Metinic
15987,2021-06-10T00:06:07Z,10.846,1,Metinic
15988,2021-06-10T00:11:07Z,10.943999999999999,1,Metinic
15989,2021-06-10T00:16:07Z,10.846,0,Metinic
15990,2021-06-10T00:21:07Z,10.943999999999999,0,Metinic
15991,2021-06-10T00:26:07Z,10.943999999999999,0,Metinic
15992,2021-06-10T00:31:07Z,11.139,0,Metinic
15993,2021-06-10T00:36:07Z,11.139,0,Metinic
15994,2021-06-10T00:41:07Z,11.235999999999999,0,Metinic
15995,2021-06-10T00:46:07Z,11.235999999999999,0,Metinic
15996,2021-06-10T00:51:07Z,11.235999999999999,0,Metinic
15997,2021-06-10T00:56:07Z,10.747999999999998,0,Metinic
15998,2021-06-10T01:01:07Z,10.747999999999998,0,Metinic
15999,2021-06-10T01:06:07Z,10.651,0,Metinic
16000,2021-06-10T01:11:07Z,10.846,0,Metinic
16001,2021-06-10T01:16:07Z,10.846,0,Metinic
16002,2021-06-10T01:21:07Z,10.943999999999999,0,Metinic
16003,2021-06-10T01:26:07Z,11.040999999999999,0,Metinic
16004,2021-06-10T01:31:07Z,10.943999999999999,0,Metinic
16005,2021-06-10T01:36:07Z,10.846,0,Metinic
16006,2021-06-10T01:41:07Z,10.846,0,Metinic
16007,2021-06-10T01:46:07Z,10.846,0,Metinic
16008,2021-06-10T01:51:07Z,10.747999999999998,0,Metinic
16009,2021-06-10T01:56:07Z,10.846,0,Metinic
16010,2021-06-10T02:01:07Z,11.040999999999999,0,Metinic
16011,2021-06-10T02:06:07Z,11.139,0,Metinic
16012,2021-06-10T02:11:07Z,11.040999999999999,0,Metinic
16013,2021-06-10T02:16:07Z,11.040999999999999,0,Metinic
16014,2021-06-10T02:21:07Z,11.040999999999999,0,Metinic
16015,2021-06-10T02:26:07Z,11.139,0,Metinic
16016,2021-06-10T02:31:07Z,11.334,0,Metinic
16017,2021-06-10T02:36:07Z,11.334,0,Metinic
16018,2021-06-10T02:41:07Z,11.334,0,Metinic
16019,2021-06-10T02:46:07Z,11.235999999999999,0,Metinic
16020,2021-06-10T02:51:07Z,11.334,0,Metinic
16021,2021-06-10T02:56:07Z,11.527999999999999,0,Metinic
16022,2021-06-10T03:01:07Z,11.916,0,Metinic
16023,2021-06-10T03:06:07Z,11.916,0,Metinic
16024,2021-06-10T03:11:07Z,11.916,0,Metinic
16025,2021-06-10T03:16:07Z,11.916,0,Metinic
16026,2021-06-10T03:21:07Z,11.916,0,Metinic
16027,2021-06-10T03:26:07Z,11.916,0,Metinic
16028,2021-06-10T03:31:07Z,11.916,0,Metinic
16029,2021-06-10T03:36:07Z,11.916,0,Metinic
16030,2021-06-10T03:41:07Z,11.916,0,Metinic
16031,2021-06-10T03:46:07Z,11.916,0,Metinic
16032,2021-06-10T03:51:07Z,11.916,0,Metinic
16033,2021-06-10T03:56:07Z,11.916,0,Metinic
16034,2021-06-10T04:01:07Z,11.916,0,Metinic
16035,2021-06-10T04:06:07Z,12.013,0,Metinic
16036,2021-06-10T04:11:07Z,12.013,0,Metinic
16037,2021-06-10T04:16:07Z,12.013,0,Metinic
16038,2021-06-10T04:21:07Z,12.013,0,Metinic
16039,2021-06-10T04:26:07Z,12.013,0,Metinic
16040,2021-06-10T04:31:07Z,11.916,0,Metinic
16041,2021-06-10T04:36:07Z,11.916,0,Metinic
16042,2021-06-10T04:41:07Z,11.916,0,Metinic
16043,2021-06-10T04:46:07Z,11.916,0,Metinic
16044,2021-06-10T04:51:07Z,11.916,0,Metinic
16045,2021-06-10T04:56:07Z,11.916,0,Metinic
16046,2021-06-10T05:01:07Z,11.916,0,Metinic
16047,2021-06-10T05:06:07Z,11.916,0,Metinic
16048,2021-06-10T05:11:07Z,11.916,0,Metinic
16049,2021-06-10T05:16:07Z,11.916,0,Metinic
16050,2021-06-10T05:21:07Z,11.916,0,Metinic
16051,2021-06-10T05:26:07Z,11.916,0,Metinic
16052,2021-06-10T05:31:07Z,12.013,0,Metinic
16053,2021-06-10T05:36:07Z,11.916,0,Metinic
16054,2021-06-10T05:41:07Z,11.916,0,Metinic
16055,2021-06-10T05:46:07Z,11.916,0,Metinic
16056,2021-06-10T05:51:07Z,11.916,0,Metinic
16057,2021-06-10T05:56:07Z,11.819,0,Metinic
16058,2021-06-10T06:01:07Z,11.722,0,Metinic
16059,2021-06-10T06:06:07Z,11.527999999999999,0,Metinic
16060,2021-06-10T06:11:07Z,11.527999999999999,0,Metinic
16061,2021-06-10T06:16:07Z,11.625,0,Metinic
16062,2021-06-10T06:21:07Z,11.334,0,Metinic
16063,2021-06-10T06:26:07Z,11.235999999999999,0,Metinic
16064,2021-06-10T06:31:07Z,11.235999999999999,0,Metinic
16065,2021-06-10T06:36:07Z,11.235999999999999,0,Metinic
16066,2021-06-10T06:41:07Z,11.235999999999999,0,Metinic
16067,2021-06-10T06:46:07Z,11.334,0,Metinic
16068,2021-06-10T06:51:07Z,11.431,0,Metinic
16069,2021-06-10T06:56:07Z,11.625,0,Metinic
16070,2021-06-10T07:01:07Z,11.722,0,Metinic
16071,2021-06-10T07:06:07Z,11.819,0,Metinic
16072,2021-06-10T07:11:07Z,11.819,0,Metinic
16073,2021-06-10T07:16:07Z,11.916,0,Metinic
16074,2021-06-10T07:21:07Z,11.916,0,Metinic
16075,2021-06-10T07:26:07Z,11.916,0,Metinic
16076,2021-06-10T07:31:07Z,11.916,0,Metinic
16077,2021-06-10T07:36:07Z,11.819,0,Metinic
16078,2021-06-10T07:41:07Z,11.527999999999999,0,Metinic
16079,2021-06-10T07:46:07Z,11.722,0,Metinic
16080,2021-06-10T07:51:07Z,11.916,0,Metinic
16081,2021-06-10T07:56:07Z,11.625,0,Metinic
16082,2021-06-10T08:01:07Z,11.916,0,Metinic
16083,2021-06-10T08:06:07Z,12.013,0,Metinic
16084,2021-06-10T08:11:07Z,11.334,0,Metinic
16085,2021-06-10T08:16:07Z,11.527999999999999,0,Metinic
16086,2021-06-10T08:21:07Z,11.431,0,Metinic
16087,2021-06-10T08:26:07Z,11.625,0,Metinic
16088,2021-06-10T08:31:07Z,11.819,0,Metinic
16089,2021-06-10T08:36:07Z,11.916,0,Metinic
16090,2021-06-10T08:41:07Z,12.013,0,Metinic
16091,2021-06-10T08:46:07Z,12.206999999999999,0,Metinic
16092,2021-06-10T08:51:07Z,12.304,0,Metinic
16093,2021-06-10T08:56:07Z,12.304,0,Metinic
16094,2021-06-10T09:01:07Z,12.304,0,Metinic
16095,2021-06-10T09:06:07Z,12.304,0,Metinic
16096,2021-06-10T09:11:07Z,12.401,0,Metinic
16097,2021-06-10T09:16:07Z,12.401,1,Metinic
16098,2021-06-10T09:21:07Z,12.401,1,Metinic
16099,2021-06-10T09:26:07Z,12.401,1,Metinic
16100,2021-06-10T09:31:07Z,12.401,1,Metinic
16101,2021-06-10T09:36:07Z,12.401,2,Metinic
16102,2021-06-10T09:41:07Z,12.401,2,Metinic
16103,2021-06-10T09:46:07Z,12.401,2,Metinic
16104,2021-06-10T09:51:07Z,12.401,4,Metinic
16105,2021-06-10T09:56:07Z,12.497,5,Metinic
16106,2021-06-10T10:01:07Z,12.497,7,Metinic
16107,2021-06-10T10:06:07Z,12.497,10,Metinic
16108,2021-06-10T10:11:07Z,12.497,13,Metinic
16109,2021-06-10T10:16:07Z,12.497,13,Metinic
16110,2021-06-10T10:21:07Z,12.497,9,Metinic
16111,2021-06-10T10:26:07Z,12.497,13,Metinic
16112,2021-06-10T10:31:07Z,12.497,24,Metinic
16113,2021-06-10T10:36:07Z,12.594,41,Metinic
16114,2021-06-10T10:41:07Z,12.594,32,Metinic
16115,2021-06-10T10:46:07Z,12.594,27,Metinic
16116,2021-06-10T10:51:07Z,12.594,20,Metinic
16117,2021-06-10T10:56:07Z,12.594,27,Metinic
16118,2021-06-10T11:01:07Z,12.594,23,Metinic
16119,2021-06-10T11:06:07Z,12.594,23,Metinic
16120,2021-06-10T11:11:07Z,12.594,43,Metinic
16121,2021-06-10T11:16:07Z,12.69,23,Metinic
16122,2021-06-10T11:21:07Z,12.69,30,Metinic
16123,2021-06-10T11:26:07Z,12.69,40,Metinic
16124,2021-06-10T11:31:07Z,12.69,32,Metinic
16125,2021-06-10T11:36:07Z,12.69,47,Metinic
16126,2021-06-10T11:41:07Z,12.69,73,Metinic
16127,2021-06-10T11:46:07Z,12.786999999999999,24,Metinic
16128,2021-06-10T11:51:07Z,12.786999999999999,28,Metinic
16129,2021-06-10T11:56:07Z,12.786999999999999,42,Metinic
16130,2021-06-10T12:01:07Z,12.883000000000001,29,Metinic
16131,2021-06-10T12:06:07Z,12.883000000000001,19,Metinic
16132,2021-06-10T12:11:07Z,12.883000000000001,22,Metinic
16133,2021-06-10T12:16:07Z,12.98,17,Metinic
16134,2021-06-10T12:21:07Z,12.98,13,Metinic
16135,2021-06-10T12:26:07Z,12.98,27,Metinic
16136,2021-06-10T12:31:07Z,12.98,28,Metinic
16137,2021-06-10T12:36:07Z,12.98,33,Metinic
16138,2021-06-10T12:41:07Z,12.98,39,Metinic
16139,2021-06-10T12:46:07Z,13.076,62,Metinic
16140,2021-06-10T12:51:07Z,13.076,48,Metinic
16141,2021-06-10T12:56:07Z,13.076,41,Metinic
16142,2021-06-10T13:01:07Z,13.076,30,Metinic
16143,2021-06-10T13:06:07Z,13.076,39,Metinic
16144,2021-06-10T13:11:07Z,13.076,60,Metinic
16145,2021-06-10T13:16:07Z,13.076,63,Metinic
16146,2021-06-10T13:21:07Z,13.076,49,Metinic
16147,2021-06-10T13:26:07Z,13.173,55,Metinic
16148,2021-06-10T13:31:07Z,13.173,51,Metinic
16149,2021-06-10T13:36:07Z,13.173,35,Metinic
16150,2021-06-10T13:41:07Z,13.365000000000002,118,Metinic
16151,2021-06-10T13:46:07Z,13.173,216,Metinic
16152,2021-06-10T13:51:07Z,13.269,1920,Metinic
16153,2021-06-10T13:56:07Z,14.517,3200,Metinic
16154,2021-06-10T14:01:07Z,17.759999999999998,12288,Metinic
16155,2021-06-10T14:06:07Z,20.329,13312,Metinic
16156,2021-06-10T14:11:07Z,21.378,17408,Metinic
16157,2021-06-10T14:16:07Z,21.664,12288,Metinic
16158,2021-06-10T14:21:07Z,19.853,2816,Metinic
16159,2021-06-10T14:26:07Z,18.331000000000003,16384,Metinic
16160,2021-06-10T14:31:07Z,18.14,2432,Metinic
16161,2021-06-10T14:36:07Z,17.094,2304,Metinic
16162,2021-06-10T14:41:07Z,16.903,2048,Metinic
16163,2021-06-10T14:46:07Z,16.808,1856,Metinic
16164,2021-06-10T14:51:07Z,18.806,2176,Metinic
16165,2021-06-10T14:56:07Z,19.758,16384,Metinic
16166,2021-06-10T15:01:07Z,22.907999999999998,2304,Metinic
16167,2021-06-10T15:06:07Z,20.043,1920,Metinic
16168,2021-06-10T15:11:07Z,18.901,3200,Metinic
16169,2021-06-10T15:16:07Z,18.711000000000002,2304,Metinic
16170,2021-06-10T15:21:07Z,19.092,2304,Metinic
16171,2021-06-10T15:26:07Z,18.711000000000002,1536,Metinic
16172,2021-06-10T15:31:07Z,18.996,12288,Metinic
16173,2021-06-10T15:36:07Z,13.942,85,Metinic
16174,2021-06-10T15:41:07Z,11.625,28,Metinic
16175,2021-06-10T15:46:07Z,11.625,184,Metinic
16176,2021-06-10T15:51:07Z,11.527999999999999,128,Metinic
16177,2021-06-10T15:56:07Z,11.527999999999999,288,Metinic
16178,2021-06-10T16:01:07Z,11.625,216,Metinic
16179,2021-06-10T16:06:07Z,11.625,208,Metinic
16180,2021-06-10T16:11:07Z,11.722,168,Metinic
16181,2021-06-10T16:16:07Z,11.722,200,Metinic
16182,2021-06-10T16:21:07Z,11.819,66,Metinic
16183,2021-06-10T16:26:07Z,11.722,176,Metinic
16184,2021-06-10T16:31:07Z,11.819,136,Metinic
16185,2021-06-10T16:36:07Z,11.722,136,Metinic
16186,2021-06-10T16:41:07Z,11.819,116,Metinic
16187,2021-06-10T16:46:07Z,11.819,136,Metinic
16188,2021-06-10T16:51:07Z,11.819,168,Metinic
16189,2021-06-10T16:56:07Z,11.916,84,Metinic
16190,2021-06-10T17:01:07Z,11.916,59,Metinic
16191,2021-06-10T17:06:07Z,12.013,124,Metinic
16192,2021-06-10T17:11:07Z,12.013,288,Metinic
16193,2021-06-10T17:16:07Z,12.013,82,Metinic
16194,2021-06-10T17:21:07Z,12.11,496,Metinic
16195,2021-06-10T17:26:07Z,12.11,68,Metinic
16196,2021-06-10T17:31:07Z,12.206999999999999,117,Metinic
16197,2021-06-10T17:36:07Z,12.206999999999999,136,Metinic
16198,2021-06-10T17:41:07Z,12.206999999999999,99,Metinic
16199,2021-06-10T17:46:07Z,12.206999999999999,122,Metinic
16200,2021-06-10T17:51:07Z,12.304,113,Metinic
16201,2021-06-10T17:56:07Z,12.206999999999999,152,Metinic
16202,2021-06-10T18:01:07Z,12.304,24,Metinic
16203,2021-06-10T18:06:07Z,12.304,90,Metinic
16204,2021-06-10T18:11:07Z,12.304,66,Metinic
16205,2021-06-10T18:16:07Z,12.401,67,Metinic
16206,2021-06-10T18:21:07Z,12.401,94,Metinic
16207,2021-06-10T18:26:07Z,12.401,67,Metinic
16208,2021-06-10T18:31:07Z,12.497,70,Metinic
16209,2021-06-10T18:36:07Z,12.497,64,Metinic
16210,2021-06-10T18:41:07Z,12.497,86,Metinic
16211,2021-06-10T18:46:07Z,12.497,86,Metinic
16212,2021-06-10T18:51:07Z,12.497,51,Metinic
16213,2021-06-10T18:56:07Z,12.594,68,Metinic
16214,2021-06-10T19:01:07Z,12.497,31,Metinic
16215,2021-06-10T19:06:07Z,12.594,94,Metinic
16216,2021-06-10T19:11:07Z,12.594,95,Metinic
16217,2021-06-10T19:16:07Z,12.69,84,Metinic
16218,2021-06-10T19:21:07Z,12.594,51,Metinic
16219,2021-06-10T19:26:07Z,12.69,60,Metinic
16220,2021-06-10T19:31:07Z,12.594,41,Metinic
16221,2021-06-10T19:36:07Z,12.594,73,Metinic
16222,2021-06-10T19:41:07Z,12.497,50,Metinic
16223,2021-06-10T19:46:07Z,12.401,48,Metinic
16224,2021-06-10T19:51:07Z,12.401,63,Metinic
16225,2021-06-10T19:56:07Z,12.401,44,Metinic
16226,2021-06-10T20:01:07Z,12.401,102,Metinic
16227,2021-06-10T20:06:07Z,12.401,66,Metinic
16228,2021-06-10T20:11:07Z,12.401,105,Metinic
16229,2021-06-10T20:16:07Z,12.497,76,Metinic
16230,2021-06-10T20:21:07Z,12.497,79,Metinic
16231,2021-06-10T20:26:07Z,12.401,53,Metinic
16232,2021-06-10T20:31:07Z,12.497,80,Metinic
16233,2021-06-10T20:36:07Z,12.497,59,Metinic
16234,2021-06-10T20:41:07Z,12.401,29,Metinic
16235,2021-06-10T20:46:07Z,12.401,53,Metinic
16236,2021-06-10T20:51:07Z,12.401,33,Metinic
16237,2021-06-10T20:56:07Z,12.497,37,Metinic
16238,2021-06-10T21:01:07Z,12.497,48,Metinic
16239,2021-06-10T21:06:07Z,12.497,33,Metinic
16240,2021-06-10T21:11:07Z,12.497,53,Metinic
16241,2021-06-10T21:16:07Z,12.594,34,Metinic
16242,2021-06-10T21:21:07Z,12.497,59,Metinic
16243,2021-06-10T21:26:07Z,12.594,49,Metinic
16244,2021-06-10T21:31:07Z,12.594,39,Metinic
16245,2021-06-10T21:36:07Z,12.497,41,Metinic
16246,2021-06-10T21:41:07Z,12.206999999999999,37,Metinic
16247,2021-06-10T21:46:07Z,11.722,52,Metinic
16248,2021-06-10T21:51:07Z,11.431,32,Metinic
16249,2021-06-10T21:56:07Z,11.139,10,Metinic
16250,2021-06-10T22:01:07Z,11.040999999999999,23,Metinic
16251,2021-06-10T22:06:07Z,10.943999999999999,27,Metinic
16252,2021-06-10T22:11:07Z,10.747999999999998,41,Metinic
16253,2021-06-10T22:16:07Z,10.651,23,Metinic
16254,2021-06-10T22:21:07Z,10.651,41,Metinic
16255,2021-06-10T22:26:07Z,10.553,12,Metinic
16256,2021-06-10T22:31:07Z,10.553,26,Metinic
16257,2021-06-10T22:36:07Z,10.553,22,Metinic
16258,2021-06-10T22:41:07Z,10.455000000000002,16,Metinic
16259,2021-06-10T22:46:07Z,10.455000000000002,11,Metinic
16260,2021-06-10T22:51:07Z,10.455000000000002,20,Metinic
16261,2021-06-10T22:56:07Z,10.357000000000001,8,Metinic
16262,2021-06-10T23:01:07Z,10.357000000000001,2,Metinic
16263,2021-06-10T23:06:07Z,10.357000000000001,13,Metinic
16264,2021-06-10T23:11:07Z,10.259,13,Metinic
16265,2021-06-10T23:16:07Z,10.259,11,Metinic
16266,2021-06-10T23:21:07Z,10.259,12,Metinic
16267,2021-06-10T23:26:07Z,10.259,10,Metinic
16268,2021-06-10T23:31:07Z,10.259,9,Metinic
16269,2021-06-10T23:36:07Z,10.259,5,Metinic
16270,2021-06-10T23:41:07Z,10.161,4,Metinic
16271,2021-06-10T23:46:07Z,10.161,6,Metinic
16272,2021-06-10T23:51:07Z,10.161,5,Metinic
16273,2021-06-10T23:56:07Z,10.161,3,Metinic
16274,2021-06-11T00:01:07Z,10.063,0,Metinic
16275,2021-06-11T00:06:07Z,10.063,2,Metinic
16276,2021-06-11T00:11:07Z,10.063,0,Metinic
16277,2021-06-11T00:16:07Z,10.063,0,Metinic
16278,2021-06-11T00:21:07Z,10.063,0,Metinic
16279,2021-06-11T00:26:07Z,10.063,0,Metinic
16280,2021-06-11T00:31:07Z,10.063,0,Metinic
16281,2021-06-11T00:36:07Z,10.063,0,Metinic
16282,2021-06-11T00:41:07Z,10.063,0,Metinic
16283,2021-06-11T00:46:07Z,10.063,0,Metinic
16284,2021-06-11T00:51:07Z,10.161,0,Metinic
16285,2021-06-11T00:56:07Z,10.161,0,Metinic
16286,2021-06-11T01:01:07Z,10.161,0,Metinic
16287,2021-06-11T01:06:07Z,10.161,0,Metinic
16288,2021-06-11T01:11:07Z,10.259,0,Metinic
16289,2021-06-11T01:16:07Z,10.259,0,Metinic
16290,2021-06-11T01:21:07Z,10.259,0,Metinic
16291,2021-06-11T01:26:07Z,10.357000000000001,0,Metinic
16292,2021-06-11T01:31:07Z,10.455000000000002,0,Metinic
16293,2021-06-11T01:36:07Z,10.455000000000002,0,Metinic
16294,2021-06-11T01:41:07Z,10.651,0,Metinic
16295,2021-06-11T01:46:07Z,10.846,0,Metinic
16296,2021-06-11T01:51:07Z,10.846,0,Metinic
16297,2021-06-11T01:56:07Z,10.846,0,Metinic
16298,2021-06-11T02:01:07Z,10.846,0,Metinic
16299,2021-06-11T02:06:07Z,10.846,0,Metinic
16300,2021-06-11T02:11:07Z,10.747999999999998,0,Metinic
16301,2021-06-11T02:16:07Z,10.747999999999998,0,Metinic
16302,2021-06-11T02:21:07Z,10.747999999999998,0,Metinic
16303,2021-06-11T02:26:07Z,10.747999999999998,0,Metinic
16304,2021-06-11T02:31:07Z,10.747999999999998,0,Metinic
16305,2021-06-11T02:36:07Z,10.747999999999998,0,Metinic
16306,2021-06-11T02:41:07Z,10.747999999999998,0,Metinic
16307,2021-06-11T02:46:07Z,10.747999999999998,0,Metinic
16308,2021-06-11T02:51:07Z,10.747999999999998,0,Metinic
16309,2021-06-11T02:56:07Z,10.747999999999998,0,Metinic
16310,2021-06-11T03:01:07Z,10.651,0,Metinic
16311,2021-06-11T03:06:07Z,10.651,0,Metinic
16312,2021-06-11T03:11:07Z,10.651,0,Metinic
16313,2021-06-11T03:16:07Z,10.651,0,Metinic
16314,2021-06-11T03:21:07Z,10.651,0,Metinic
16315,2021-06-11T03:26:07Z,10.651,0,Metinic
16316,2021-06-11T03:31:07Z,10.651,0,Metinic
16317,2021-06-11T03:36:07Z,10.747999999999998,0,Metinic
16318,2021-06-11T03:41:07Z,10.747999999999998,0,Metinic
16319,2021-06-11T03:46:07Z,10.747999999999998,0,Metinic
16320,2021-06-11T03:51:07Z,10.747999999999998,0,Metinic
16321,2021-06-11T03:56:07Z,10.846,0,Metinic
16322,2021-06-11T04:01:07Z,10.846,0,Metinic
16323,2021-06-11T04:06:07Z,10.846,0,Metinic
16324,2021-06-11T04:11:07Z,10.846,0,Metinic
16325,2021-06-11T04:16:07Z,10.846,0,Metinic
16326,2021-06-11T04:21:07Z,10.846,0,Metinic
16327,2021-06-11T04:26:07Z,10.846,0,Metinic
16328,2021-06-11T04:31:07Z,10.846,0,Metinic
16329,2021-06-11T04:36:07Z,10.846,0,Metinic
16330,2021-06-11T04:41:07Z,10.846,0,Metinic
16331,2021-06-11T04:46:07Z,10.846,0,Metinic
16332,2021-06-11T04:51:07Z,10.846,0,Metinic
16333,2021-06-11T04:56:07Z,10.747999999999998,0,Metinic
16334,2021-06-11T05:01:07Z,10.747999999999998,0,Metinic
16335,2021-06-11T05:06:07Z,10.747999999999998,0,Metinic
16336,2021-06-11T05:11:07Z,10.747999999999998,0,Metinic
16337,2021-06-11T05:16:07Z,10.651,0,Metinic
16338,2021-06-11T05:21:07Z,10.747999999999998,0,Metinic
16339,2021-06-11T05:26:07Z,10.747999999999998,0,Metinic
16340,2021-06-11T05:31:07Z,10.747999999999998,0,Metinic
16341,2021-06-11T05:36:07Z,10.747999999999998,0,Metinic
16342,2021-06-11T05:41:07Z,10.747999999999998,0,Metinic
16343,2021-06-11T05:46:07Z,10.747999999999998,0,Metinic
16344,2021-06-11T05:51:07Z,10.846,0,Metinic
16345,2021-06-11T05:56:07Z,10.846,0,Metinic
16346,2021-06-11T06:01:07Z,10.846,0,Metinic
16347,2021-06-11T06:06:07Z,10.846,0,Metinic
16348,2021-06-11T06:11:07Z,10.846,0,Metinic
16349,2021-06-11T06:16:07Z,10.846,0,Metinic
16350,2021-06-11T06:21:07Z,10.846,0,Metinic
16351,2021-06-11T06:26:07Z,10.846,0,Metinic
16352,2021-06-11T06:31:07Z,10.943999999999999,0,Metinic
16353,2021-06-11T06:36:07Z,10.943999999999999,0,Metinic
16354,2021-06-11T06:41:07Z,10.846,0,Metinic
16355,2021-06-11T06:46:07Z,10.846,0,Metinic
16356,2021-06-11T06:51:07Z,10.846,0,Metinic
16357,2021-06-11T06:56:07Z,10.846,0,Metinic
16358,2021-06-11T07:01:07Z,10.747999999999998,0,Metinic
16359,2021-06-11T07:06:07Z,10.846,0,Metinic
16360,2021-06-11T07:11:07Z,10.846,0,Metinic
16361,2021-06-11T07:16:07Z,10.846,0,Metinic
16362,2021-06-11T07:21:07Z,10.846,0,Metinic
16363,2021-06-11T07:26:07Z,10.846,0,Metinic
16364,2021-06-11T07:31:07Z,10.846,0,Metinic
16365,2021-06-11T07:36:07Z,10.846,0,Metinic
16366,2021-06-11T07:41:07Z,10.846,0,Metinic
16367,2021-06-11T07:46:07Z,10.846,0,Metinic
16368,2021-06-11T07:51:07Z,10.846,0,Metinic
16369,2021-06-11T07:56:07Z,10.846,0,Metinic
16370,2021-06-11T08:01:07Z,10.846,0,Metinic
16371,2021-06-11T08:06:07Z,10.846,0,Metinic
16372,2021-06-11T08:11:07Z,10.846,0,Metinic
16373,2021-06-11T08:16:07Z,10.846,0,Metinic
16374,2021-06-11T08:21:07Z,10.846,0,Metinic
16375,2021-06-11T08:26:07Z,10.846,0,Metinic
16376,2021-06-11T08:31:07Z,10.846,0,Metinic
16377,2021-06-11T08:36:07Z,10.846,0,Metinic
16378,2021-06-11T08:41:07Z,10.846,0,Metinic
16379,2021-06-11T08:46:07Z,10.846,0,Metinic
16380,2021-06-11T08:51:07Z,10.943999999999999,0,Metinic
16381,2021-06-11T08:56:07Z,10.943999999999999,0,Metinic
16382,2021-06-11T09:01:07Z,10.943999999999999,1,Metinic
16383,2021-06-11T09:06:07Z,11.040999999999999,1,Metinic
16384,2021-06-11T09:11:07Z,11.040999999999999,1,Metinic
16385,2021-06-11T09:16:07Z,11.040999999999999,3,Metinic
16386,2021-06-11T09:21:07Z,11.139,6,Metinic
16387,2021-06-11T09:26:07Z,11.139,6,Metinic
16388,2021-06-11T09:31:07Z,11.235999999999999,6,Metinic
16389,2021-06-11T09:36:07Z,11.334,7,Metinic
16390,2021-06-11T09:41:07Z,11.334,7,Metinic
16391,2021-06-11T09:46:07Z,11.431,10,Metinic
16392,2021-06-11T09:51:07Z,11.431,9,Metinic
16393,2021-06-11T09:56:07Z,11.527999999999999,13,Metinic
16394,2021-06-11T10:01:07Z,11.527999999999999,8,Metinic
16395,2021-06-11T10:06:07Z,11.527999999999999,11,Metinic
16396,2021-06-11T10:11:07Z,11.527999999999999,11,Metinic
16397,2021-06-11T10:16:07Z,11.625,25,Metinic
16398,2021-06-11T10:21:07Z,11.625,51,Metinic
16399,2021-06-11T10:26:07Z,11.722,23,Metinic
16400,2021-06-11T10:31:07Z,11.819,30,Metinic
16401,2021-06-11T10:36:07Z,11.819,42,Metinic
16402,2021-06-11T10:41:07Z,11.819,21,Metinic
16403,2021-06-11T10:46:07Z,11.819,69,Metinic
16404,2021-06-11T10:51:07Z,11.819,28,Metinic
16405,2021-06-11T10:56:07Z,11.819,57,Metinic
16406,2021-06-11T11:01:07Z,11.819,13,Metinic
16407,2021-06-11T11:06:07Z,11.819,24,Metinic
16408,2021-06-11T11:11:07Z,11.819,59,Metinic
16409,2021-06-11T11:16:07Z,11.819,24,Metinic
16410,2021-06-11T11:21:07Z,11.819,14,Metinic
16411,2021-06-11T11:26:07Z,11.819,33,Metinic
16412,2021-06-11T11:31:07Z,11.819,34,Metinic
16413,2021-06-11T11:36:07Z,11.722,58,Metinic
16414,2021-06-11T11:41:07Z,11.722,46,Metinic
16415,2021-06-11T11:46:07Z,11.722,19,Metinic
16416,2021-06-11T11:51:07Z,11.625,33,Metinic
16417,2021-06-11T11:56:07Z,11.722,23,Metinic
16418,2021-06-11T12:01:07Z,11.722,26,Metinic
16419,2021-06-11T12:06:07Z,11.722,19,Metinic
16420,2021-06-11T12:11:07Z,11.527999999999999,8,Metinic
16421,2021-06-11T12:16:07Z,11.334,26,Metinic
16422,2021-06-11T12:21:07Z,11.334,20,Metinic
16423,2021-06-11T12:26:07Z,11.431,36,Metinic
16424,2021-06-11T12:31:07Z,11.431,62,Metinic
16425,2021-06-11T12:36:07Z,11.235999999999999,19,Metinic
16426,2021-06-11T12:41:07Z,11.040999999999999,20,Metinic
16427,2021-06-11T12:46:07Z,10.747999999999998,6,Metinic
16428,2021-06-11T12:51:07Z,10.553,24,Metinic
16429,2021-06-11T12:56:07Z,10.455000000000002,10,Metinic
16430,2021-06-11T13:01:07Z,10.357000000000001,6,Metinic
16431,2021-06-11T13:06:07Z,10.357000000000001,7,Metinic
16432,2021-06-11T13:11:07Z,10.553,6,Metinic
16433,2021-06-11T13:16:07Z,11.040999999999999,6,Metinic
16434,2021-06-11T13:21:07Z,11.139,15,Metinic
16435,2021-06-11T13:26:07Z,11.139,6,Metinic
16436,2021-06-11T13:31:07Z,11.235999999999999,17,Metinic
16437,2021-06-11T13:36:07Z,11.334,18,Metinic
16438,2021-06-11T13:41:07Z,11.334,17,Metinic
16439,2021-06-11T13:46:07Z,11.431,21,Metinic
16440,2021-06-11T13:51:07Z,11.527999999999999,13,Metinic
16441,2021-06-11T13:56:07Z,11.527999999999999,21,Metinic
16442,2021-06-11T14:01:07Z,11.625,6,Metinic
16443,2021-06-11T14:06:07Z,11.625,18,Metinic
16444,2021-06-11T14:11:07Z,11.722,18,Metinic
16445,2021-06-11T14:16:07Z,11.722,26,Metinic
16446,2021-06-11T14:21:07Z,11.819,26,Metinic
16447,2021-06-11T14:26:07Z,11.819,52,Metinic
16448,2021-06-11T14:31:07Z,11.916,30,Metinic
16449,2021-06-11T14:36:07Z,11.916,31,Metinic
16450,2021-06-11T14:41:07Z,11.916,40,Metinic
16451,2021-06-11T14:46:07Z,12.013,35,Metinic
16452,2021-06-11T14:51:07Z,12.013,69,Metinic
16453,2021-06-11T14:56:07Z,12.013,81,Metinic
16454,2021-06-11T15:01:07Z,12.013,49,Metinic
16455,2021-06-11T15:06:07Z,12.013,88,Metinic
16456,2021-06-11T15:11:07Z,12.013,51,Metinic
16457,2021-06-11T15:16:07Z,12.11,37,Metinic
16458,2021-06-11T15:21:07Z,12.013,36,Metinic
16459,2021-06-11T15:26:07Z,12.013,121,Metinic
16460,2021-06-11T15:31:07Z,12.013,26,Metinic
16461,2021-06-11T15:36:07Z,12.013,75,Metinic
16462,2021-06-11T15:41:07Z,12.11,34,Metinic
16463,2021-06-11T15:46:07Z,12.013,25,Metinic
16464,2021-06-11T15:51:07Z,12.013,67,Metinic
16465,2021-06-11T15:56:07Z,12.013,50,Metinic
16466,2021-06-11T16:01:07Z,12.013,42,Metinic
16467,2021-06-11T16:06:07Z,12.013,35,Metinic
16468,2021-06-11T16:11:07Z,12.013,32,Metinic
16469,2021-06-11T16:16:07Z,12.11,35,Metinic
16470,2021-06-11T16:21:07Z,12.013,27,Metinic
16471,2021-06-11T16:26:07Z,12.11,31,Metinic
16472,2021-06-11T16:31:07Z,12.013,80,Metinic
16473,2021-06-11T16:36:07Z,12.11,38,Metinic
16474,2021-06-11T16:41:07Z,12.11,37,Metinic
16475,2021-06-11T16:46:07Z,12.11,48,Metinic
16476,2021-06-11T16:51:07Z,12.11,43,Metinic
16477,2021-06-11T16:56:07Z,12.11,24,Metinic
16478,2021-06-11T17:01:07Z,12.013,30,Metinic
16479,2021-06-11T17:06:07Z,12.013,39,Metinic
16480,2021-06-11T17:11:07Z,11.916,14,Metinic
16481,2021-06-11T17:16:07Z,11.916,26,Metinic
16482,2021-06-11T17:21:07Z,11.916,22,Metinic
16483,2021-06-11T17:26:07Z,11.916,18,Metinic
16484,2021-06-11T17:31:07Z,11.916,16,Metinic
16485,2021-06-11T17:36:07Z,11.916,12,Metinic
16486,2021-06-11T17:41:07Z,11.916,13,Metinic
16487,2021-06-11T17:46:07Z,11.916,9,Metinic
16488,2021-06-11T17:51:07Z,11.916,11,Metinic
16489,2021-06-11T17:56:07Z,11.916,10,Metinic
16490,2021-06-11T18:01:07Z,11.916,13,Metinic
16491,2021-06-11T18:06:07Z,11.916,16,Metinic
16492,2021-06-11T18:11:07Z,11.916,7,Metinic
16493,2021-06-11T18:16:07Z,11.916,10,Metinic
16494,2021-06-11T18:21:07Z,11.916,4,Metinic
16495,2021-06-11T18:26:07Z,11.916,16,Metinic
16496,2021-06-11T18:31:07Z,11.916,9,Metinic
16497,2021-06-11T18:36:07Z,11.819,15,Metinic
16498,2021-06-11T18:41:07Z,11.722,13,Metinic
16499,2021-06-11T18:46:07Z,11.625,96,Metinic
16500,2021-06-11T18:51:07Z,11.625,110,Metinic
16501,2021-06-11T18:56:07Z,11.625,43,Metinic
16502,2021-06-11T19:01:07Z,11.625,18,Metinic
16503,2021-06-11T19:06:07Z,11.625,20,Metinic
16504,2021-06-11T19:11:07Z,11.527999999999999,11,Metinic
16505,2021-06-11T19:16:07Z,11.527999999999999,3,Metinic
16506,2021-06-11T19:21:07Z,11.527999999999999,10,Metinic
16507,2021-06-11T19:26:07Z,11.527999999999999,11,Metinic
16508,2021-06-11T19:31:07Z,11.527999999999999,11,Metinic
16509,2021-06-11T19:36:07Z,11.431,4,Metinic
16510,2021-06-11T19:41:07Z,11.431,7,Metinic
16511,2021-06-11T19:46:07Z,11.431,11,Metinic
16512,2021-06-11T19:51:07Z,11.431,2,Metinic
16513,2021-06-11T19:56:07Z,11.334,8,Metinic
16514,2021-06-11T20:01:07Z,11.235999999999999,5,Metinic
16515,2021-06-11T20:06:07Z,11.139,3,Metinic
16516,2021-06-11T20:11:07Z,11.139,4,Metinic
16517,2021-06-11T20:16:07Z,11.139,4,Metinic
16518,2021-06-11T20:21:07Z,11.139,7,Metinic
16519,2021-06-11T20:26:07Z,11.139,6,Metinic
16520,2021-06-11T20:31:07Z,11.040999999999999,6,Metinic
16521,2021-06-11T20:36:07Z,11.139,5,Metinic
16522,2021-06-11T20:41:07Z,11.235999999999999,4,Metinic
16523,2021-06-11T20:46:07Z,11.235999999999999,7,Metinic
16524,2021-06-11T20:51:07Z,11.334,8,Metinic
16525,2021-06-11T20:56:07Z,11.334,5,Metinic
16526,2021-06-11T21:01:07Z,11.235999999999999,6,Metinic
16527,2021-06-11T21:06:07Z,11.139,3,Metinic
16528,2021-06-11T21:11:07Z,11.139,2,Metinic
16529,2021-06-11T21:16:07Z,11.139,4,Metinic
16530,2021-06-11T21:21:07Z,11.139,5,Metinic
16531,2021-06-11T21:26:07Z,11.040999999999999,5,Metinic
16532,2021-06-11T21:31:07Z,11.040999999999999,2,Metinic
16533,2021-06-11T21:36:07Z,11.040999999999999,1,Metinic
16534,2021-06-11T21:41:07Z,11.139,4,Metinic
16535,2021-06-11T21:46:07Z,11.139,1,Metinic
16536,2021-06-11T21:51:07Z,11.235999999999999,1,Metinic
16537,2021-06-11T21:56:07Z,11.139,3,Metinic
16538,2021-06-11T22:01:07Z,11.139,2,Metinic
16539,2021-06-11T22:06:07Z,11.139,1,Metinic
16540,2021-06-11T22:11:07Z,11.139,3,Metinic
16541,2021-06-11T22:16:07Z,11.235999999999999,3,Metinic
16542,2021-06-11T22:21:07Z,11.235999999999999,5,Metinic
16543,2021-06-11T22:26:07Z,11.235999999999999,4,Metinic
16544,2021-06-11T22:31:07Z,11.235999999999999,3,Metinic
16545,2021-06-11T22:36:07Z,11.235999999999999,3,Metinic
16546,2021-06-11T22:41:07Z,11.139,2,Metinic
16547,2021-06-11T22:46:07Z,11.235999999999999,4,Metinic
16548,2021-06-11T22:51:07Z,11.235999999999999,1,Metinic
16549,2021-06-11T22:56:07Z,11.235999999999999,1,Metinic
16550,2021-06-11T23:01:07Z,11.235999999999999,2,Metinic
16551,2021-06-11T23:06:07Z,11.235999999999999,1,Metinic
16552,2021-06-11T23:11:07Z,11.235999999999999,0,Metinic
16553,2021-06-11T23:16:07Z,11.235999999999999,1,Metinic
16554,2021-06-11T23:21:07Z,11.235999999999999,1,Metinic
16555,2021-06-11T23:26:07Z,11.235999999999999,0,Metinic
16556,2021-06-11T23:31:07Z,11.235999999999999,0,Metinic
16557,2021-06-11T23:36:07Z,11.235999999999999,0,Metinic
16558,2021-06-11T23:41:07Z,11.040999999999999,0,Metinic
16559,2021-06-11T23:46:07Z,10.846,0,Metinic
16560,2021-06-11T23:51:07Z,10.651,0,Metinic
16561,2021-06-11T23:56:07Z,10.553,0,Metinic
16562,2021-06-12T00:01:07Z,10.455000000000002,0,Metinic
16563,2021-06-12T00:06:07Z,10.357000000000001,0,Metinic
16564,2021-06-12T00:11:07Z,10.259,0,Metinic
16565,2021-06-12T00:16:07Z,10.259,0,Metinic
16566,2021-06-12T00:21:07Z,10.161,0,Metinic
16567,2021-06-12T00:26:07Z,10.161,0,Metinic
16568,2021-06-12T00:31:07Z,10.161,0,Metinic
16569,2021-06-12T00:36:07Z,10.161,0,Metinic
16570,2021-06-12T00:41:07Z,10.161,0,Metinic
16571,2021-06-12T00:46:07Z,10.063,0,Metinic
16572,2021-06-12T00:51:07Z,10.063,0,Metinic
16573,2021-06-12T00:56:07Z,10.063,0,Metinic
16574,2021-06-12T01:01:07Z,10.063,0,Metinic
16575,2021-06-12T01:06:07Z,10.063,0,Metinic
16576,2021-06-12T01:11:07Z,10.063,0,Metinic
16577,2021-06-12T01:16:07Z,10.063,0,Metinic
16578,2021-06-12T01:21:07Z,10.063,0,Metinic
16579,2021-06-12T01:26:07Z,10.063,0,Metinic
16580,2021-06-12T01:31:07Z,10.063,0,Metinic
16581,2021-06-12T01:36:07Z,10.063,0,Metinic
16582,2021-06-12T01:41:07Z,10.063,0,Metinic
16583,2021-06-12T01:46:07Z,10.063,0,Metinic
16584,2021-06-12T01:51:07Z,10.063,0,Metinic
16585,2021-06-12T01:56:07Z,10.063,0,Metinic
16586,2021-06-12T02:01:07Z,10.063,0,Metinic
16587,2021-06-12T02:06:07Z,10.063,0,Metinic
16588,2021-06-12T02:11:07Z,10.063,0,Metinic
16589,2021-06-12T02:16:07Z,10.063,0,Metinic
16590,2021-06-12T02:21:07Z,10.063,0,Metinic
16591,2021-06-12T02:26:07Z,10.063,0,Metinic
16592,2021-06-12T02:31:07Z,10.161,0,Metinic
16593,2021-06-12T02:36:07Z,10.161,0,Metinic
16594,2021-06-12T02:41:07Z,10.161,0,Metinic
16595,2021-06-12T02:46:07Z,10.161,0,Metinic
16596,2021-06-12T02:51:07Z,10.161,0,Metinic
16597,2021-06-12T02:56:07Z,10.161,0,Metinic
16598,2021-06-12T03:01:07Z,10.259,0,Metinic
16599,2021-06-12T03:06:07Z,10.357000000000001,0,Metinic
16600,2021-06-12T03:11:07Z,10.357000000000001,0,Metinic
16601,2021-06-12T03:16:07Z,10.357000000000001,0,Metinic
16602,2021-06-12T03:21:07Z,10.455000000000002,0,Metinic
16603,2021-06-12T03:26:07Z,10.357000000000001,0,Metinic
16604,2021-06-12T03:31:07Z,10.357000000000001,0,Metinic
16605,2021-06-12T03:36:07Z,10.455000000000002,0,Metinic
16606,2021-06-12T03:41:07Z,10.553,0,Metinic
16607,2021-06-12T03:46:07Z,10.553,0,Metinic
16608,2021-06-12T03:51:07Z,10.553,0,Metinic
16609,2021-06-12T03:56:07Z,10.455000000000002,0,Metinic
16610,2021-06-12T04:01:07Z,10.553,0,Metinic
16611,2021-06-12T04:06:07Z,10.553,0,Metinic
16612,2021-06-12T04:11:07Z,10.553,0,Metinic
16613,2021-06-12T04:16:07Z,10.553,0,Metinic
16614,2021-06-12T04:21:07Z,10.553,0,Metinic
16615,2021-06-12T04:26:07Z,10.651,0,Metinic
16616,2021-06-12T04:31:07Z,10.553,0,Metinic
16617,2021-06-12T04:36:07Z,10.553,0,Metinic
16618,2021-06-12T04:41:07Z,10.553,0,Metinic
16619,2021-06-12T04:46:07Z,10.651,0,Metinic
16620,2021-06-12T04:51:07Z,10.553,0,Metinic
16621,2021-06-12T04:56:07Z,10.651,0,Metinic
16622,2021-06-12T05:01:07Z,10.651,0,Metinic
16623,2021-06-12T05:06:07Z,10.747999999999998,0,Metinic
16624,2021-06-12T05:11:07Z,10.747999999999998,0,Metinic
16625,2021-06-12T05:16:07Z,10.846,0,Metinic
16626,2021-06-12T05:21:07Z,10.943999999999999,0,Metinic
16627,2021-06-12T05:26:07Z,11.040999999999999,0,Metinic
16628,2021-06-12T05:31:07Z,11.040999999999999,0,Metinic
16629,2021-06-12T05:36:07Z,11.139,0,Metinic
16630,2021-06-12T05:41:07Z,11.139,0,Metinic
16631,2021-06-12T05:46:07Z,11.139,0,Metinic
16632,2021-06-12T05:51:07Z,11.139,0,Metinic
16633,2021-06-12T05:56:07Z,11.139,0,Metinic
16634,2021-06-12T06:01:07Z,11.139,0,Metinic
16635,2021-06-12T06:06:07Z,11.040999999999999,0,Metinic
16636,2021-06-12T06:11:07Z,11.040999999999999,0,Metinic
16637,2021-06-12T06:16:07Z,11.040999999999999,0,Metinic
16638,2021-06-12T06:21:07Z,11.040999999999999,0,Metinic
16639,2021-06-12T06:26:07Z,11.139,0,Metinic
16640,2021-06-12T06:31:07Z,11.139,0,Metinic
16641,2021-06-12T06:36:07Z,11.139,0,Metinic
16642,2021-06-12T06:41:07Z,11.139,0,Metinic
16643,2021-06-12T06:46:07Z,11.139,0,Metinic
16644,2021-06-12T06:51:07Z,11.139,0,Metinic
16645,2021-06-12T06:56:07Z,11.139,0,Metinic
16646,2021-06-12T07:01:07Z,11.139,0,Metinic
16647,2021-06-12T07:06:07Z,11.139,0,Metinic
16648,2021-06-12T07:11:07Z,11.139,0,Metinic
16649,2021-06-12T07:16:07Z,11.139,0,Metinic
16650,2021-06-12T07:21:07Z,11.235999999999999,0,Metinic
16651,2021-06-12T07:26:07Z,11.235999999999999,0,Metinic
16652,2021-06-12T07:31:07Z,11.235999999999999,0,Metinic
16653,2021-06-12T07:36:07Z,11.235999999999999,0,Metinic
16654,2021-06-12T07:41:07Z,11.334,0,Metinic
16655,2021-06-12T07:46:07Z,11.334,0,Metinic
16656,2021-06-12T07:51:07Z,11.334,0,Metinic
16657,2021-06-12T07:56:07Z,11.334,0,Metinic
16658,2021-06-12T08:01:07Z,11.334,0,Metinic
16659,2021-06-12T08:06:07Z,11.431,0,Metinic
16660,2021-06-12T08:11:07Z,11.431,0,Metinic
16661,2021-06-12T08:16:07Z,11.431,0,Metinic
16662,2021-06-12T08:21:07Z,11.431,0,Metinic
16663,2021-06-12T08:26:07Z,11.431,0,Metinic
16664,2021-06-12T08:31:07Z,11.431,0,Metinic
16665,2021-06-12T08:36:07Z,11.431,0,Metinic
16666,2021-06-12T08:41:07Z,11.431,0,Metinic
16667,2021-06-12T08:46:07Z,11.431,0,Metinic
16668,2021-06-12T08:51:07Z,11.431,1,Metinic
16669,2021-06-12T08:56:07Z,11.431,0,Metinic
16670,2021-06-12T09:01:07Z,11.431,1,Metinic
16671,2021-06-12T09:06:07Z,11.431,2,Metinic
16672,2021-06-12T09:11:07Z,11.334,2,Metinic
16673,2021-06-12T09:16:07Z,11.235999999999999,9,Metinic
16674,2021-06-12T09:21:07Z,11.139,8,Metinic
16675,2021-06-12T09:26:07Z,11.139,7,Metinic
16676,2021-06-12T09:31:07Z,11.139,15,Metinic
16677,2021-06-12T09:36:07Z,11.139,12,Metinic
16678,2021-06-12T09:41:07Z,11.139,25,Metinic
16679,2021-06-12T09:46:07Z,11.139,9,Metinic
16680,2021-06-12T09:51:07Z,11.139,6,Metinic
16681,2021-06-12T09:56:07Z,11.139,20,Metinic
16682,2021-06-12T10:01:07Z,11.235999999999999,24,Metinic
16683,2021-06-12T10:06:07Z,11.235999999999999,32,Metinic
16684,2021-06-12T10:11:07Z,11.235999999999999,26,Metinic
16685,2021-06-12T10:16:07Z,11.235999999999999,32,Metinic
16686,2021-06-12T10:21:07Z,11.235999999999999,37,Metinic
16687,2021-06-12T10:26:07Z,11.334,34,Metinic
16688,2021-06-12T10:31:07Z,11.334,20,Metinic
16689,2021-06-12T10:36:07Z,11.334,88,Metinic
16690,2021-06-12T10:41:07Z,11.431,136,Metinic
16691,2021-06-12T10:46:07Z,11.334,16,Metinic
16692,2021-06-12T10:51:07Z,11.334,144,Metinic
16693,2021-06-12T10:56:07Z,11.334,152,Metinic
16694,2021-06-12T11:01:07Z,11.334,160,Metinic
16695,2021-06-12T11:06:07Z,11.235999999999999,216,Metinic
16696,2021-06-12T11:11:07Z,11.139,47,Metinic
16697,2021-06-12T11:16:07Z,11.040999999999999,160,Metinic
16698,2021-06-12T11:21:07Z,11.040999999999999,272,Metinic
16699,2021-06-12T11:26:07Z,11.040999999999999,160,Metinic
16700,2021-06-12T11:31:07Z,11.040999999999999,42,Metinic
16701,2021-06-12T11:36:07Z,11.040999999999999,29,Metinic
16702,2021-06-12T11:41:07Z,11.139,71,Metinic
16703,2021-06-12T11:46:07Z,11.139,84,Metinic
16704,2021-06-12T11:51:07Z,11.235999999999999,192,Metinic
16705,2021-06-12T11:56:07Z,11.235999999999999,448,Metinic
16706,2021-06-12T12:01:07Z,11.431,672,Metinic
16707,2021-06-12T12:06:07Z,11.334,25,Metinic
16708,2021-06-12T12:11:07Z,11.431,47,Metinic
16709,2021-06-12T12:16:07Z,11.527999999999999,32,Metinic
16710,2021-06-12T12:21:07Z,11.527999999999999,30,Metinic
16711,2021-06-12T12:26:07Z,11.625,24,Metinic
16712,2021-06-12T12:31:07Z,11.431,37,Metinic
16713,2021-06-12T12:36:07Z,11.139,29,Metinic
16714,2021-06-12T12:41:07Z,10.943999999999999,29,Metinic
16715,2021-06-12T12:46:07Z,10.943999999999999,32,Metinic
16716,2021-06-12T12:51:07Z,10.651,34,Metinic
16717,2021-06-12T12:56:07Z,10.553,39,Metinic
16718,2021-06-12T13:01:07Z,10.553,38,Metinic
16719,2021-06-12T13:06:07Z,10.553,36,Metinic
16720,2021-06-12T13:11:07Z,10.553,29,Metinic
16721,2021-06-12T13:16:07Z,10.455000000000002,44,Metinic
16722,2021-06-12T13:21:07Z,10.553,42,Metinic
16723,2021-06-12T13:26:07Z,10.553,35,Metinic
16724,2021-06-12T13:31:07Z,10.553,41,Metinic
16725,2021-06-12T13:36:07Z,10.651,42,Metinic
16726,2021-06-12T13:41:07Z,10.651,23,Metinic
16727,2021-06-12T13:46:07Z,10.747999999999998,40,Metinic
16728,2021-06-12T13:51:07Z,10.846,41,Metinic
16729,2021-06-12T13:56:07Z,11.139,42,Metinic
16730,2021-06-12T14:01:07Z,11.334,18,Metinic
16731,2021-06-12T14:06:07Z,11.431,115,Metinic
16732,2021-06-12T14:11:07Z,11.625,26,Metinic
16733,2021-06-12T14:16:07Z,11.625,68,Metinic
16734,2021-06-12T14:21:07Z,11.722,43,Metinic
16735,2021-06-12T14:26:07Z,11.722,47,Metinic
16736,2021-06-12T14:31:07Z,11.625,54,Metinic
16737,2021-06-12T14:36:07Z,11.431,50,Metinic
16738,2021-06-12T14:41:07Z,11.235999999999999,55,Metinic
16739,2021-06-12T14:46:07Z,11.040999999999999,51,Metinic
16740,2021-06-12T14:51:07Z,11.040999999999999,48,Metinic
16741,2021-06-12T14:56:07Z,11.040999999999999,49,Metinic
16742,2021-06-12T15:01:07Z,11.139,61,Metinic
16743,2021-06-12T15:06:07Z,11.139,60,Metinic
16744,2021-06-12T15:11:07Z,11.139,51,Metinic
16745,2021-06-12T15:16:07Z,11.139,68,Metinic
16746,2021-06-12T15:21:07Z,11.139,59,Metinic
16747,2021-06-12T15:26:07Z,11.235999999999999,63,Metinic
16748,2021-06-12T15:31:07Z,11.235999999999999,60,Metinic
16749,2021-06-12T15:36:07Z,11.235999999999999,67,Metinic
16750,2021-06-12T15:41:07Z,11.235999999999999,60,Metinic
16751,2021-06-12T15:46:07Z,11.235999999999999,75,Metinic
16752,2021-06-12T15:51:07Z,11.235999999999999,8,Metinic
16753,2021-06-12T15:56:07Z,11.334,68,Metinic
16754,2021-06-12T16:01:07Z,11.334,59,Metinic
16755,2021-06-12T16:06:07Z,11.334,76,Metinic
16756,2021-06-12T16:11:07Z,11.431,78,Metinic
16757,2021-06-12T16:16:07Z,11.527999999999999,72,Metinic
16758,2021-06-12T16:21:07Z,11.431,84,Metinic
16759,2021-06-12T16:26:07Z,11.527999999999999,53,Metinic
16760,2021-06-12T16:31:07Z,11.527999999999999,77,Metinic
16761,2021-06-12T16:36:07Z,11.527999999999999,72,Metinic
16762,2021-06-12T16:41:07Z,11.527999999999999,77,Metinic
16763,2021-06-12T16:46:07Z,11.625,39,Metinic
16764,2021-06-12T16:51:07Z,11.625,82,Metinic
16765,2021-06-12T16:56:07Z,11.625,96,Metinic
16766,2021-06-12T17:01:07Z,11.722,82,Metinic
16767,2021-06-12T17:06:07Z,11.625,72,Metinic
16768,2021-06-12T17:11:07Z,11.819,43,Metinic
16769,2021-06-12T17:16:07Z,11.819,49,Metinic
16770,2021-06-12T17:21:07Z,11.916,36,Metinic
16771,2021-06-12T17:26:07Z,11.916,136,Metinic
16772,2021-06-12T17:31:07Z,11.916,40,Metinic
16773,2021-06-12T17:36:07Z,12.013,33,Metinic
16774,2021-06-12T17:41:07Z,12.013,50,Metinic
16775,2021-06-12T17:46:07Z,11.916,86,Metinic
16776,2021-06-12T17:51:07Z,11.916,101,Metinic
16777,2021-06-12T17:56:07Z,11.916,92,Metinic
16778,2021-06-12T18:01:07Z,11.916,83,Metinic
16779,2021-06-12T18:06:07Z,12.013,38,Metinic
16780,2021-06-12T18:11:07Z,12.013,84,Metinic
16781,2021-06-12T18:16:07Z,12.013,119,Metinic
16782,2021-06-12T18:21:07Z,12.11,82,Metinic
16783,2021-06-12T18:26:07Z,12.11,107,Metinic
16784,2021-06-12T18:31:07Z,12.11,89,Metinic
16785,2021-06-12T18:36:07Z,12.11,89,Metinic
16786,2021-06-12T18:41:07Z,12.11,91,Metinic
16787,2021-06-12T18:46:07Z,12.11,79,Metinic
16788,2021-06-12T18:51:07Z,12.11,79,Metinic
16789,2021-06-12T18:56:07Z,12.11,100,Metinic
16790,2021-06-12T19:01:07Z,12.11,75,Metinic
16791,2021-06-12T19:06:07Z,12.11,95,Metinic
16792,2021-06-12T19:11:07Z,12.11,87,Metinic
16793,2021-06-12T19:16:07Z,12.11,33,Metinic
16794,2021-06-12T19:21:07Z,12.11,109,Metinic
16795,2021-06-12T19:26:07Z,12.11,83,Metinic
16796,2021-06-12T19:31:07Z,12.11,76,Metinic
16797,2021-06-12T19:36:07Z,12.11,75,Metinic
16798,2021-06-12T19:41:07Z,12.013,59,Metinic
16799,2021-06-12T19:46:07Z,12.013,75,Metinic
16800,2021-06-12T19:51:07Z,12.013,87,Metinic
16801,2021-06-12T19:56:07Z,12.013,23,Metinic
16802,2021-06-12T20:01:07Z,12.206999999999999,57,Metinic
16803,2021-06-12T20:06:07Z,12.11,75,Metinic
16804,2021-06-12T20:11:07Z,12.013,90,Metinic
16805,2021-06-12T20:16:07Z,12.013,76,Metinic
16806,2021-06-12T20:21:07Z,12.11,57,Metinic
16807,2021-06-12T20:26:07Z,12.11,26,Metinic
16808,2021-06-12T20:31:07Z,12.11,69,Metinic
16809,2021-06-12T20:36:07Z,12.11,76,Metinic
16810,2021-06-12T20:41:07Z,12.013,76,Metinic
16811,2021-06-12T20:46:07Z,12.013,81,Metinic
16812,2021-06-12T20:51:07Z,12.013,69,Metinic
16813,2021-06-12T20:56:07Z,11.916,49,Metinic
16814,2021-06-12T21:01:07Z,11.819,53,Metinic
16815,2021-06-12T21:06:07Z,11.819,48,Metinic
16816,2021-06-12T21:11:07Z,11.819,53,Metinic
16817,2021-06-12T21:16:07Z,11.819,48,Metinic
16818,2021-06-12T21:21:07Z,11.625,51,Metinic
16819,2021-06-12T21:26:07Z,11.527999999999999,49,Metinic
16820,2021-06-12T21:31:07Z,11.431,50,Metinic
16821,2021-06-12T21:36:07Z,11.431,39,Metinic
16822,2021-06-12T21:41:07Z,11.431,40,Metinic
16823,2021-06-12T21:46:07Z,11.431,27,Metinic
16824,2021-06-12T21:51:07Z,11.334,35,Metinic
16825,2021-06-12T21:56:07Z,11.235999999999999,41,Metinic
16826,2021-06-12T22:01:07Z,11.235999999999999,20,Metinic
16827,2021-06-12T22:06:07Z,11.139,21,Metinic
16828,2021-06-12T22:11:07Z,11.139,37,Metinic
16829,2021-06-12T22:16:07Z,11.139,27,Metinic
16830,2021-06-12T22:21:07Z,11.139,6,Metinic
16831,2021-06-12T22:26:07Z,11.139,16,Metinic
16832,2021-06-12T22:31:07Z,11.139,20,Metinic
16833,2021-06-12T22:36:07Z,11.139,19,Metinic
16834,2021-06-12T22:41:07Z,11.235999999999999,3,Metinic
16835,2021-06-12T22:46:07Z,11.334,9,Metinic
16836,2021-06-12T22:51:07Z,11.431,7,Metinic
16837,2021-06-12T22:56:07Z,11.431,5,Metinic
16838,2021-06-12T23:01:07Z,11.527999999999999,8,Metinic
16839,2021-06-12T23:06:07Z,11.527999999999999,4,Metinic
16840,2021-06-12T23:11:07Z,11.527999999999999,49,Metinic
16841,2021-06-12T23:16:07Z,11.527999999999999,5,Metinic
16842,2021-06-12T23:21:07Z,11.527999999999999,6,Metinic
16843,2021-06-12T23:26:07Z,11.431,4,Metinic
16844,2021-06-12T23:31:07Z,11.431,1,Metinic
16845,2021-06-12T23:36:07Z,11.431,4,Metinic
16846,2021-06-12T23:41:07Z,11.431,1,Metinic
16847,2021-06-12T23:46:07Z,11.334,2,Metinic
16848,2021-06-12T23:51:07Z,11.334,2,Metinic
16849,2021-06-12T23:56:07Z,11.235999999999999,2,Metinic
16850,2021-06-13T00:01:07Z,11.235999999999999,1,Metinic
16851,2021-06-13T00:06:07Z,11.139,0,Metinic
16852,2021-06-13T00:11:07Z,11.235999999999999,0,Metinic
16853,2021-06-13T00:16:07Z,11.235999999999999,0,Metinic
16854,2021-06-13T00:21:07Z,11.235999999999999,0,Metinic
16855,2021-06-13T00:26:07Z,11.235999999999999,0,Metinic
16856,2021-06-13T00:31:07Z,11.235999999999999,0,Metinic
16857,2021-06-13T00:36:07Z,11.334,0,Metinic
16858,2021-06-13T00:41:07Z,11.334,0,Metinic
16859,2021-06-13T00:46:07Z,11.431,0,Metinic
16860,2021-06-13T00:51:07Z,11.334,0,Metinic
16861,2021-06-13T00:56:07Z,11.334,0,Metinic
16862,2021-06-13T01:01:07Z,10.943999999999999,0,Metinic
16863,2021-06-13T01:06:07Z,10.651,0,Metinic
16864,2021-06-13T01:11:07Z,10.651,0,Metinic
16865,2021-06-13T01:16:07Z,10.553,0,Metinic
16866,2021-06-13T01:21:07Z,10.553,0,Metinic
16867,2021-06-13T01:26:07Z,10.455000000000002,0,Metinic
16868,2021-06-13T01:31:07Z,10.455000000000002,0,Metinic
16869,2021-06-13T01:36:07Z,10.455000000000002,0,Metinic
16870,2021-06-13T01:41:07Z,10.455000000000002,0,Metinic
16871,2021-06-13T01:46:07Z,10.455000000000002,0,Metinic
16872,2021-06-13T01:51:07Z,10.357000000000001,0,Metinic
16873,2021-06-13T01:56:07Z,10.357000000000001,0,Metinic
16874,2021-06-13T02:01:07Z,10.357000000000001,0,Metinic
16875,2021-06-13T02:06:07Z,10.357000000000001,0,Metinic
16876,2021-06-13T02:11:07Z,10.357000000000001,0,Metinic
16877,2021-06-13T02:16:07Z,10.259,0,Metinic
16878,2021-06-13T02:21:07Z,10.259,0,Metinic
16879,2021-06-13T02:26:07Z,10.161,0,Metinic
16880,2021-06-13T02:31:07Z,10.161,0,Metinic
16881,2021-06-13T02:36:07Z,10.161,0,Metinic
16882,2021-06-13T02:41:07Z,10.063,0,Metinic
16883,2021-06-13T02:46:07Z,10.063,0,Metinic
16884,2021-06-13T02:51:07Z,10.161,0,Metinic
16885,2021-06-13T02:56:07Z,10.161,0,Metinic
16886,2021-06-13T03:01:07Z,10.161,0,Metinic
16887,2021-06-13T03:06:07Z,10.259,0,Metinic
16888,2021-06-13T03:11:07Z,10.259,0,Metinic
16889,2021-06-13T03:16:07Z,10.357000000000001,0,Metinic
16890,2021-06-13T03:21:07Z,10.357000000000001,0,Metinic
16891,2021-06-13T03:26:07Z,10.455000000000002,0,Metinic
16892,2021-06-13T03:31:07Z,10.455000000000002,0,Metinic
16893,2021-06-13T03:36:07Z,10.553,0,Metinic
16894,2021-06-13T03:41:07Z,10.651,0,Metinic
16895,2021-06-13T03:46:07Z,10.651,0,Metinic
16896,2021-06-13T03:51:07Z,10.747999999999998,0,Metinic
16897,2021-06-13T03:56:07Z,10.747999999999998,0,Metinic
16898,2021-06-13T04:01:07Z,10.846,0,Metinic
16899,2021-06-13T04:06:07Z,10.747999999999998,0,Metinic
16900,2021-06-13T04:11:07Z,10.846,0,Metinic
16901,2021-06-13T04:16:07Z,10.846,0,Metinic
16902,2021-06-13T04:21:07Z,10.943999999999999,0,Metinic
16903,2021-06-13T04:26:07Z,10.943999999999999,0,Metinic
16904,2021-06-13T04:31:07Z,10.943999999999999,0,Metinic
16905,2021-06-13T04:36:07Z,10.943999999999999,0,Metinic
16906,2021-06-13T04:41:07Z,10.943999999999999,0,Metinic
16907,2021-06-13T04:46:07Z,10.943999999999999,0,Metinic
16908,2021-06-13T04:51:07Z,10.943999999999999,0,Metinic
16909,2021-06-13T04:56:07Z,10.943999999999999,0,Metinic
16910,2021-06-13T05:01:07Z,10.943999999999999,0,Metinic
16911,2021-06-13T05:06:07Z,11.040999999999999,0,Metinic
16912,2021-06-13T05:11:07Z,11.040999999999999,0,Metinic
16913,2021-06-13T05:16:07Z,11.040999999999999,0,Metinic
16914,2021-06-13T05:21:07Z,11.139,0,Metinic
16915,2021-06-13T05:26:07Z,11.235999999999999,0,Metinic
16916,2021-06-13T05:31:07Z,11.235999999999999,0,Metinic
16917,2021-06-13T05:36:07Z,11.334,0,Metinic
16918,2021-06-13T05:41:07Z,11.431,0,Metinic
16919,2021-06-13T05:46:07Z,11.431,0,Metinic
16920,2021-06-13T05:51:07Z,11.431,0,Metinic
16921,2021-06-13T05:56:07Z,11.527999999999999,0,Metinic
16922,2021-06-13T06:01:07Z,11.527999999999999,0,Metinic
16923,2021-06-13T06:06:07Z,11.527999999999999,0,Metinic
16924,2021-06-13T06:11:07Z,11.527999999999999,0,Metinic
16925,2021-06-13T06:16:07Z,11.527999999999999,0,Metinic
16926,2021-06-13T06:21:07Z,11.527999999999999,0,Metinic
16927,2021-06-13T06:26:07Z,11.527999999999999,0,Metinic
16928,2021-06-13T06:31:07Z,11.527999999999999,0,Metinic
16929,2021-06-13T06:36:07Z,11.527999999999999,0,Metinic
16930,2021-06-13T06:41:07Z,11.527999999999999,0,Metinic
16931,2021-06-13T06:46:07Z,11.527999999999999,0,Metinic
16932,2021-06-13T06:51:07Z,11.527999999999999,0,Metinic
16933,2021-06-13T06:56:07Z,11.527999999999999,0,Metinic
16934,2021-06-13T07:01:07Z,11.527999999999999,0,Metinic
16935,2021-06-13T07:06:07Z,11.431,0,Metinic
16936,2021-06-13T07:11:07Z,11.527999999999999,0,Metinic
16937,2021-06-13T07:16:07Z,11.527999999999999,0,Metinic
16938,2021-06-13T07:21:07Z,11.527999999999999,0,Metinic
16939,2021-06-13T07:26:07Z,11.527999999999999,0,Metinic
16940,2021-06-13T07:31:07Z,11.527999999999999,0,Metinic
16941,2021-06-13T07:36:07Z,11.527999999999999,0,Metinic
16942,2021-06-13T07:41:07Z,11.527999999999999,0,Metinic
16943,2021-06-13T07:46:07Z,11.527999999999999,0,Metinic
16944,2021-06-13T07:51:07Z,11.527999999999999,0,Metinic
16945,2021-06-13T07:56:07Z,11.527999999999999,0,Metinic
16946,2021-06-13T08:01:07Z,11.527999999999999,0,Metinic
16947,2021-06-13T08:06:07Z,11.625,0,Metinic
16948,2021-06-13T08:11:07Z,11.625,0,Metinic
16949,2021-06-13T08:16:07Z,11.625,0,Metinic
16950,2021-06-13T08:21:07Z,11.527999999999999,0,Metinic
16951,2021-06-13T08:26:07Z,11.527999999999999,0,Metinic
16952,2021-06-13T08:31:07Z,11.527999999999999,0,Metinic
16953,2021-06-13T08:36:07Z,11.527999999999999,0,Metinic
16954,2021-06-13T08:41:07Z,11.527999999999999,0,Metinic
16955,2021-06-13T08:46:07Z,11.431,0,Metinic
16956,2021-06-13T08:51:07Z,11.431,0,Metinic
16957,2021-06-13T08:56:07Z,11.431,0,Metinic
16958,2021-06-13T09:01:07Z,11.431,0,Metinic
16959,2021-06-13T09:06:07Z,11.334,0,Metinic
16960,2021-06-13T09:11:07Z,11.334,0,Metinic
16961,2021-06-13T09:16:07Z,11.334,1,Metinic
16962,2021-06-13T09:21:07Z,11.334,1,Metinic
16963,2021-06-13T09:26:07Z,11.334,1,Metinic
16964,2021-06-13T09:31:07Z,11.431,2,Metinic
16965,2021-06-13T09:36:07Z,11.431,2,Metinic
16966,2021-06-13T09:41:07Z,11.431,3,Metinic
16967,2021-06-13T09:46:07Z,11.431,4,Metinic
16968,2021-06-13T09:51:07Z,11.527999999999999,0,Metinic
16969,2021-06-13T09:56:07Z,11.625,9,Metinic
16970,2021-06-13T10:01:07Z,11.625,7,Metinic
16971,2021-06-13T10:06:07Z,11.625,8,Metinic
16972,2021-06-13T10:11:07Z,11.625,4,Metinic
16973,2021-06-13T10:16:07Z,11.625,7,Metinic
16974,2021-06-13T10:21:07Z,11.625,89,Metinic
16975,2021-06-13T10:26:07Z,11.722,105,Metinic
16976,2021-06-13T10:31:07Z,11.722,16,Metinic
16977,2021-06-13T10:36:07Z,11.722,85,Metinic
16978,2021-06-13T10:41:07Z,11.722,63,Metinic
16979,2021-06-13T10:46:07Z,11.722,102,Metinic
16980,2021-06-13T10:51:07Z,11.819,20,Metinic
16981,2021-06-13T10:56:07Z,11.819,144,Metinic
16982,2021-06-13T11:01:07Z,11.819,18,Metinic
16983,2021-06-13T11:06:07Z,11.916,20,Metinic
16984,2021-06-13T11:11:07Z,11.916,23,Metinic
16985,2021-06-13T11:16:07Z,12.013,24,Metinic
16986,2021-06-13T11:21:07Z,12.013,24,Metinic
16987,2021-06-13T11:26:07Z,12.11,30,Metinic
16988,2021-06-13T11:31:07Z,12.206999999999999,20,Metinic
16989,2021-06-13T11:36:07Z,12.206999999999999,24,Metinic
16990,2021-06-13T11:41:07Z,12.206999999999999,28,Metinic
16991,2021-06-13T11:46:07Z,12.206999999999999,24,Metinic
16992,2021-06-13T11:51:07Z,12.206999999999999,30,Metinic
16993,2021-06-13T11:56:07Z,12.304,24,Metinic
16994,2021-06-13T12:01:07Z,12.206999999999999,21,Metinic
16995,2021-06-13T12:06:07Z,12.206999999999999,17,Metinic
16996,2021-06-13T12:11:07Z,12.11,36,Metinic
16997,2021-06-13T12:16:07Z,12.11,22,Metinic
16998,2021-06-13T12:21:07Z,12.013,29,Metinic
16999,2021-06-13T12:26:07Z,12.013,33,Metinic
17000,2021-06-13T12:31:07Z,12.11,39,Metinic
17001,2021-06-13T12:36:07Z,12.11,19,Metinic
17002,2021-06-13T12:41:07Z,12.013,92,Metinic
17003,2021-06-13T12:46:07Z,12.013,70,Metinic
17004,2021-06-13T12:51:07Z,12.013,49,Metinic
17005,2021-06-13T12:56:07Z,11.916,35,Metinic
17006,2021-06-13T13:01:07Z,11.625,50,Metinic
17007,2021-06-13T13:06:07Z,11.235999999999999,40,Metinic
17008,2021-06-13T13:11:07Z,11.139,42,Metinic
17009,2021-06-13T13:16:07Z,11.139,44,Metinic
17010,2021-06-13T13:21:07Z,11.334,92,Metinic
17011,2021-06-13T13:26:07Z,11.040999999999999,160,Metinic
17012,2021-06-13T13:31:07Z,10.943999999999999,23,Metinic
17013,2021-06-13T13:36:07Z,10.943999999999999,44,Metinic
17014,2021-06-13T13:41:07Z,10.846,34,Metinic
17015,2021-06-13T13:46:07Z,10.846,45,Metinic
17016,2021-06-13T13:51:07Z,10.747999999999998,60,Metinic
17017,2021-06-13T13:56:07Z,10.747999999999998,704,Metinic
17018,2021-06-13T14:01:07Z,10.651,68,Metinic
17019,2021-06-13T14:06:07Z,10.651,63,Metinic
17020,2021-06-13T14:11:07Z,10.651,704,Metinic
17021,2021-06-13T14:16:07Z,10.747999999999998,73,Metinic
17022,2021-06-13T14:21:07Z,10.747999999999998,42,Metinic
17023,2021-06-13T14:26:07Z,10.747999999999998,43,Metinic
17024,2021-06-13T14:31:07Z,10.846,12,Metinic
17025,2021-06-13T14:36:07Z,10.943999999999999,48,Metinic
17026,2021-06-13T14:41:07Z,10.943999999999999,32,Metinic
17027,2021-06-13T14:46:07Z,11.040999999999999,51,Metinic
17028,2021-06-13T14:51:07Z,10.943999999999999,59,Metinic
17029,2021-06-13T14:56:07Z,10.943999999999999,45,Metinic
17030,2021-06-13T15:01:07Z,10.943999999999999,63,Metinic
17031,2021-06-13T15:06:07Z,10.943999999999999,72,Metinic
17032,2021-06-13T15:11:07Z,10.943999999999999,55,Metinic
17033,2021-06-13T15:16:07Z,10.943999999999999,60,Metinic
17034,2021-06-13T15:21:07Z,11.040999999999999,44,Metinic
17035,2021-06-13T15:26:07Z,11.040999999999999,400,Metinic
17036,2021-06-13T15:31:07Z,11.040999999999999,70,Metinic
17037,2021-06-13T15:36:07Z,11.040999999999999,304,Metinic
17038,2021-06-13T15:41:07Z,11.139,5,Metinic
17039,2021-06-13T15:46:07Z,11.139,86,Metinic
17040,2021-06-13T15:51:07Z,11.235999999999999,384,Metinic
17041,2021-06-13T15:56:07Z,11.235999999999999,232,Metinic
17042,2021-06-13T16:01:07Z,11.139,240,Metinic
17043,2021-06-13T16:06:07Z,11.235999999999999,42,Metinic
17044,2021-06-13T16:11:07Z,11.235999999999999,48,Metinic
17045,2021-06-13T16:16:07Z,11.235999999999999,144,Metinic
17046,2021-06-13T16:21:07Z,11.527999999999999,88,Metinic
17047,2021-06-13T16:26:07Z,11.527999999999999,111,Metinic
17048,2021-06-13T16:31:07Z,11.722,160,Metinic
17049,2021-06-13T16:36:07Z,11.916,64,Metinic
17050,2021-06-13T16:41:07Z,12.013,32,Metinic
17051,2021-06-13T16:46:07Z,12.304,57,Metinic
17052,2021-06-13T16:51:07Z,12.304,116,Metinic
17053,2021-06-13T16:56:07Z,12.304,90,Metinic
17054,2021-06-13T17:01:07Z,12.401,240,Metinic
17055,2021-06-13T17:06:07Z,12.401,30,Metinic
17056,2021-06-13T17:11:07Z,12.497,152,Metinic
17057,2021-06-13T17:16:07Z,12.69,336,Metinic
17058,2021-06-13T17:21:07Z,12.69,55,Metinic
17059,2021-06-13T17:26:07Z,12.69,49,Metinic
17060,2021-06-13T17:31:07Z,12.883000000000001,23,Metinic
17061,2021-06-13T17:36:07Z,12.883000000000001,69,Metinic
17062,2021-06-13T17:41:07Z,12.883000000000001,34,Metinic
17063,2021-06-13T17:46:07Z,12.883000000000001,56,Metinic
17064,2021-06-13T17:51:07Z,12.883000000000001,51,Metinic
17065,2021-06-13T17:56:07Z,12.883000000000001,47,Metinic
17066,2021-06-13T18:01:07Z,12.883000000000001,125,Metinic
17067,2021-06-13T18:06:07Z,12.883000000000001,128,Metinic
17068,2021-06-13T18:11:07Z,12.883000000000001,80,Metinic
17069,2021-06-13T18:16:07Z,12.786999999999999,80,Metinic
17070,2021-06-13T18:21:07Z,12.883000000000001,71,Metinic
17071,2021-06-13T18:26:07Z,12.69,64,Metinic
17072,2021-06-13T18:31:07Z,12.786999999999999,78,Metinic
17073,2021-06-13T18:36:07Z,12.69,50,Metinic
17074,2021-06-13T18:41:07Z,12.69,45,Metinic
17075,2021-06-13T18:46:07Z,12.594,248,Metinic
17076,2021-06-13T18:51:07Z,12.497,88,Metinic
17077,2021-06-13T18:56:07Z,12.594,42,Metinic
17078,2021-06-13T19:01:07Z,12.594,56,Metinic
17079,2021-06-13T19:06:07Z,12.594,76,Metinic
17080,2021-06-13T19:11:07Z,12.497,89,Metinic
17081,2021-06-13T19:16:07Z,12.497,96,Metinic
17082,2021-06-13T19:21:07Z,12.497,75,Metinic
17083,2021-06-13T19:26:07Z,12.497,81,Metinic
17084,2021-06-13T19:31:07Z,12.497,82,Metinic
17085,2021-06-13T19:36:07Z,12.497,84,Metinic
17086,2021-06-13T19:41:07Z,12.497,84,Metinic
17087,2021-06-13T19:46:07Z,12.401,47,Metinic
17088,2021-06-13T19:51:07Z,12.304,53,Metinic
17089,2021-06-13T19:56:07Z,12.304,60,Metinic
17090,2021-06-13T20:01:07Z,12.304,38,Metinic
17091,2021-06-13T20:06:07Z,12.206999999999999,45,Metinic
17092,2021-06-13T20:11:07Z,12.206999999999999,56,Metinic
17093,2021-06-13T20:16:07Z,12.11,68,Metinic
17094,2021-06-13T20:21:07Z,12.11,48,Metinic
17095,2021-06-13T20:26:07Z,12.11,39,Metinic
17096,2021-06-13T20:31:07Z,12.013,37,Metinic
17097,2021-06-13T20:36:07Z,12.013,57,Metinic
17098,2021-06-13T20:41:07Z,11.916,53,Metinic
17099,2021-06-13T20:46:07Z,11.916,62,Metinic
17100,2021-06-13T20:51:07Z,11.819,44,Metinic
17101,2021-06-13T20:56:07Z,11.819,30,Metinic
17102,2021-06-13T21:01:07Z,11.722,20,Metinic
17103,2021-06-13T21:06:07Z,11.722,20,Metinic
17104,2021-06-13T21:11:07Z,11.722,22,Metinic
17105,2021-06-13T21:16:07Z,11.625,41,Metinic
17106,2021-06-13T21:21:07Z,11.527999999999999,18,Metinic
17107,2021-06-13T21:26:07Z,11.527999999999999,34,Metinic
17108,2021-06-13T21:31:07Z,11.527999999999999,37,Metinic
17109,2021-06-13T21:36:07Z,11.527999999999999,34,Metinic
17110,2021-06-13T21:41:07Z,11.527999999999999,6,Metinic
17111,2021-06-13T21:46:07Z,11.527999999999999,36,Metinic
17112,2021-06-13T21:51:07Z,11.527999999999999,29,Metinic
17113,2021-06-13T21:56:07Z,11.527999999999999,25,Metinic
17114,2021-06-13T22:01:07Z,11.527999999999999,20,Metinic
17115,2021-06-13T22:06:07Z,11.527999999999999,25,Metinic
17116,2021-06-13T22:11:07Z,11.527999999999999,11,Metinic
17117,2021-06-13T22:16:07Z,11.527999999999999,21,Metinic
17118,2021-06-13T22:21:07Z,11.431,6,Metinic
17119,2021-06-13T22:26:07Z,11.527999999999999,12,Metinic
17120,2021-06-13T22:31:07Z,11.527999999999999,12,Metinic
17121,2021-06-13T22:36:07Z,11.527999999999999,13,Metinic
17122,2021-06-13T22:41:07Z,11.527999999999999,6,Metinic
17123,2021-06-13T22:46:07Z,11.527999999999999,15,Metinic
17124,2021-06-13T22:51:07Z,11.527999999999999,16,Metinic
17125,2021-06-13T22:56:07Z,11.527999999999999,6,Metinic
17126,2021-06-13T23:01:07Z,11.527999999999999,10,Metinic
17127,2021-06-13T23:06:07Z,11.527999999999999,15,Metinic
17128,2021-06-13T23:11:07Z,11.527999999999999,8,Metinic
17129,2021-06-13T23:16:07Z,11.625,8,Metinic
17130,2021-06-13T23:21:07Z,11.625,4,Metinic
17131,2021-06-13T23:26:07Z,11.722,4,Metinic
17132,2021-06-13T23:31:07Z,11.722,3,Metinic
17133,2021-06-13T23:36:07Z,11.722,3,Metinic
17134,2021-06-13T23:41:07Z,11.819,1,Metinic
17135,2021-06-13T23:46:07Z,11.819,1,Metinic
17136,2021-06-13T23:51:07Z,11.819,2,Metinic
17137,2021-06-13T23:56:07Z,11.819,2,Metinic
17138,2021-06-14T00:01:07Z,11.819,1,Metinic
17139,2021-06-14T00:06:07Z,11.819,0,Metinic
17140,2021-06-14T00:11:07Z,11.722,0,Metinic
17141,2021-06-14T00:16:07Z,11.625,2,Metinic
17142,2021-06-14T00:21:07Z,11.527999999999999,0,Metinic
17143,2021-06-14T00:26:07Z,11.527999999999999,0,Metinic
17144,2021-06-14T00:31:07Z,11.431,0,Metinic
17145,2021-06-14T00:36:07Z,11.431,0,Metinic
17146,2021-06-14T00:41:07Z,11.431,0,Metinic
17147,2021-06-14T00:46:07Z,11.431,0,Metinic
17148,2021-06-14T00:51:07Z,11.334,0,Metinic
17149,2021-06-14T00:56:07Z,11.334,0,Metinic
17150,2021-06-14T01:01:07Z,11.235999999999999,0,Metinic
17151,2021-06-14T01:06:07Z,11.139,0,Metinic
17152,2021-06-14T01:11:07Z,11.040999999999999,0,Metinic
17153,2021-06-14T01:16:07Z,11.040999999999999,0,Metinic
17154,2021-06-14T01:21:07Z,10.943999999999999,0,Metinic
17155,2021-06-14T01:26:07Z,10.846,0,Metinic
17156,2021-06-14T01:31:07Z,10.747999999999998,0,Metinic
17157,2021-06-14T01:36:07Z,10.747999999999998,0,Metinic
17158,2021-06-14T01:41:07Z,10.651,0,Metinic
17159,2021-06-14T01:46:07Z,10.651,0,Metinic
17160,2021-06-14T01:51:07Z,10.553,0,Metinic
17161,2021-06-14T01:56:07Z,10.553,0,Metinic
17162,2021-06-14T02:01:07Z,10.455000000000002,0,Metinic
17163,2021-06-14T02:06:07Z,10.455000000000002,0,Metinic
17164,2021-06-14T02:11:07Z,10.357000000000001,0,Metinic
17165,2021-06-14T02:16:07Z,10.357000000000001,0,Metinic
17166,2021-06-14T02:21:07Z,10.357000000000001,0,Metinic
17167,2021-06-14T02:26:07Z,10.357000000000001,0,Metinic
17168,2021-06-14T02:31:07Z,10.259,0,Metinic
17169,2021-06-14T02:36:07Z,10.259,0,Metinic
17170,2021-06-14T02:41:07Z,10.161,0,Metinic
17171,2021-06-14T02:46:07Z,10.161,0,Metinic
17172,2021-06-14T02:51:07Z,10.161,0,Metinic
17173,2021-06-14T02:56:07Z,10.063,0,Metinic
17174,2021-06-14T03:01:07Z,10.063,0,Metinic
17175,2021-06-14T03:06:07Z,10.063,0,Metinic
17176,2021-06-14T03:11:07Z,9.965000000000002,0,Metinic
17177,2021-06-14T03:16:07Z,9.965000000000002,0,Metinic
17178,2021-06-14T03:21:07Z,10.063,0,Metinic
17179,2021-06-14T03:26:07Z,10.063,0,Metinic
17180,2021-06-14T03:31:07Z,10.063,0,Metinic
17181,2021-06-14T03:36:07Z,10.063,0,Metinic
17182,2021-06-14T03:41:07Z,10.161,0,Metinic
17183,2021-06-14T03:46:07Z,10.161,0,Metinic
17184,2021-06-14T03:51:07Z,10.553,0,Metinic
17185,2021-06-14T03:56:07Z,11.040999999999999,0,Metinic
17186,2021-06-14T04:01:07Z,11.139,0,Metinic
17187,2021-06-14T04:06:07Z,10.846,0,Metinic
17188,2021-06-14T04:11:07Z,10.747999999999998,0,Metinic
17189,2021-06-14T04:16:07Z,10.357000000000001,0,Metinic
17190,2021-06-14T04:21:07Z,10.259,0,Metinic
17191,2021-06-14T04:26:07Z,10.357000000000001,0,Metinic
17192,2021-06-14T04:31:07Z,10.161,0,Metinic
17193,2021-06-14T04:36:07Z,10.161,0,Metinic
17194,2021-06-14T04:41:07Z,10.161,0,Metinic
17195,2021-06-14T04:46:07Z,10.259,0,Metinic
17196,2021-06-14T04:51:07Z,10.161,0,Metinic
17197,2021-06-14T04:56:07Z,10.161,0,Metinic
17198,2021-06-14T05:01:07Z,10.161,0,Metinic
17199,2021-06-14T05:06:07Z,10.357000000000001,0,Metinic
17200,2021-06-14T05:11:07Z,10.455000000000002,0,Metinic
17201,2021-06-14T05:16:07Z,10.455000000000002,0,Metinic
17202,2021-06-14T05:21:07Z,10.455000000000002,0,Metinic
17203,2021-06-14T05:26:07Z,10.553,0,Metinic
17204,2021-06-14T05:31:07Z,10.651,0,Metinic
17205,2021-06-14T05:36:07Z,10.651,0,Metinic
17206,2021-06-14T05:41:07Z,10.651,0,Metinic
17207,2021-06-14T05:46:07Z,10.747999999999998,0,Metinic
17208,2021-06-14T05:51:07Z,10.747999999999998,0,Metinic
17209,2021-06-14T05:56:07Z,10.747999999999998,0,Metinic
17210,2021-06-14T06:01:07Z,10.651,0,Metinic
17211,2021-06-14T06:06:07Z,10.651,0,Metinic
17212,2021-06-14T06:11:07Z,10.651,0,Metinic
17213,2021-06-14T06:16:07Z,10.651,0,Metinic
17214,2021-06-14T06:21:07Z,10.651,0,Metinic
17215,2021-06-14T06:26:07Z,10.651,0,Metinic
17216,2021-06-14T06:31:07Z,10.651,0,Metinic
17217,2021-06-14T06:36:07Z,10.651,0,Metinic
17218,2021-06-14T06:41:07Z,10.747999999999998,0,Metinic
17219,2021-06-14T06:46:07Z,10.846,0,Metinic
17220,2021-06-14T06:51:07Z,11.040999999999999,0,Metinic
17221,2021-06-14T06:56:07Z,11.040999999999999,0,Metinic
17222,2021-06-14T07:01:07Z,11.139,0,Metinic
17223,2021-06-14T07:06:07Z,11.235999999999999,0,Metinic
17224,2021-06-14T07:11:07Z,11.235999999999999,0,Metinic
17225,2021-06-14T07:16:07Z,11.334,0,Metinic
17226,2021-06-14T07:21:07Z,11.334,0,Metinic
17227,2021-06-14T07:26:07Z,11.431,0,Metinic
17228,2021-06-14T07:31:07Z,11.431,0,Metinic
17229,2021-06-14T07:36:07Z,11.527999999999999,0,Metinic
17230,2021-06-14T07:41:07Z,11.527999999999999,0,Metinic
17231,2021-06-14T07:46:07Z,11.625,0,Metinic
17232,2021-06-14T07:51:07Z,11.722,0,Metinic
17233,2021-06-14T07:56:07Z,11.722,0,Metinic
17234,2021-06-14T08:01:07Z,11.722,0,Metinic
17235,2021-06-14T08:06:07Z,11.722,0,Metinic
17236,2021-06-14T08:11:07Z,11.625,0,Metinic
17237,2021-06-14T08:16:07Z,11.625,0,Metinic
17238,2021-06-14T08:21:07Z,11.527999999999999,0,Metinic
17239,2021-06-14T08:26:07Z,11.431,0,Metinic
17240,2021-06-14T08:31:07Z,11.334,0,Metinic
17241,2021-06-14T08:36:07Z,11.334,0,Metinic
17242,2021-06-14T08:41:07Z,11.334,0,Metinic
17243,2021-06-14T08:46:07Z,11.334,0,Metinic
17244,2021-06-14T08:51:07Z,11.431,0,Metinic
17245,2021-06-14T08:56:07Z,11.431,3,Metinic
17246,2021-06-14T09:01:07Z,11.431,0,Metinic
17247,2021-06-14T09:06:07Z,11.431,8,Metinic
17248,2021-06-14T09:11:07Z,11.431,10,Metinic
17249,2021-06-14T09:16:07Z,11.431,0,Metinic
17250,2021-06-14T09:21:07Z,11.431,14,Metinic
17251,2021-06-14T09:26:07Z,11.431,1,Metinic
17252,2021-06-14T09:31:07Z,11.431,0,Metinic
17253,2021-06-14T09:36:07Z,11.431,3,Metinic
17254,2021-06-14T09:41:07Z,11.334,27,Metinic
17255,2021-06-14T09:46:07Z,11.334,3,Metinic
17256,2021-06-14T09:51:07Z,11.235999999999999,4,Metinic
17257,2021-06-14T09:56:07Z,11.139,6,Metinic
17258,2021-06-14T10:01:07Z,11.139,4,Metinic
17259,2021-06-14T10:06:07Z,11.040999999999999,34,Metinic
17260,2021-06-14T10:11:07Z,11.139,44,Metinic
17261,2021-06-14T10:16:07Z,11.139,33,Metinic
17262,2021-06-14T10:21:07Z,11.139,0,Metinic
17263,2021-06-14T10:26:07Z,11.235999999999999,7,Metinic
17264,2021-06-14T10:31:07Z,11.235999999999999,98,Metinic
17265,2021-06-14T10:36:07Z,11.334,7,Metinic
17266,2021-06-14T10:41:07Z,11.334,136,Metinic
17267,2021-06-14T10:46:07Z,11.431,18,Metinic
17268,2021-06-14T10:51:07Z,11.527999999999999,1,Metinic
17269,2021-06-14T10:56:07Z,11.527999999999999,2,Metinic
17270,2021-06-14T11:01:07Z,11.625,7,Metinic
17271,2021-06-14T11:06:07Z,11.722,36,Metinic
17272,2021-06-14T11:11:07Z,11.722,64,Metinic
17273,2021-06-14T11:16:07Z,11.819,84,Metinic
17274,2021-06-14T11:21:07Z,12.013,87,Metinic
17275,2021-06-14T11:26:07Z,12.11,82,Metinic
17276,2021-06-14T11:31:07Z,12.206999999999999,106,Metinic
17277,2021-06-14T11:36:07Z,12.304,62,Metinic
17278,2021-06-14T11:41:07Z,12.206999999999999,18,Metinic
17279,2021-06-14T11:46:07Z,12.304,69,Metinic
17280,2021-06-14T11:51:07Z,12.401,45,Metinic
17281,2021-06-14T11:56:07Z,12.401,20,Metinic
17282,2021-06-14T12:01:07Z,12.401,15,Metinic
17283,2021-06-14T12:06:07Z,12.497,176,Metinic
17284,2021-06-14T12:11:07Z,12.401,60,Metinic
17285,2021-06-14T12:16:07Z,12.497,368,Metinic
17286,2021-06-14T12:21:07Z,12.401,22,Metinic
17287,2021-06-14T12:26:07Z,12.401,4,Metinic
17288,2021-06-14T12:31:07Z,12.401,10,Metinic
17289,2021-06-14T12:36:07Z,12.304,28,Metinic
17290,2021-06-14T12:41:07Z,12.206999999999999,111,Metinic
17291,2021-06-14T12:46:07Z,12.11,1,Metinic
17292,2021-06-14T12:51:07Z,12.11,3,Metinic
17293,2021-06-14T12:56:07Z,11.916,38,Metinic
17294,2021-06-14T13:01:07Z,12.013,10,Metinic
17295,2021-06-14T13:06:07Z,11.916,128,Metinic
17296,2021-06-14T13:11:07Z,11.819,1,Metinic
17297,2021-06-14T13:16:07Z,11.722,114,Metinic
17298,2021-06-14T13:21:07Z,11.722,1,Metinic
17299,2021-06-14T13:26:07Z,11.722,448,Metinic
17300,2021-06-14T13:31:07Z,11.819,20,Metinic
17301,2021-06-14T13:36:07Z,11.916,11,Metinic
17302,2021-06-14T13:41:07Z,12.11,14,Metinic
17303,2021-06-14T13:46:07Z,12.013,12,Metinic
17304,2021-06-14T13:51:07Z,12.013,0,Metinic
17305,2021-06-14T13:56:07Z,12.11,12,Metinic
17306,2021-06-14T14:01:07Z,12.013,2,Metinic
17307,2021-06-14T14:06:07Z,12.11,16,Metinic
17308,2021-06-14T14:11:07Z,12.11,4,Metinic
17309,2021-06-14T14:16:07Z,12.11,0,Metinic
17310,2021-06-14T14:21:07Z,12.11,33,Metinic
17311,2021-06-14T14:26:07Z,12.206999999999999,1024,Metinic
17312,2021-06-14T14:31:07Z,12.401,248,Metinic
17313,2021-06-14T14:36:07Z,12.401,82,Metinic
17314,2021-06-14T14:41:07Z,12.401,73,Metinic
17315,2021-06-14T14:46:07Z,12.497,1,Metinic
17316,2021-06-14T14:51:07Z,12.497,89,Metinic
17317,2021-06-14T14:56:07Z,12.304,58,Metinic
17318,2021-06-14T15:01:07Z,11.819,2,Metinic
17319,2021-06-14T15:06:07Z,11.139,176,Metinic
17320,2021-06-14T15:11:07Z,10.747999999999998,106,Metinic
17321,2021-06-14T15:16:07Z,10.651,496,Metinic
17322,2021-06-14T15:21:07Z,10.455000000000002,15,Metinic
17323,2021-06-14T15:26:07Z,10.553,3,Metinic
17324,2021-06-14T15:31:07Z,10.455000000000002,17,Metinic
17325,2021-06-14T15:36:07Z,10.553,2,Metinic
17326,2021-06-14T15:41:07Z,11.040999999999999,96,Metinic
17327,2021-06-14T15:46:07Z,11.819,10,Metinic
17328,2021-06-14T15:51:07Z,12.013,192,Metinic
17329,2021-06-14T15:56:07Z,11.916,36,Metinic
17330,2021-06-14T16:01:07Z,11.819,7,Metinic
17331,2021-06-14T16:06:07Z,11.722,24,Metinic
17332,2021-06-14T16:11:07Z,11.625,2,Metinic
17333,2021-06-14T16:16:07Z,11.431,400,Metinic
17334,2021-06-14T16:21:07Z,11.527999999999999,57,Metinic
17335,2021-06-14T16:26:07Z,11.722,68,Metinic
17336,2021-06-14T16:31:07Z,11.819,16,Metinic
17337,2021-06-14T16:36:07Z,11.527999999999999,49,Metinic
17338,2021-06-14T16:41:07Z,11.040999999999999,368,Metinic
17339,2021-06-14T16:46:07Z,11.040999999999999,27,Metinic
17340,2021-06-14T16:51:07Z,10.943999999999999,384,Metinic
17341,2021-06-14T16:56:07Z,11.040999999999999,34,Metinic
17342,2021-06-14T17:01:07Z,11.040999999999999,136,Metinic
17343,2021-06-14T17:06:07Z,11.139,7,Metinic
17344,2021-06-14T17:11:07Z,11.040999999999999,7,Metinic
17345,2021-06-14T17:16:07Z,11.139,37,Metinic
17346,2021-06-14T17:21:07Z,11.040999999999999,31,Metinic
17347,2021-06-14T17:26:07Z,10.943999999999999,2,Metinic
17348,2021-06-14T17:31:07Z,10.846,18,Metinic
17349,2021-06-14T17:36:07Z,10.747999999999998,0,Metinic
17350,2021-06-14T17:41:07Z,10.747999999999998,22,Metinic
17351,2021-06-14T17:46:07Z,10.747999999999998,0,Metinic
17352,2021-06-14T17:51:07Z,10.651,28,Metinic
17353,2021-06-14T17:56:07Z,10.651,74,Metinic
17354,2021-06-14T18:01:07Z,10.651,2,Metinic
17355,2021-06-14T18:06:07Z,10.651,0,Metinic
17356,2021-06-14T18:11:07Z,10.651,0,Metinic
17357,2021-06-14T18:16:07Z,10.651,1,Metinic
17358,2021-06-14T18:21:07Z,10.747999999999998,288,Metinic
17359,2021-06-14T18:26:07Z,10.846,6,Metinic
17360,2021-06-14T18:31:07Z,11.235999999999999,6,Metinic
17361,2021-06-14T18:36:07Z,11.139,101,Metinic
17362,2021-06-14T18:41:07Z,11.235999999999999,67,Metinic
17363,2021-06-14T18:46:07Z,11.334,98,Metinic
17364,2021-06-14T18:51:07Z,11.527999999999999,5,Metinic
17365,2021-06-14T18:56:07Z,11.527999999999999,44,Metinic
17366,2021-06-14T19:01:07Z,11.527999999999999,3,Metinic
17367,2021-06-14T19:06:07Z,11.625,192,Metinic
17368,2021-06-14T19:11:07Z,11.625,8,Metinic
17369,2021-06-14T19:16:07Z,11.625,42,Metinic
17370,2021-06-14T19:21:07Z,11.527999999999999,74,Metinic
17371,2021-06-14T19:26:07Z,11.431,384,Metinic
17372,2021-06-14T19:31:07Z,11.431,216,Metinic
17373,2021-06-14T19:36:07Z,11.527999999999999,59,Metinic
17374,2021-06-14T19:41:07Z,11.431,288,Metinic
17375,2021-06-14T19:46:07Z,11.431,480,Metinic
17376,2021-06-14T19:51:07Z,11.431,18,Metinic
17377,2021-06-14T19:56:07Z,11.431,9,Metinic
17378,2021-06-14T20:01:07Z,11.431,84,Metinic
17379,2021-06-14T20:06:07Z,11.431,3,Metinic
17380,2021-06-14T20:11:07Z,11.527999999999999,42,Metinic
17381,2021-06-14T20:16:07Z,11.527999999999999,288,Metinic
17382,2021-06-14T20:21:07Z,11.625,19,Metinic
17383,2021-06-14T20:26:07Z,11.625,42,Metinic
17384,2021-06-14T20:31:07Z,11.722,2,Metinic
17385,2021-06-14T20:36:07Z,11.625,8,Metinic
17386,2021-06-14T20:41:07Z,11.722,22,Metinic
17387,2021-06-14T20:46:07Z,11.722,17,Metinic
17388,2021-06-14T20:51:07Z,11.722,12,Metinic
17389,2021-06-14T20:56:07Z,11.722,5,Metinic
17390,2021-06-14T21:01:07Z,11.722,4,Metinic
17391,2021-06-14T21:06:07Z,11.722,8,Metinic
17392,2021-06-14T21:11:07Z,11.722,3,Metinic
17393,2021-06-14T21:16:07Z,11.625,14,Metinic
17394,2021-06-14T21:21:07Z,11.625,20,Metinic
17395,2021-06-14T21:26:07Z,11.625,96,Metinic
17396,2021-06-14T21:31:07Z,11.625,54,Metinic
17397,2021-06-14T21:36:07Z,11.625,160,Metinic
17398,2021-06-14T21:41:07Z,11.527999999999999,15,Metinic
17399,2021-06-14T21:46:07Z,11.527999999999999,2,Metinic
17400,2021-06-14T21:51:07Z,11.527999999999999,20,Metinic
17401,2021-06-14T21:56:07Z,11.625,2,Metinic
17402,2021-06-14T22:01:07Z,11.625,94,Metinic
17403,2021-06-14T22:06:07Z,11.527999999999999,13,Metinic
17404,2021-06-14T22:11:07Z,11.527999999999999,2,Metinic
17405,2021-06-14T22:16:07Z,11.527999999999999,0,Metinic
17406,2021-06-14T22:21:07Z,11.431,62,Metinic
17407,2021-06-14T22:26:07Z,11.334,0,Metinic
17408,2021-06-14T22:31:07Z,11.334,0,Metinic
17409,2021-06-14T22:36:07Z,11.431,0,Metinic
17410,2021-06-14T22:41:07Z,11.431,1,Metinic
17411,2021-06-14T22:46:07Z,11.527999999999999,15,Metinic
17412,2021-06-14T22:51:07Z,11.625,2,Metinic
17413,2021-06-14T22:56:07Z,11.722,2,Metinic
17414,2021-06-14T23:01:07Z,11.722,2,Metinic
17415,2021-06-14T23:06:07Z,11.819,6,Metinic
17416,2021-06-14T23:11:07Z,11.819,3,Metinic
17417,2021-06-14T23:16:07Z,11.819,0,Metinic
17418,2021-06-14T23:21:07Z,11.916,7,Metinic
17419,2021-06-14T23:26:07Z,11.916,0,Metinic
17420,2021-06-14T23:31:07Z,12.11,0,Metinic
17421,2021-06-14T23:36:07Z,12.304,0,Metinic
17422,2021-06-14T23:41:07Z,12.304,0,Metinic
17423,2021-06-14T23:46:07Z,12.304,0,Metinic
17424,2021-06-14T23:51:07Z,12.497,0,Metinic
17425,2021-06-14T23:56:07Z,12.497,0,Metinic
17426,2021-06-15T00:01:07Z,12.497,0,Metinic
17427,2021-06-15T00:06:07Z,12.497,0,Metinic
17428,2021-06-15T00:11:07Z,12.594,0,Metinic
17429,2021-06-15T00:16:07Z,12.594,0,Metinic
17430,2021-06-15T00:21:07Z,12.69,0,Metinic
17431,2021-06-15T00:26:07Z,12.69,0,Metinic
17432,2021-06-15T00:31:07Z,12.883000000000001,0,Metinic
17433,2021-06-15T00:36:07Z,12.98,0,Metinic
17434,2021-06-15T00:41:07Z,12.98,0,Metinic
17435,2021-06-15T00:46:07Z,12.98,0,Metinic
17436,2021-06-15T00:51:07Z,12.98,0,Metinic
17437,2021-06-15T00:56:07Z,12.98,0,Metinic
17438,2021-06-15T01:01:07Z,12.883000000000001,0,Metinic
17439,2021-06-15T01:06:07Z,12.883000000000001,0,Metinic
17440,2021-06-15T01:11:07Z,12.98,0,Metinic
17441,2021-06-15T01:16:07Z,12.98,0,Metinic
17442,2021-06-15T01:21:07Z,12.98,0,Metinic
17443,2021-06-15T01:26:07Z,12.98,0,Metinic
17444,2021-06-15T01:31:07Z,12.98,0,Metinic
17445,2021-06-15T01:36:07Z,12.883000000000001,0,Metinic
17446,2021-06-15T01:41:07Z,12.69,0,Metinic
17447,2021-06-15T01:46:07Z,12.594,0,Metinic
17448,2021-06-15T01:51:07Z,12.594,0,Metinic
17449,2021-06-15T01:56:07Z,12.594,0,Metinic
17450,2021-06-15T02:01:07Z,12.594,0,Metinic
17451,2021-06-15T02:06:07Z,12.594,0,Metinic
17452,2021-06-15T02:11:07Z,12.497,0,Metinic
17453,2021-06-15T02:16:07Z,12.497,0,Metinic
17454,2021-06-15T02:21:07Z,12.497,0,Metinic
17455,2021-06-15T02:26:07Z,12.497,0,Metinic
17456,2021-06-15T02:31:07Z,12.497,0,Metinic
17457,2021-06-15T02:36:07Z,12.401,0,Metinic
17458,2021-06-15T02:41:07Z,12.401,0,Metinic
17459,2021-06-15T02:46:07Z,12.013,0,Metinic
17460,2021-06-15T02:51:07Z,11.722,0,Metinic
17461,2021-06-15T02:56:07Z,11.431,0,Metinic
17462,2021-06-15T03:01:07Z,11.235999999999999,0,Metinic
17463,2021-06-15T03:06:07Z,11.139,0,Metinic
17464,2021-06-15T03:11:07Z,11.040999999999999,0,Metinic
17465,2021-06-15T03:16:07Z,10.846,0,Metinic
17466,2021-06-15T03:21:07Z,10.651,0,Metinic
17467,2021-06-15T03:26:07Z,10.553,0,Metinic
17468,2021-06-15T03:31:07Z,10.651,0,Metinic
17469,2021-06-15T03:36:07Z,10.553,0,Metinic
17470,2021-06-15T03:41:07Z,10.651,0,Metinic
17471,2021-06-15T03:46:07Z,10.651,0,Metinic
17472,2021-06-15T03:51:07Z,10.651,0,Metinic
17473,2021-06-15T03:56:07Z,10.846,0,Metinic
17474,2021-06-15T04:01:07Z,10.943999999999999,0,Metinic
17475,2021-06-15T04:06:07Z,11.040999999999999,0,Metinic
17476,2021-06-15T04:11:07Z,11.139,0,Metinic
17477,2021-06-15T04:16:07Z,11.334,0,Metinic
17478,2021-06-15T04:21:07Z,11.527999999999999,0,Metinic
17479,2021-06-15T04:26:07Z,11.625,0,Metinic
17480,2021-06-15T04:31:07Z,11.819,0,Metinic
17481,2021-06-15T04:36:07Z,11.916,0,Metinic
17482,2021-06-15T04:41:07Z,12.013,0,Metinic
17483,2021-06-15T04:46:07Z,12.013,0,Metinic
17484,2021-06-15T04:51:07Z,12.013,0,Metinic
17485,2021-06-15T04:56:07Z,12.11,0,Metinic
17486,2021-06-15T05:01:07Z,12.11,0,Metinic
17487,2021-06-15T05:06:07Z,12.206999999999999,0,Metinic
17488,2021-06-15T05:11:07Z,12.206999999999999,0,Metinic
17489,2021-06-15T05:16:07Z,12.206999999999999,0,Metinic
17490,2021-06-15T05:21:07Z,12.304,0,Metinic
17491,2021-06-15T05:26:07Z,12.304,0,Metinic
17492,2021-06-15T05:31:07Z,12.401,0,Metinic
17493,2021-06-15T05:36:07Z,12.401,0,Metinic
17494,2021-06-15T05:41:07Z,12.401,0,Metinic
17495,2021-06-15T05:46:07Z,12.401,0,Metinic
17496,2021-06-15T05:51:07Z,12.401,0,Metinic
17497,2021-06-15T05:56:07Z,12.497,0,Metinic
17498,2021-06-15T06:01:07Z,12.497,0,Metinic
17499,2021-06-15T06:06:07Z,12.497,0,Metinic
17500,2021-06-15T06:11:07Z,12.594,0,Metinic
17501,2021-06-15T06:16:07Z,12.497,0,Metinic
17502,2021-06-15T06:21:07Z,12.594,0,Metinic
17503,2021-06-15T06:26:07Z,12.594,0,Metinic
17504,2021-06-15T06:31:07Z,12.594,0,Metinic
17505,2021-06-15T06:36:07Z,12.594,0,Metinic
17506,2021-06-15T06:41:07Z,12.594,0,Metinic
17507,2021-06-15T06:46:07Z,12.594,0,Metinic
17508,2021-06-15T06:51:07Z,12.594,0,Metinic
17509,2021-06-15T06:56:07Z,12.69,0,Metinic
17510,2021-06-15T07:01:07Z,12.69,0,Metinic
17511,2021-06-15T07:06:07Z,12.69,0,Metinic
17512,2021-06-15T07:11:07Z,12.69,0,Metinic
17513,2021-06-15T07:16:07Z,12.69,0,Metinic
17514,2021-06-15T07:21:07Z,12.69,0,Metinic
17515,2021-06-15T07:26:07Z,12.69,0,Metinic
17516,2021-06-15T07:31:07Z,12.69,0,Metinic
17517,2021-06-15T07:36:07Z,12.69,0,Metinic
17518,2021-06-15T07:41:07Z,12.69,0,Metinic
17519,2021-06-15T07:46:07Z,12.786999999999999,0,Metinic
17520,2021-06-15T07:51:07Z,12.786999999999999,0,Metinic
17521,2021-06-15T07:56:07Z,12.786999999999999,0,Metinic
17522,2021-06-15T08:01:07Z,12.786999999999999,0,Metinic
17523,2021-06-15T08:06:07Z,12.786999999999999,0,Metinic
17524,2021-06-15T08:11:07Z,12.786999999999999,0,Metinic
17525,2021-06-15T08:16:07Z,12.786999999999999,0,Metinic
17526,2021-06-15T08:21:07Z,12.786999999999999,0,Metinic
17527,2021-06-15T08:26:07Z,12.786999999999999,0,Metinic
17528,2021-06-15T08:31:07Z,12.786999999999999,0,Metinic
17529,2021-06-15T08:36:07Z,12.786999999999999,0,Metinic
17530,2021-06-15T08:41:07Z,12.786999999999999,0,Metinic
17531,2021-06-15T08:46:07Z,12.786999999999999,0,Metinic
17532,2021-06-15T08:51:07Z,12.786999999999999,0,Metinic
17533,2021-06-15T08:56:07Z,12.786999999999999,0,Metinic
17534,2021-06-15T09:01:07Z,12.786999999999999,0,Metinic
17535,2021-06-15T09:06:07Z,12.786999999999999,0,Metinic
17536,2021-06-15T09:11:07Z,12.69,0,Metinic
17537,2021-06-15T09:16:07Z,12.69,0,Metinic
17538,2021-06-15T09:21:07Z,12.69,0,Metinic
17539,2021-06-15T09:26:07Z,12.69,5,Metinic
17540,2021-06-15T09:31:07Z,12.69,0,Metinic
17541,2021-06-15T09:36:07Z,12.69,1,Metinic
17542,2021-06-15T09:41:07Z,12.69,0,Metinic
17543,2021-06-15T09:46:07Z,12.594,2,Metinic
17544,2021-06-15T09:51:07Z,12.594,0,Metinic
17545,2021-06-15T09:56:07Z,12.594,0,Metinic
17546,2021-06-15T10:01:07Z,12.594,2,Metinic
17547,2021-06-15T10:06:07Z,12.594,0,Metinic
17548,2021-06-15T10:11:07Z,12.594,3,Metinic
17549,2021-06-15T10:16:07Z,12.594,3,Metinic
17550,2021-06-15T10:21:07Z,12.594,24,Metinic
17551,2021-06-15T10:26:07Z,12.594,0,Metinic
17552,2021-06-15T10:31:07Z,12.594,5,Metinic
17553,2021-06-15T10:36:07Z,12.594,1,Metinic
17554,2021-06-15T10:41:07Z,12.594,47,Metinic
17555,2021-06-15T10:46:07Z,12.594,0,Metinic
17556,2021-06-15T10:51:07Z,12.497,60,Metinic
17557,2021-06-15T10:56:07Z,12.497,117,Metinic
17558,2021-06-15T11:01:07Z,12.497,13,Metinic
17559,2021-06-15T11:06:07Z,12.594,4,Metinic
17560,2021-06-15T11:11:07Z,12.497,10,Metinic
17561,2021-06-15T11:16:07Z,12.497,0,Metinic
17562,2021-06-15T11:21:07Z,12.401,33,Metinic
17563,2021-06-15T11:26:07Z,12.304,7,Metinic
17564,2021-06-15T11:31:07Z,12.304,2,Metinic
17565,2021-06-15T11:36:07Z,12.304,37,Metinic
17566,2021-06-15T11:41:07Z,12.304,3,Metinic
17567,2021-06-15T11:46:07Z,12.304,5,Metinic
17568,2021-06-15T11:51:07Z,12.304,12,Metinic
17569,2021-06-15T11:56:07Z,12.304,0,Metinic
17570,2021-06-15T12:01:07Z,12.206999999999999,0,Metinic
17571,2021-06-15T12:06:07Z,12.206999999999999,0,Metinic
17572,2021-06-15T12:11:07Z,12.206999999999999,14,Metinic
17573,2021-06-15T12:16:07Z,12.206999999999999,9,Metinic
17574,2021-06-15T12:21:07Z,12.11,3,Metinic
17575,2021-06-15T12:26:07Z,12.206999999999999,1,Metinic
17576,2021-06-15T12:31:07Z,12.11,0,Metinic
17577,2021-06-15T12:36:07Z,12.11,6,Metinic
17578,2021-06-15T12:41:07Z,12.013,1,Metinic
17579,2021-06-15T12:46:07Z,12.11,3,Metinic
17580,2021-06-15T12:51:07Z,12.11,11,Metinic
17581,2021-06-15T12:56:07Z,12.013,8,Metinic
17582,2021-06-15T13:01:07Z,11.916,1,Metinic
17583,2021-06-15T13:06:07Z,11.722,3,Metinic
17584,2021-06-15T13:11:07Z,11.527999999999999,8,Metinic
17585,2021-06-15T13:16:07Z,11.431,0,Metinic
17586,2021-06-15T13:21:07Z,11.334,7,Metinic
17587,2021-06-15T13:26:07Z,11.431,30,Metinic
17588,2021-06-15T13:31:07Z,11.625,28,Metinic
17589,2021-06-15T13:36:07Z,11.625,13,Metinic
17590,2021-06-15T13:41:07Z,11.722,0,Metinic
17591,2021-06-15T13:46:07Z,11.916,3,Metinic
17592,2021-06-15T13:51:07Z,12.013,8,Metinic
17593,2021-06-15T13:56:07Z,12.11,2,Metinic
17594,2021-06-15T14:01:07Z,12.013,5,Metinic
17595,2021-06-15T14:06:07Z,11.722,6,Metinic
17596,2021-06-15T14:11:07Z,11.527999999999999,42,Metinic
17597,2021-06-15T14:16:07Z,11.235999999999999,31,Metinic
17598,2021-06-15T14:21:07Z,10.846,25,Metinic
17599,2021-06-15T14:26:07Z,10.553,66,Metinic
17600,2021-06-15T14:31:07Z,10.259,7,Metinic
17601,2021-06-15T14:36:07Z,10.161,0,Metinic
17602,2021-06-15T14:41:07Z,10.063,40,Metinic
17603,2021-06-15T14:46:07Z,10.063,18,Metinic
17604,2021-06-15T14:51:07Z,10.063,3,Metinic
17605,2021-06-15T14:56:07Z,9.965000000000002,18,Metinic
17606,2021-06-15T15:01:07Z,9.965000000000002,5,Metinic
17607,2021-06-15T15:06:07Z,9.965000000000002,0,Metinic
17608,2021-06-15T15:11:07Z,9.965000000000002,1,Metinic
17609,2021-06-15T15:16:07Z,9.965000000000002,3,Metinic
17610,2021-06-15T15:21:07Z,9.965000000000002,0,Metinic
17611,2021-06-15T15:26:07Z,9.965000000000002,3,Metinic
17612,2021-06-15T15:31:07Z,10.063,1,Metinic
17613,2021-06-15T15:36:07Z,10.161,1,Metinic
17614,2021-06-15T15:41:07Z,10.259,7,Metinic
17615,2021-06-15T15:46:07Z,10.161,1,Metinic
17616,2021-06-15T15:51:07Z,10.161,1,Metinic
17617,2021-06-15T15:56:07Z,10.259,8,Metinic
17618,2021-06-15T16:01:07Z,10.259,1,Metinic
17619,2021-06-15T16:06:07Z,10.259,128,Metinic
17620,2021-06-15T16:11:07Z,10.357000000000001,168,Metinic
17621,2021-06-15T16:16:07Z,10.259,18,Metinic
17622,2021-06-15T16:21:07Z,10.357000000000001,7,Metinic
17623,2021-06-15T16:26:07Z,10.357000000000001,48,Metinic
17624,2021-06-15T16:31:07Z,10.357000000000001,94,Metinic
17625,2021-06-15T16:36:07Z,10.357000000000001,73,Metinic
17626,2021-06-15T16:41:07Z,10.357000000000001,39,Metinic
17627,2021-06-15T16:46:07Z,10.357000000000001,18,Metinic
17628,2021-06-15T16:51:07Z,10.357000000000001,14,Metinic
17629,2021-06-15T16:56:07Z,10.357000000000001,2,Metinic
17630,2021-06-15T17:01:07Z,10.357000000000001,15,Metinic
17631,2021-06-15T17:06:07Z,10.357000000000001,62,Metinic
17632,2021-06-15T17:11:07Z,10.357000000000001,8,Metinic
17633,2021-06-15T17:16:07Z,10.357000000000001,128,Metinic
17634,2021-06-15T17:21:07Z,10.455000000000002,30,Metinic
17635,2021-06-15T17:26:07Z,10.553,0,Metinic
17636,2021-06-15T17:31:07Z,10.553,200,Metinic
17637,2021-06-15T17:36:07Z,10.553,3,Metinic
17638,2021-06-15T17:41:07Z,10.651,1,Metinic
17639,2021-06-15T17:46:07Z,10.846,4,Metinic
17640,2021-06-15T17:51:07Z,10.846,14,Metinic
17641,2021-06-15T17:56:07Z,10.846,2,Metinic
17642,2021-06-15T18:01:07Z,10.943999999999999,28,Metinic
17643,2021-06-15T18:06:07Z,10.943999999999999,14,Metinic
17644,2021-06-15T18:11:07Z,11.040999999999999,6,Metinic
17645,2021-06-15T18:16:07Z,11.040999999999999,9,Metinic
17646,2021-06-15T18:21:07Z,11.040999999999999,7,Metinic
17647,2021-06-15T18:26:07Z,11.040999999999999,1,Metinic
17648,2021-06-15T18:31:07Z,11.139,6,Metinic
17649,2021-06-15T18:36:07Z,11.235999999999999,60,Metinic
17650,2021-06-15T18:41:07Z,11.431,24,Metinic
17651,2021-06-15T18:46:07Z,11.625,5,Metinic
17652,2021-06-15T18:51:07Z,11.722,18,Metinic
17653,2021-06-15T18:56:07Z,11.916,7,Metinic
17654,2021-06-15T19:01:07Z,12.11,11,Metinic
17655,2021-06-15T19:06:07Z,12.11,13,Metinic
17656,2021-06-15T19:11:07Z,12.206999999999999,102,Metinic
17657,2021-06-15T19:16:07Z,12.206999999999999,3,Metinic
17658,2021-06-15T19:21:07Z,12.206999999999999,49,Metinic
17659,2021-06-15T19:26:07Z,12.304,5,Metinic
17660,2021-06-15T19:31:07Z,12.401,152,Metinic
17661,2021-06-15T19:36:07Z,12.401,152,Metinic
17662,2021-06-15T19:41:07Z,12.401,136,Metinic
17663,2021-06-15T19:46:07Z,12.401,11,Metinic
17664,2021-06-15T19:51:07Z,12.497,13,Metinic
17665,2021-06-15T19:56:07Z,12.69,0,Metinic
17666,2021-06-15T20:01:07Z,12.69,1,Metinic
17667,2021-06-15T20:06:07Z,12.594,17,Metinic
17668,2021-06-15T20:11:07Z,12.69,34,Metinic
17669,2021-06-15T20:16:07Z,12.69,1,Metinic
17670,2021-06-15T20:21:07Z,12.69,51,Metinic
17671,2021-06-15T20:26:07Z,12.69,6,Metinic
17672,2021-06-15T20:31:07Z,12.594,5,Metinic
17673,2021-06-15T20:36:07Z,12.594,11,Metinic
17674,2021-06-15T20:41:07Z,12.497,9,Metinic
17675,2021-06-15T20:46:07Z,12.401,6,Metinic
17676,2021-06-15T20:51:07Z,12.304,14,Metinic
17677,2021-06-15T20:56:07Z,12.304,18,Metinic
17678,2021-06-15T21:01:07Z,12.304,20,Metinic
17679,2021-06-15T21:06:07Z,12.497,11,Metinic
17680,2021-06-15T21:11:07Z,12.497,99,Metinic
17681,2021-06-15T21:16:07Z,12.401,0,Metinic
17682,2021-06-15T21:21:07Z,12.401,13,Metinic
17683,2021-06-15T21:26:07Z,12.401,56,Metinic
17684,2021-06-15T21:31:07Z,12.401,8,Metinic
17685,2021-06-15T21:36:07Z,12.401,5,Metinic
17686,2021-06-15T21:41:07Z,12.497,8,Metinic
17687,2021-06-15T21:46:07Z,12.497,5,Metinic
17688,2021-06-15T21:51:07Z,12.497,9,Metinic
17689,2021-06-15T21:56:07Z,12.497,34,Metinic
17690,2021-06-15T22:01:07Z,12.497,5,Metinic
17691,2021-06-15T22:06:07Z,12.497,0,Metinic
17692,2021-06-15T22:11:07Z,12.594,3,Metinic
17693,2021-06-15T22:16:07Z,12.594,4,Metinic
17694,2021-06-15T22:21:07Z,12.594,2,Metinic
17695,2021-06-15T22:26:07Z,12.69,21,Metinic
17696,2021-06-15T22:31:07Z,12.594,2,Metinic
17697,2021-06-15T22:36:07Z,12.69,10,Metinic
17698,2021-06-15T22:41:07Z,12.69,7,Metinic
17699,2021-06-15T22:46:07Z,12.69,32,Metinic
17700,2021-06-15T22:51:07Z,12.69,6,Metinic
17701,2021-06-15T22:56:07Z,12.69,8,Metinic
17702,2021-06-15T23:01:07Z,12.786999999999999,0,Metinic
17703,2021-06-15T23:06:07Z,12.786999999999999,1,Metinic
17704,2021-06-15T23:11:07Z,12.69,8,Metinic
17705,2021-06-15T23:16:07Z,12.883000000000001,3,Metinic
17706,2021-06-15T23:21:07Z,12.883000000000001,17,Metinic
17707,2021-06-15T23:26:07Z,12.883000000000001,0,Metinic
17708,2021-06-15T23:31:07Z,12.883000000000001,1,Metinic
17709,2021-06-15T23:36:07Z,12.98,0,Metinic
17710,2021-06-15T23:41:07Z,12.98,0,Metinic
17711,2021-06-15T23:46:07Z,12.98,0,Metinic
17712,2021-06-15T23:51:07Z,12.98,0,Metinic
17713,2021-06-15T23:56:07Z,12.98,0,Metinic
17714,2021-06-16T00:01:07Z,12.98,0,Metinic
17715,2021-06-16T00:06:07Z,12.98,2,Metinic
17716,2021-06-16T00:11:07Z,12.98,0,Metinic
17717,2021-06-16T00:16:07Z,12.98,0,Metinic
17718,2021-06-16T00:21:07Z,12.98,0,Metinic
17719,2021-06-16T00:26:07Z,12.98,0,Metinic
17720,2021-06-16T00:31:07Z,12.98,0,Metinic
17721,2021-06-16T00:36:07Z,12.98,0,Metinic
17722,2021-06-16T00:41:07Z,12.98,0,Metinic
17723,2021-06-16T00:46:07Z,12.98,0,Metinic
17724,2021-06-16T00:51:07Z,12.98,0,Metinic
17725,2021-06-16T00:56:07Z,12.98,0,Metinic
17726,2021-06-16T01:01:07Z,12.883000000000001,0,Metinic
17727,2021-06-16T01:06:07Z,12.883000000000001,0,Metinic
17728,2021-06-16T01:11:07Z,12.883000000000001,0,Metinic
17729,2021-06-16T01:16:07Z,12.883000000000001,0,Metinic
17730,2021-06-16T01:21:07Z,12.883000000000001,0,Metinic
17731,2021-06-16T01:26:07Z,12.883000000000001,0,Metinic
17732,2021-06-16T01:31:07Z,12.786999999999999,0,Metinic
17733,2021-06-16T01:36:07Z,12.69,0,Metinic
17734,2021-06-16T01:41:07Z,12.594,0,Metinic
17735,2021-06-16T01:46:07Z,12.497,0,Metinic
17736,2021-06-16T01:51:07Z,12.497,0,Metinic
17737,2021-06-16T01:56:07Z,12.401,0,Metinic
17738,2021-06-16T02:01:07Z,12.304,0,Metinic
17739,2021-06-16T02:06:07Z,12.206999999999999,0,Metinic
17740,2021-06-16T02:11:07Z,12.11,0,Metinic
17741,2021-06-16T02:16:07Z,12.013,0,Metinic
17742,2021-06-16T02:21:07Z,11.819,0,Metinic
17743,2021-06-16T02:26:07Z,11.722,0,Metinic
17744,2021-06-16T02:31:07Z,11.625,0,Metinic
17745,2021-06-16T02:36:07Z,11.431,0,Metinic
17746,2021-06-16T02:41:07Z,11.334,0,Metinic
17747,2021-06-16T02:46:07Z,11.334,0,Metinic
17748,2021-06-16T02:51:07Z,11.334,0,Metinic
17749,2021-06-16T02:56:07Z,11.334,0,Metinic
17750,2021-06-16T03:01:07Z,11.235999999999999,0,Metinic
17751,2021-06-16T03:06:07Z,11.139,0,Metinic
17752,2021-06-16T03:11:07Z,10.943999999999999,0,Metinic
17753,2021-06-16T03:16:07Z,11.040999999999999,0,Metinic
17754,2021-06-16T03:21:07Z,11.040999999999999,0,Metinic
17755,2021-06-16T03:26:07Z,11.040999999999999,0,Metinic
17756,2021-06-16T03:31:07Z,11.040999999999999,0,Metinic
17757,2021-06-16T03:36:07Z,11.040999999999999,0,Metinic
17758,2021-06-16T03:41:07Z,11.040999999999999,0,Metinic
17759,2021-06-16T03:46:07Z,11.040999999999999,0,Metinic
17760,2021-06-16T03:51:07Z,11.040999999999999,0,Metinic
17761,2021-06-16T03:56:07Z,10.943999999999999,0,Metinic
17762,2021-06-16T04:01:07Z,10.943999999999999,0,Metinic
17763,2021-06-16T04:06:07Z,10.943999999999999,0,Metinic
17764,2021-06-16T04:11:07Z,10.846,0,Metinic
17765,2021-06-16T04:16:07Z,10.846,0,Metinic
17766,2021-06-16T04:21:07Z,10.846,0,Metinic
17767,2021-06-16T04:26:07Z,10.747999999999998,0,Metinic
17768,2021-06-16T04:31:07Z,10.747999999999998,0,Metinic
17769,2021-06-16T04:36:07Z,10.651,0,Metinic
17770,2021-06-16T04:41:07Z,10.651,0,Metinic
17771,2021-06-16T04:46:07Z,10.651,0,Metinic
17772,2021-06-16T04:51:07Z,10.651,0,Metinic
17773,2021-06-16T04:56:07Z,10.651,0,Metinic
17774,2021-06-16T05:01:07Z,10.651,0,Metinic
17775,2021-06-16T05:06:07Z,10.553,0,Metinic
17776,2021-06-16T05:11:07Z,10.651,0,Metinic
17777,2021-06-16T05:16:07Z,10.553,0,Metinic
17778,2021-06-16T05:21:07Z,10.553,0,Metinic
17779,2021-06-16T05:26:07Z,10.651,0,Metinic
17780,2021-06-16T05:31:07Z,10.651,0,Metinic
17781,2021-06-16T05:36:07Z,10.651,0,Metinic
17782,2021-06-16T05:41:07Z,10.651,0,Metinic
17783,2021-06-16T05:46:07Z,10.651,0,Metinic
17784,2021-06-16T05:51:07Z,10.747999999999998,0,Metinic
17785,2021-06-16T05:56:07Z,10.747999999999998,0,Metinic
17786,2021-06-16T06:01:07Z,10.846,0,Metinic
17787,2021-06-16T06:06:07Z,10.846,0,Metinic
17788,2021-06-16T06:11:07Z,10.943999999999999,0,Metinic
17789,2021-06-16T06:16:07Z,11.040999999999999,0,Metinic
17790,2021-06-16T06:21:07Z,11.040999999999999,0,Metinic
17791,2021-06-16T06:26:07Z,11.139,0,Metinic
17792,2021-06-16T06:31:07Z,11.139,0,Metinic
17793,2021-06-16T06:36:07Z,11.139,0,Metinic
17794,2021-06-16T06:41:07Z,11.235999999999999,0,Metinic
17795,2021-06-16T06:46:07Z,11.235999999999999,0,Metinic
17796,2021-06-16T06:51:07Z,11.235999999999999,0,Metinic
17797,2021-06-16T06:56:07Z,11.235999999999999,0,Metinic
17798,2021-06-16T07:01:07Z,11.235999999999999,0,Metinic
17799,2021-06-16T07:06:07Z,11.334,0,Metinic
17800,2021-06-16T07:11:07Z,11.431,0,Metinic
17801,2021-06-16T07:16:07Z,11.527999999999999,0,Metinic
17802,2021-06-16T07:21:07Z,11.527999999999999,0,Metinic
17803,2021-06-16T07:26:07Z,11.431,0,Metinic
17804,2021-06-16T07:31:07Z,11.527999999999999,0,Metinic
17805,2021-06-16T07:36:07Z,11.527999999999999,0,Metinic
17806,2021-06-16T07:41:07Z,11.527999999999999,0,Metinic
17807,2021-06-16T07:46:07Z,11.527999999999999,0,Metinic
17808,2021-06-16T07:51:07Z,11.527999999999999,0,Metinic
17809,2021-06-16T07:56:07Z,11.527999999999999,0,Metinic
17810,2021-06-16T08:01:07Z,11.527999999999999,0,Metinic
17811,2021-06-16T08:06:07Z,11.527999999999999,0,Metinic
17812,2021-06-16T08:11:07Z,11.527999999999999,0,Metinic
17813,2021-06-16T08:16:07Z,11.527999999999999,0,Metinic
17814,2021-06-16T08:21:07Z,11.527999999999999,0,Metinic
17815,2021-06-16T08:26:07Z,11.625,0,Metinic
17816,2021-06-16T08:31:07Z,11.625,0,Metinic
17817,2021-06-16T08:36:07Z,11.722,0,Metinic
17818,2021-06-16T08:41:07Z,11.722,0,Metinic
17819,2021-06-16T08:46:07Z,11.722,0,Metinic
17820,2021-06-16T08:51:07Z,11.722,0,Metinic
17821,2021-06-16T08:56:07Z,11.625,1,Metinic
17822,2021-06-16T09:01:07Z,11.625,0,Metinic
17823,2021-06-16T09:06:07Z,11.722,7,Metinic
17824,2021-06-16T09:11:07Z,11.722,0,Metinic
17825,2021-06-16T09:16:07Z,11.722,0,Metinic
17826,2021-06-16T09:21:07Z,11.722,0,Metinic
17827,2021-06-16T09:26:07Z,11.722,5,Metinic
17828,2021-06-16T09:31:07Z,11.722,1,Metinic
17829,2021-06-16T09:36:07Z,11.722,0,Metinic
17830,2021-06-16T09:41:07Z,11.722,7,Metinic
17831,2021-06-16T09:46:07Z,11.819,1,Metinic
17832,2021-06-16T09:51:07Z,11.819,0,Metinic
17833,2021-06-16T09:56:07Z,11.722,1,Metinic
17834,2021-06-16T10:01:07Z,11.722,0,Metinic
17835,2021-06-16T10:06:07Z,11.722,21,Metinic
17836,2021-06-16T10:11:07Z,11.625,2,Metinic
17837,2021-06-16T10:16:07Z,11.527999999999999,8,Metinic
17838,2021-06-16T10:21:07Z,11.527999999999999,2,Metinic
17839,2021-06-16T10:26:07Z,11.527999999999999,1,Metinic
17840,2021-06-16T10:31:07Z,11.431,1,Metinic
17841,2021-06-16T10:36:07Z,11.431,1,Metinic
17842,2021-06-16T10:41:07Z,11.431,2,Metinic
17843,2021-06-16T10:46:07Z,11.431,11,Metinic
17844,2021-06-16T10:51:07Z,11.431,40,Metinic
17845,2021-06-16T10:56:07Z,11.431,9,Metinic
17846,2021-06-16T11:01:07Z,11.334,3,Metinic
17847,2021-06-16T11:06:07Z,11.235999999999999,0,Metinic
17848,2021-06-16T11:11:07Z,11.235999999999999,51,Metinic
17849,2021-06-16T11:16:07Z,11.235999999999999,1,Metinic
17850,2021-06-16T11:21:07Z,11.235999999999999,22,Metinic
17851,2021-06-16T11:26:07Z,11.235999999999999,21,Metinic
17852,2021-06-16T11:31:07Z,11.235999999999999,3,Metinic
17853,2021-06-16T11:36:07Z,11.235999999999999,91,Metinic
17854,2021-06-16T11:41:07Z,11.235999999999999,23,Metinic
17855,2021-06-16T11:46:07Z,11.235999999999999,6,Metinic
17856,2021-06-16T11:51:07Z,11.235999999999999,5,Metinic
17857,2021-06-16T11:56:07Z,11.235999999999999,19,Metinic
17858,2021-06-16T12:01:07Z,11.235999999999999,91,Metinic
17859,2021-06-16T12:06:07Z,11.235999999999999,6,Metinic
17860,2021-06-16T12:11:07Z,11.235999999999999,0,Metinic
17861,2021-06-16T12:16:07Z,11.235999999999999,3,Metinic
17862,2021-06-16T12:21:07Z,11.334,6,Metinic
17863,2021-06-16T12:26:07Z,11.334,304,Metinic
17864,2021-06-16T12:31:07Z,11.334,352,Metinic
17865,2021-06-16T12:36:07Z,11.431,0,Metinic
17866,2021-06-16T12:41:07Z,11.431,27,Metinic
17867,2021-06-16T12:46:07Z,11.527999999999999,36,Metinic
17868,2021-06-16T12:51:07Z,11.431,17,Metinic
17869,2021-06-16T12:56:07Z,11.527999999999999,464,Metinic
17870,2021-06-16T13:01:07Z,11.527999999999999,1,Metinic
17871,2021-06-16T13:06:07Z,11.527999999999999,1,Metinic
17872,2021-06-16T13:11:07Z,11.625,39,Metinic
17873,2021-06-16T13:16:07Z,11.527999999999999,0,Metinic
17874,2021-06-16T13:21:07Z,11.527999999999999,65,Metinic
17875,2021-06-16T13:26:07Z,11.625,416,Metinic
17876,2021-06-16T13:31:07Z,11.431,32,Metinic
17877,2021-06-16T13:36:07Z,11.431,480,Metinic
17878,2021-06-16T13:41:07Z,11.431,23,Metinic
17879,2021-06-16T13:46:07Z,11.431,77,Metinic
17880,2021-06-16T13:51:07Z,11.431,4,Metinic
17881,2021-06-16T13:56:07Z,11.334,3,Metinic
17882,2021-06-16T14:01:07Z,11.334,2,Metinic
17883,2021-06-16T14:06:07Z,11.334,17,Metinic
17884,2021-06-16T14:11:07Z,11.334,0,Metinic
17885,2021-06-16T14:16:07Z,11.235999999999999,5,Metinic
17886,2021-06-16T14:21:07Z,11.334,66,Metinic
17887,2021-06-16T14:26:07Z,11.235999999999999,55,Metinic
17888,2021-06-16T14:31:07Z,11.334,27,Metinic
17889,2021-06-16T14:36:07Z,11.235999999999999,29,Metinic
17890,2021-06-16T14:41:07Z,11.334,5,Metinic
17891,2021-06-16T14:46:07Z,11.334,288,Metinic
17892,2021-06-16T14:51:07Z,11.334,26,Metinic
17893,2021-06-16T14:56:07Z,11.527999999999999,24,Metinic
17894,2021-06-16T15:01:07Z,11.527999999999999,320,Metinic
17895,2021-06-16T15:06:07Z,11.527999999999999,30,Metinic
17896,2021-06-16T15:11:07Z,11.527999999999999,105,Metinic
17897,2021-06-16T15:16:07Z,11.625,11,Metinic
17898,2021-06-16T15:21:07Z,11.625,15,Metinic
17899,2021-06-16T15:26:07Z,11.431,144,Metinic
17900,2021-06-16T15:31:07Z,11.431,74,Metinic
17901,2021-06-16T15:36:07Z,11.431,896,Metinic
17902,2021-06-16T15:41:07Z,11.431,94,Metinic
17903,2021-06-16T15:46:07Z,11.235999999999999,3,Metinic
17904,2021-06-16T15:51:07Z,11.040999999999999,97,Metinic
17905,2021-06-16T15:56:07Z,11.040999999999999,336,Metinic
17906,2021-06-16T16:01:07Z,10.943999999999999,43,Metinic
17907,2021-06-16T16:06:07Z,10.943999999999999,12,Metinic
17908,2021-06-16T16:11:07Z,10.846,608,Metinic
17909,2021-06-16T16:16:07Z,10.846,15,Metinic
17910,2021-06-16T16:21:07Z,10.747999999999998,78,Metinic
17911,2021-06-16T16:26:07Z,10.747999999999998,76,Metinic
17912,2021-06-16T16:31:07Z,10.651,3,Metinic
17913,2021-06-16T16:36:07Z,10.747999999999998,864,Metinic
17914,2021-06-16T16:41:07Z,10.553,58,Metinic
17915,2021-06-16T16:46:07Z,10.553,10,Metinic
17916,2021-06-16T16:51:07Z,10.553,10,Metinic
17917,2021-06-16T16:56:07Z,10.553,496,Metinic
17918,2021-06-16T17:01:07Z,10.455000000000002,896,Metinic
17919,2021-06-16T17:06:07Z,10.455000000000002,88,Metinic
17920,2021-06-16T17:11:07Z,10.357000000000001,216,Metinic
17921,2021-06-16T17:16:07Z,10.357000000000001,32,Metinic
17922,2021-06-16T17:21:07Z,10.357000000000001,65,Metinic
17923,2021-06-16T17:26:07Z,10.455000000000002,77,Metinic
17924,2021-06-16T17:31:07Z,10.553,7,Metinic
17925,2021-06-16T17:36:07Z,10.553,288,Metinic
17926,2021-06-16T17:41:07Z,10.747999999999998,46,Metinic
17927,2021-06-16T17:46:07Z,10.747999999999998,59,Metinic
17928,2021-06-16T17:51:07Z,10.846,11,Metinic
17929,2021-06-16T17:56:07Z,10.943999999999999,97,Metinic
17930,2021-06-16T18:01:07Z,11.139,85,Metinic
17931,2021-06-16T18:06:07Z,11.139,22,Metinic
17932,2021-06-16T18:11:07Z,11.235999999999999,46,Metinic
17933,2021-06-16T18:16:07Z,11.139,75,Metinic
17934,2021-06-16T18:21:07Z,11.235999999999999,432,Metinic
17935,2021-06-16T18:26:07Z,11.139,8,Metinic
17936,2021-06-16T18:31:07Z,11.235999999999999,6,Metinic
17937,2021-06-16T18:36:07Z,11.334,248,Metinic
17938,2021-06-16T18:41:07Z,11.235999999999999,37,Metinic
17939,2021-06-16T18:46:07Z,11.334,3,Metinic
17940,2021-06-16T18:51:07Z,11.431,87,Metinic
17941,2021-06-16T18:56:07Z,11.431,4,Metinic
17942,2021-06-16T19:01:07Z,11.527999999999999,7,Metinic
17943,2021-06-16T19:06:07Z,11.527999999999999,184,Metinic
17944,2021-06-16T19:11:07Z,11.625,4,Metinic
17945,2021-06-16T19:16:07Z,11.625,5,Metinic
17946,2021-06-16T19:21:07Z,11.625,19,Metinic
17947,2021-06-16T19:26:07Z,11.722,10,Metinic
17948,2021-06-16T19:31:07Z,11.722,2,Metinic
17949,2021-06-16T19:36:07Z,11.819,54,Metinic
17950,2021-06-16T19:41:07Z,11.819,4,Metinic
17951,2021-06-16T19:46:07Z,11.819,8,Metinic
17952,2021-06-16T19:51:07Z,11.916,160,Metinic
17953,2021-06-16T19:56:07Z,11.916,12,Metinic
17954,2021-06-16T20:01:07Z,11.916,4,Metinic
17955,2021-06-16T20:06:07Z,12.013,0,Metinic
17956,2021-06-16T20:11:07Z,12.013,4,Metinic
17957,2021-06-16T20:16:07Z,12.11,117,Metinic
17958,2021-06-16T20:21:07Z,12.11,15,Metinic
17959,2021-06-16T20:26:07Z,12.206999999999999,15,Metinic
17960,2021-06-16T20:31:07Z,12.206999999999999,41,Metinic
17961,2021-06-16T20:36:07Z,12.206999999999999,59,Metinic
17962,2021-06-16T20:41:07Z,12.206999999999999,2,Metinic
17963,2021-06-16T20:46:07Z,12.304,33,Metinic
17964,2021-06-16T20:51:07Z,12.206999999999999,1,Metinic
17965,2021-06-16T20:56:07Z,12.304,5,Metinic
17966,2021-06-16T21:01:07Z,12.304,1,Metinic
17967,2021-06-16T21:06:07Z,12.304,2,Metinic
17968,2021-06-16T21:11:07Z,12.304,5,Metinic
17969,2021-06-16T21:16:07Z,12.304,11,Metinic
17970,2021-06-16T21:21:07Z,12.304,88,Metinic
17971,2021-06-16T21:26:07Z,12.304,1,Metinic
17972,2021-06-16T21:31:07Z,12.304,39,Metinic
17973,2021-06-16T21:36:07Z,12.304,5,Metinic
17974,2021-06-16T21:41:07Z,12.304,22,Metinic
17975,2021-06-16T21:46:07Z,12.304,7,Metinic
17976,2021-06-16T21:51:07Z,12.304,1,Metinic
17977,2021-06-16T21:56:07Z,12.304,152,Metinic
17978,2021-06-16T22:01:07Z,12.304,1,Metinic
17979,2021-06-16T22:06:07Z,12.304,6,Metinic
17980,2021-06-16T22:11:07Z,12.304,1,Metinic
17981,2021-06-16T22:16:07Z,12.304,1,Metinic
17982,2021-06-16T22:21:07Z,12.206999999999999,11,Metinic
17983,2021-06-16T22:26:07Z,12.206999999999999,1,Metinic
17984,2021-06-16T22:31:07Z,12.206999999999999,11,Metinic
17985,2021-06-16T22:36:07Z,12.206999999999999,5,Metinic
17986,2021-06-16T22:41:07Z,12.11,40,Metinic
17987,2021-06-16T22:46:07Z,12.11,67,Metinic
17988,2021-06-16T22:51:07Z,12.11,0,Metinic
17989,2021-06-16T22:56:07Z,12.11,2,Metinic
17990,2021-06-16T23:01:07Z,12.013,0,Metinic
17991,2021-06-16T23:06:07Z,12.013,14,Metinic
17992,2021-06-16T23:11:07Z,12.013,0,Metinic
17993,2021-06-16T23:16:07Z,11.916,2,Metinic
17994,2021-06-16T23:21:07Z,11.819,0,Metinic
17995,2021-06-16T23:26:07Z,11.819,0,Metinic
17996,2021-06-16T23:31:07Z,11.722,1,Metinic
17997,2021-06-16T23:36:07Z,11.722,2,Metinic
17998,2021-06-16T23:41:07Z,11.722,1,Metinic
17999,2021-06-16T23:46:07Z,11.625,0,Metinic
18000,2021-06-16T23:51:07Z,11.625,0,Metinic
18001,2021-06-16T23:56:07Z,11.625,0,Metinic
18002,2021-06-17T00:01:07Z,11.625,0,Metinic
18003,2021-06-17T00:06:07Z,11.527999999999999,0,Metinic
18004,2021-06-17T00:11:07Z,11.527999999999999,0,Metinic
18005,2021-06-17T00:16:07Z,11.527999999999999,0,Metinic
18006,2021-06-17T00:21:07Z,11.527999999999999,0,Metinic
18007,2021-06-17T00:26:07Z,11.625,0,Metinic
18008,2021-06-17T00:31:07Z,11.625,0,Metinic
18009,2021-06-17T00:36:07Z,11.625,0,Metinic
18010,2021-06-17T00:41:07Z,11.625,0,Metinic
18011,2021-06-17T00:46:07Z,11.722,0,Metinic
18012,2021-06-17T00:51:07Z,11.722,0,Metinic
18013,2021-06-17T00:56:07Z,11.722,0,Metinic
18014,2021-06-17T01:01:07Z,11.819,0,Metinic
18015,2021-06-17T01:06:07Z,11.722,0,Metinic
18016,2021-06-17T01:11:07Z,11.819,0,Metinic
18017,2021-06-17T01:16:07Z,11.722,0,Metinic
18018,2021-06-17T01:21:07Z,11.722,0,Metinic
18019,2021-06-17T01:26:07Z,11.722,0,Metinic
18020,2021-06-17T01:31:07Z,11.722,0,Metinic
18021,2021-06-17T01:36:07Z,11.722,0,Metinic
18022,2021-06-17T01:41:07Z,11.722,0,Metinic
18023,2021-06-17T01:46:07Z,11.722,0,Metinic
18024,2021-06-17T01:51:07Z,11.722,0,Metinic
18025,2021-06-17T01:56:07Z,11.722,0,Metinic
18026,2021-06-17T02:01:07Z,11.722,0,Metinic
18027,2021-06-17T02:06:07Z,11.625,0,Metinic
18028,2021-06-17T02:11:07Z,11.625,0,Metinic
18029,2021-06-17T02:16:07Z,11.625,0,Metinic
18030,2021-06-17T02:21:07Z,11.625,0,Metinic
18031,2021-06-17T02:26:07Z,11.527999999999999,0,Metinic
18032,2021-06-17T02:31:07Z,11.625,0,Metinic
18033,2021-06-17T02:36:07Z,11.625,0,Metinic
18034,2021-06-17T02:41:07Z,11.527999999999999,0,Metinic
18035,2021-06-17T02:46:07Z,11.527999999999999,0,Metinic
18036,2021-06-17T02:51:07Z,11.527999999999999,0,Metinic
18037,2021-06-17T02:56:07Z,11.527999999999999,0,Metinic
18038,2021-06-17T03:01:07Z,11.431,0,Metinic
18039,2021-06-17T03:06:07Z,11.527999999999999,0,Metinic
18040,2021-06-17T03:11:07Z,11.431,0,Metinic
18041,2021-06-17T03:16:07Z,11.334,0,Metinic
18042,2021-06-17T03:21:07Z,11.235999999999999,0,Metinic
18043,2021-06-17T03:26:07Z,11.235999999999999,0,Metinic
18044,2021-06-17T03:31:07Z,11.139,0,Metinic
18045,2021-06-17T03:36:07Z,11.139,0,Metinic
18046,2021-06-17T03:41:07Z,11.235999999999999,0,Metinic
18047,2021-06-17T03:46:07Z,11.139,0,Metinic
18048,2021-06-17T03:51:07Z,11.040999999999999,0,Metinic
18049,2021-06-17T03:56:07Z,11.040999999999999,0,Metinic
18050,2021-06-17T04:01:07Z,10.846,0,Metinic
18051,2021-06-17T04:06:07Z,10.846,0,Metinic
18052,2021-06-17T04:11:07Z,10.747999999999998,0,Metinic
18053,2021-06-17T04:16:07Z,10.747999999999998,0,Metinic
18054,2021-06-17T04:21:07Z,10.747999999999998,0,Metinic
18055,2021-06-17T04:26:07Z,10.651,0,Metinic
18056,2021-06-17T04:31:07Z,10.651,0,Metinic
18057,2021-06-17T04:36:07Z,10.553,0,Metinic
18058,2021-06-17T04:41:07Z,10.553,0,Metinic
18059,2021-06-17T04:46:07Z,10.553,0,Metinic
18060,2021-06-17T04:51:07Z,10.455000000000002,0,Metinic
18061,2021-06-17T04:56:07Z,10.455000000000002,0,Metinic
18062,2021-06-17T05:01:07Z,10.455000000000002,0,Metinic
18063,2021-06-17T05:06:07Z,10.455000000000002,0,Metinic
18064,2021-06-17T05:11:07Z,10.357000000000001,0,Metinic
18065,2021-06-17T05:16:07Z,10.357000000000001,0,Metinic
18066,2021-06-17T05:21:07Z,10.357000000000001,0,Metinic
18067,2021-06-17T05:26:07Z,10.259,0,Metinic
18068,2021-06-17T05:31:07Z,10.259,0,Metinic
18069,2021-06-17T05:36:07Z,10.161,0,Metinic
18070,2021-06-17T05:41:07Z,10.063,0,Metinic
18071,2021-06-17T05:46:07Z,10.063,0,Metinic
18072,2021-06-17T05:51:07Z,10.063,0,Metinic
18073,2021-06-17T05:56:07Z,10.063,0,Metinic
18074,2021-06-17T06:01:07Z,10.063,0,Metinic
18075,2021-06-17T06:06:07Z,10.259,0,Metinic
18076,2021-06-17T06:11:07Z,10.259,0,Metinic
18077,2021-06-17T06:16:07Z,10.357000000000001,0,Metinic
18078,2021-06-17T06:21:07Z,10.259,0,Metinic
18079,2021-06-17T06:26:07Z,10.259,0,Metinic
18080,2021-06-17T06:31:07Z,10.455000000000002,0,Metinic
18081,2021-06-17T06:36:07Z,10.747999999999998,0,Metinic
18082,2021-06-17T06:41:07Z,10.943999999999999,0,Metinic
18083,2021-06-17T06:46:07Z,10.943999999999999,0,Metinic
18084,2021-06-17T06:51:07Z,11.040999999999999,0,Metinic
18085,2021-06-17T06:56:07Z,11.040999999999999,0,Metinic
18086,2021-06-17T07:01:07Z,11.139,0,Metinic
18087,2021-06-17T07:06:07Z,11.235999999999999,0,Metinic
18088,2021-06-17T07:11:07Z,11.235999999999999,0,Metinic
18089,2021-06-17T07:16:07Z,11.334,0,Metinic
18090,2021-06-17T07:21:07Z,11.334,0,Metinic
18091,2021-06-17T07:26:07Z,11.334,0,Metinic
18092,2021-06-17T07:31:07Z,11.431,0,Metinic
18093,2021-06-17T07:36:07Z,11.431,0,Metinic
18094,2021-06-17T07:41:07Z,11.431,0,Metinic
18095,2021-06-17T07:46:07Z,11.527999999999999,0,Metinic
18096,2021-06-17T07:51:07Z,11.431,0,Metinic
18097,2021-06-17T07:56:07Z,11.431,0,Metinic
18098,2021-06-17T08:01:07Z,11.431,0,Metinic
18099,2021-06-17T08:06:07Z,11.527999999999999,0,Metinic
18100,2021-06-17T08:11:07Z,11.527999999999999,0,Metinic
18101,2021-06-17T08:16:07Z,11.527999999999999,0,Metinic
18102,2021-06-17T08:21:07Z,11.625,0,Metinic
18103,2021-06-17T08:26:07Z,11.625,0,Metinic
18104,2021-06-17T08:31:07Z,11.722,0,Metinic
18105,2021-06-17T08:36:07Z,11.819,0,Metinic
18106,2021-06-17T08:41:07Z,11.819,0,Metinic
18107,2021-06-17T08:46:07Z,11.819,0,Metinic
18108,2021-06-17T08:51:07Z,11.916,0,Metinic
18109,2021-06-17T08:56:07Z,11.916,0,Metinic
18110,2021-06-17T09:01:07Z,11.916,0,Metinic
18111,2021-06-17T09:06:07Z,11.916,0,Metinic
18112,2021-06-17T09:11:07Z,11.916,1,Metinic
18113,2021-06-17T09:16:07Z,12.013,0,Metinic
18114,2021-06-17T09:21:07Z,12.013,4,Metinic
18115,2021-06-17T09:26:07Z,12.013,14,Metinic
18116,2021-06-17T09:31:07Z,12.013,2,Metinic
18117,2021-06-17T09:36:07Z,12.013,24,Metinic
18118,2021-06-17T09:41:07Z,12.013,2,Metinic
18119,2021-06-17T09:46:07Z,12.013,0,Metinic
18120,2021-06-17T09:51:07Z,12.013,20,Metinic
18121,2021-06-17T09:56:07Z,11.916,1,Metinic
18122,2021-06-17T10:01:07Z,11.916,0,Metinic
18123,2021-06-17T10:06:07Z,11.916,7,Metinic
18124,2021-06-17T10:11:07Z,11.916,1,Metinic
18125,2021-06-17T10:16:07Z,11.916,10,Metinic
18126,2021-06-17T10:21:07Z,12.013,3,Metinic
18127,2021-06-17T10:26:07Z,11.916,0,Metinic
18128,2021-06-17T10:31:07Z,11.916,5,Metinic
18129,2021-06-17T10:36:07Z,11.916,0,Metinic
18130,2021-06-17T10:41:07Z,11.916,10,Metinic
18131,2021-06-17T10:46:07Z,11.916,98,Metinic
18132,2021-06-17T10:51:07Z,12.013,56,Metinic
18133,2021-06-17T10:56:07Z,12.013,37,Metinic
18134,2021-06-17T11:01:07Z,12.013,4,Metinic
18135,2021-06-17T11:06:07Z,12.013,5,Metinic
18136,2021-06-17T11:11:07Z,12.013,66,Metinic
18137,2021-06-17T11:16:07Z,12.013,25,Metinic
18138,2021-06-17T11:21:07Z,12.013,40,Metinic
18139,2021-06-17T11:26:07Z,12.013,40,Metinic
18140,2021-06-17T11:31:07Z,12.013,192,Metinic
18141,2021-06-17T11:36:07Z,12.013,9,Metinic
18142,2021-06-17T11:41:07Z,11.916,128,Metinic
18143,2021-06-17T11:46:07Z,11.916,38,Metinic
18144,2021-06-17T11:51:07Z,11.819,78,Metinic
18145,2021-06-17T11:56:07Z,11.819,432,Metinic
18146,2021-06-17T12:01:07Z,11.819,3,Metinic
18147,2021-06-17T12:06:07Z,11.819,104,Metinic
18148,2021-06-17T12:11:07Z,11.722,25,Metinic
18149,2021-06-17T12:16:07Z,11.722,29,Metinic
18150,2021-06-17T12:21:07Z,11.819,1,Metinic
18151,2021-06-17T12:26:07Z,11.722,79,Metinic
18152,2021-06-17T12:31:07Z,11.722,7,Metinic
18153,2021-06-17T12:36:07Z,11.722,4,Metinic
18154,2021-06-17T12:41:07Z,11.625,3,Metinic
18155,2021-06-17T12:46:07Z,11.625,480,Metinic
18156,2021-06-17T12:51:07Z,11.527999999999999,32,Metinic
18157,2021-06-17T12:56:07Z,11.527999999999999,43,Metinic
18158,2021-06-17T13:01:07Z,11.527999999999999,39,Metinic
18159,2021-06-17T13:06:07Z,11.527999999999999,800,Metinic
18160,2021-06-17T13:11:07Z,11.625,608,Metinic
18161,2021-06-17T13:16:07Z,11.722,28,Metinic
18162,2021-06-17T13:21:07Z,11.625,63,Metinic
18163,2021-06-17T13:26:07Z,11.722,192,Metinic
18164,2021-06-17T13:31:07Z,11.625,2,Metinic
18165,2021-06-17T13:36:07Z,11.527999999999999,82,Metinic
18166,2021-06-17T13:41:07Z,11.527999999999999,54,Metinic
18167,2021-06-17T13:46:07Z,11.527999999999999,576,Metinic
18168,2021-06-17T13:51:07Z,11.625,672,Metinic
18169,2021-06-17T13:56:07Z,11.527999999999999,1152,Metinic
18170,2021-06-17T14:01:07Z,11.527999999999999,184,Metinic
18171,2021-06-17T14:06:07Z,11.527999999999999,992,Metinic
18172,2021-06-17T14:11:07Z,11.527999999999999,800,Metinic
18173,2021-06-17T14:16:07Z,11.527999999999999,4,Metinic
18174,2021-06-17T14:21:07Z,11.431,32,Metinic
18175,2021-06-17T14:26:07Z,11.431,992,Metinic
18176,2021-06-17T14:31:07Z,11.235999999999999,864,Metinic
18177,2021-06-17T14:36:07Z,11.235999999999999,1216,Metinic
18178,2021-06-17T14:41:07Z,11.139,128,Metinic
18179,2021-06-17T14:46:07Z,11.139,1152,Metinic
18180,2021-06-17T14:51:07Z,11.235999999999999,1088,Metinic
18181,2021-06-17T14:56:07Z,11.139,128,Metinic
18182,2021-06-17T15:01:07Z,11.139,45,Metinic
18183,2021-06-17T15:06:07Z,11.040999999999999,1664,Metinic
18184,2021-06-17T15:11:07Z,11.139,1,Metinic
18185,2021-06-17T15:16:07Z,11.139,65,Metinic
18186,2021-06-17T15:21:07Z,11.139,102,Metinic
18187,2021-06-17T15:26:07Z,11.139,49,Metinic
18188,2021-06-17T15:31:07Z,11.139,2,Metinic
18189,2021-06-17T15:36:07Z,11.139,4,Metinic
18190,2021-06-17T15:41:07Z,11.040999999999999,4,Metinic
18191,2021-06-17T15:46:07Z,11.040999999999999,3,Metinic
18192,2021-06-17T15:51:07Z,10.943999999999999,114,Metinic
18193,2021-06-17T15:56:07Z,10.943999999999999,8,Metinic
18194,2021-06-17T16:01:07Z,10.943999999999999,95,Metinic
18195,2021-06-17T16:06:07Z,11.040999999999999,608,Metinic
18196,2021-06-17T16:11:07Z,11.139,48,Metinic
18197,2021-06-17T16:16:07Z,11.040999999999999,32,Metinic
18198,2021-06-17T16:21:07Z,11.040999999999999,5,Metinic
18199,2021-06-17T16:26:07Z,10.846,7,Metinic
18200,2021-06-17T16:31:07Z,10.943999999999999,136,Metinic
18201,2021-06-17T16:36:07Z,10.943999999999999,12,Metinic
18202,2021-06-17T16:41:07Z,10.846,84,Metinic
18203,2021-06-17T16:46:07Z,10.846,28,Metinic
18204,2021-06-17T16:51:07Z,10.846,864,Metinic
18205,2021-06-17T16:56:07Z,10.846,114,Metinic
18206,2021-06-17T17:01:07Z,10.651,9,Metinic
18207,2021-06-17T17:06:07Z,10.747999999999998,46,Metinic
18208,2021-06-17T17:11:07Z,10.747999999999998,22,Metinic
18209,2021-06-17T17:16:07Z,10.747999999999998,98,Metinic
18210,2021-06-17T17:21:07Z,10.747999999999998,8,Metinic
18211,2021-06-17T17:26:07Z,10.651,19,Metinic
18212,2021-06-17T17:31:07Z,10.651,123,Metinic
18213,2021-06-17T17:36:07Z,10.747999999999998,3,Metinic
18214,2021-06-17T17:41:07Z,10.651,1,Metinic
18215,2021-06-17T17:46:07Z,10.651,57,Metinic
18216,2021-06-17T17:51:07Z,10.553,13,Metinic
18217,2021-06-17T17:56:07Z,10.553,69,Metinic
18218,2021-06-17T18:01:07Z,10.651,28,Metinic
18219,2021-06-17T18:06:07Z,10.553,27,Metinic
18220,2021-06-17T18:11:07Z,10.553,25,Metinic
18221,2021-06-17T18:16:07Z,10.651,13,Metinic
18222,2021-06-17T18:21:07Z,10.747999999999998,480,Metinic
18223,2021-06-17T18:26:07Z,10.747999999999998,11,Metinic
18224,2021-06-17T18:31:07Z,10.747999999999998,8,Metinic
18225,2021-06-17T18:36:07Z,10.747999999999998,576,Metinic
18226,2021-06-17T18:41:07Z,10.846,13,Metinic
18227,2021-06-17T18:46:07Z,11.235999999999999,208,Metinic
18228,2021-06-17T18:51:07Z,11.527999999999999,32,Metinic
18229,2021-06-17T18:56:07Z,11.819,40,Metinic
18230,2021-06-17T19:01:07Z,11.819,9,Metinic
18231,2021-06-17T19:06:07Z,11.819,17,Metinic
18232,2021-06-17T19:11:07Z,11.625,59,Metinic
18233,2021-06-17T19:16:07Z,11.625,15,Metinic
18234,2021-06-17T19:21:07Z,11.722,10,Metinic
18235,2021-06-17T19:26:07Z,11.334,120,Metinic
18236,2021-06-17T19:31:07Z,11.040999999999999,55,Metinic
18237,2021-06-17T19:36:07Z,10.651,72,Metinic
18238,2021-06-17T19:41:07Z,10.553,6,Metinic
18239,2021-06-17T19:46:07Z,10.846,6,Metinic
18240,2021-06-17T19:51:07Z,11.431,11,Metinic
18241,2021-06-17T19:56:07Z,11.625,136,Metinic
18242,2021-06-17T20:01:07Z,11.527999999999999,23,Metinic
18243,2021-06-17T20:06:07Z,11.527999999999999,14,Metinic
18244,2021-06-17T20:11:07Z,11.625,200,Metinic
18245,2021-06-17T20:16:07Z,11.722,33,Metinic
18246,2021-06-17T20:21:07Z,11.722,55,Metinic
18247,2021-06-17T20:26:07Z,11.819,51,Metinic
18248,2021-06-17T20:31:07Z,11.625,41,Metinic
18249,2021-06-17T20:36:07Z,11.722,20,Metinic
18250,2021-06-17T20:41:07Z,11.722,7,Metinic
18251,2021-06-17T20:46:07Z,11.722,3,Metinic
18252,2021-06-17T20:51:07Z,11.722,29,Metinic
18253,2021-06-17T20:56:07Z,11.722,32,Metinic
18254,2021-06-17T21:01:07Z,11.625,0,Metinic
18255,2021-06-17T21:06:07Z,11.625,15,Metinic
18256,2021-06-17T21:11:07Z,11.625,5,Metinic
18257,2021-06-17T21:16:07Z,11.527999999999999,27,Metinic
18258,2021-06-17T21:21:07Z,11.431,113,Metinic
18259,2021-06-17T21:26:07Z,11.431,0,Metinic
18260,2021-06-17T21:31:07Z,11.334,44,Metinic
18261,2021-06-17T21:36:07Z,11.334,47,Metinic
18262,2021-06-17T21:41:07Z,11.334,5,Metinic
18263,2021-06-17T21:46:07Z,11.334,2,Metinic
18264,2021-06-17T21:51:07Z,11.334,0,Metinic
18265,2021-06-17T21:56:07Z,11.431,16,Metinic
18266,2021-06-17T22:01:07Z,11.527999999999999,0,Metinic
18267,2021-06-17T22:06:07Z,11.527999999999999,0,Metinic
18268,2021-06-17T22:11:07Z,11.625,2,Metinic
18269,2021-06-17T22:16:07Z,11.625,12,Metinic
18270,2021-06-17T22:21:07Z,11.625,34,Metinic
18271,2021-06-17T22:26:07Z,11.625,0,Metinic
18272,2021-06-17T22:31:07Z,11.722,2,Metinic
18273,2021-06-17T22:36:07Z,11.625,3,Metinic
18274,2021-06-17T22:41:07Z,11.625,0,Metinic
18275,2021-06-17T22:46:07Z,11.625,7,Metinic
18276,2021-06-17T22:51:07Z,11.625,0,Metinic
18277,2021-06-17T22:56:07Z,11.625,27,Metinic
18278,2021-06-17T23:01:07Z,11.625,13,Metinic
18279,2021-06-17T23:06:07Z,11.625,2,Metinic
18280,2021-06-17T23:11:07Z,11.625,17,Metinic
18281,2021-06-17T23:16:07Z,11.625,2,Metinic
18282,2021-06-17T23:21:07Z,11.625,3,Metinic
18283,2021-06-17T23:26:07Z,11.625,9,Metinic
18284,2021-06-17T23:31:07Z,11.625,0,Metinic
18285,2021-06-17T23:36:07Z,11.625,0,Metinic
18286,2021-06-17T23:41:07Z,11.625,1,Metinic
18287,2021-06-17T23:46:07Z,11.625,13,Metinic
18288,2021-06-17T23:51:07Z,11.625,0,Metinic
18289,2021-06-17T23:56:07Z,11.625,4,Metinic
18290,2021-06-18T00:01:07Z,11.625,0,Metinic
18291,2021-06-18T00:06:07Z,11.625,6,Metinic
18292,2021-06-18T00:11:07Z,11.625,0,Metinic
18293,2021-06-18T00:16:07Z,11.527999999999999,0,Metinic
18294,2021-06-18T00:21:07Z,11.527999999999999,0,Metinic
18295,2021-06-18T00:26:07Z,11.527999999999999,0,Metinic
18296,2021-06-18T00:31:07Z,11.527999999999999,0,Metinic
18297,2021-06-18T00:36:07Z,11.527999999999999,0,Metinic
18298,2021-06-18T00:41:07Z,11.527999999999999,0,Metinic
18299,2021-06-18T00:46:07Z,11.527999999999999,0,Metinic
18300,2021-06-18T00:51:07Z,11.527999999999999,0,Metinic
18301,2021-06-18T00:56:07Z,11.527999999999999,0,Metinic
18302,2021-06-18T01:01:07Z,11.527999999999999,0,Metinic
18303,2021-06-18T01:06:07Z,11.431,0,Metinic
18304,2021-06-18T01:11:07Z,11.431,0,Metinic
18305,2021-06-18T01:16:07Z,11.235999999999999,0,Metinic
18306,2021-06-18T01:21:07Z,11.139,0,Metinic
18307,2021-06-18T01:26:07Z,11.040999999999999,0,Metinic
18308,2021-06-18T01:31:07Z,11.040999999999999,0,Metinic
18309,2021-06-18T01:36:07Z,11.040999999999999,0,Metinic
18310,2021-06-18T01:41:07Z,10.943999999999999,0,Metinic
18311,2021-06-18T01:46:07Z,10.846,0,Metinic
18312,2021-06-18T01:51:07Z,10.747999999999998,0,Metinic
18313,2021-06-18T01:56:07Z,10.651,0,Metinic
18314,2021-06-18T02:01:07Z,10.747999999999998,0,Metinic
18315,2021-06-18T02:06:07Z,10.747999999999998,0,Metinic
18316,2021-06-18T02:11:07Z,10.846,0,Metinic
18317,2021-06-18T02:16:07Z,10.846,0,Metinic
18318,2021-06-18T02:21:07Z,10.943999999999999,0,Metinic
18319,2021-06-18T02:26:07Z,10.943999999999999,0,Metinic
18320,2021-06-18T02:31:07Z,10.943999999999999,0,Metinic
18321,2021-06-18T02:36:07Z,10.943999999999999,0,Metinic
18322,2021-06-18T02:41:07Z,10.747999999999998,0,Metinic
18323,2021-06-18T02:46:07Z,10.747999999999998,0,Metinic
18324,2021-06-18T02:51:07Z,10.846,0,Metinic
18325,2021-06-18T02:56:07Z,10.747999999999998,0,Metinic
18326,2021-06-18T03:01:07Z,10.747999999999998,0,Metinic
18327,2021-06-18T03:06:07Z,10.747999999999998,0,Metinic
18328,2021-06-18T03:11:07Z,10.651,0,Metinic
18329,2021-06-18T03:16:07Z,10.651,0,Metinic
18330,2021-06-18T03:21:07Z,10.747999999999998,0,Metinic
18331,2021-06-18T03:26:07Z,10.747999999999998,0,Metinic
18332,2021-06-18T03:31:07Z,10.846,0,Metinic
18333,2021-06-18T03:36:07Z,10.846,0,Metinic
18334,2021-06-18T03:41:07Z,10.846,0,Metinic
18335,2021-06-18T03:46:07Z,10.943999999999999,0,Metinic
18336,2021-06-18T03:51:07Z,10.943999999999999,0,Metinic
18337,2021-06-18T03:56:07Z,10.943999999999999,0,Metinic
18338,2021-06-18T04:01:07Z,10.943999999999999,0,Metinic
18339,2021-06-18T04:06:07Z,10.943999999999999,0,Metinic
18340,2021-06-18T04:11:07Z,10.943999999999999,0,Metinic
18341,2021-06-18T04:16:07Z,10.943999999999999,0,Metinic
18342,2021-06-18T04:21:07Z,10.943999999999999,0,Metinic
18343,2021-06-18T04:26:07Z,10.943999999999999,0,Metinic
18344,2021-06-18T04:31:07Z,10.943999999999999,0,Metinic
18345,2021-06-18T04:36:07Z,10.943999999999999,0,Metinic
18346,2021-06-18T04:41:07Z,10.943999999999999,0,Metinic
18347,2021-06-18T04:46:07Z,10.943999999999999,0,Metinic
18348,2021-06-18T04:51:07Z,10.846,0,Metinic
18349,2021-06-18T04:56:07Z,10.846,0,Metinic
18350,2021-06-18T05:01:07Z,10.846,0,Metinic
18351,2021-06-18T05:06:07Z,10.846,0,Metinic
18352,2021-06-18T05:11:07Z,10.747999999999998,0,Metinic
18353,2021-06-18T05:16:07Z,10.651,0,Metinic
18354,2021-06-18T05:21:07Z,10.455000000000002,0,Metinic
18355,2021-06-18T05:26:07Z,10.259,0,Metinic
18356,2021-06-18T05:31:07Z,10.161,0,Metinic
18357,2021-06-18T05:36:07Z,10.063,0,Metinic
18358,2021-06-18T05:41:07Z,9.965000000000002,0,Metinic
18359,2021-06-18T05:46:07Z,9.866000000000001,0,Metinic
18360,2021-06-18T05:51:07Z,9.866000000000001,0,Metinic
18361,2021-06-18T05:56:07Z,9.866000000000001,0,Metinic
18362,2021-06-18T06:01:07Z,9.866000000000001,0,Metinic
18363,2021-06-18T06:06:07Z,9.866000000000001,0,Metinic
18364,2021-06-18T06:11:07Z,9.866000000000001,0,Metinic
18365,2021-06-18T06:16:07Z,9.866000000000001,0,Metinic
18366,2021-06-18T06:21:07Z,9.965000000000002,0,Metinic
18367,2021-06-18T06:26:07Z,9.965000000000002,0,Metinic
18368,2021-06-18T06:31:07Z,9.866000000000001,0,Metinic
18369,2021-06-18T06:36:07Z,9.866000000000001,0,Metinic
18370,2021-06-18T06:41:07Z,9.767999999999999,0,Metinic
18371,2021-06-18T06:46:07Z,9.767999999999999,0,Metinic
18372,2021-06-18T06:51:07Z,9.767999999999999,0,Metinic
18373,2021-06-18T06:56:07Z,9.767999999999999,0,Metinic
18374,2021-06-18T07:01:07Z,9.669,0,Metinic
18375,2021-06-18T07:06:07Z,9.669,0,Metinic
18376,2021-06-18T07:11:07Z,9.669,0,Metinic
18377,2021-06-18T07:16:07Z,9.669,0,Metinic
18378,2021-06-18T07:21:07Z,9.669,0,Metinic
18379,2021-06-18T07:26:07Z,9.669,0,Metinic
18380,2021-06-18T07:31:07Z,9.767999999999999,0,Metinic
18381,2021-06-18T07:36:07Z,9.669,0,Metinic
18382,2021-06-18T07:41:07Z,9.767999999999999,0,Metinic
18383,2021-06-18T07:46:07Z,9.767999999999999,0,Metinic
18384,2021-06-18T07:51:07Z,9.767999999999999,0,Metinic
18385,2021-06-18T07:56:07Z,9.866000000000001,0,Metinic
18386,2021-06-18T08:01:07Z,10.063,0,Metinic
18387,2021-06-18T08:06:07Z,10.063,0,Metinic
18388,2021-06-18T08:11:07Z,10.161,0,Metinic
18389,2021-06-18T08:16:07Z,10.259,0,Metinic
18390,2021-06-18T08:21:07Z,10.259,0,Metinic
18391,2021-06-18T08:26:07Z,10.357000000000001,0,Metinic
18392,2021-06-18T08:31:07Z,10.455000000000002,0,Metinic
18393,2021-06-18T08:36:07Z,10.553,0,Metinic
18394,2021-06-18T08:41:07Z,10.651,0,Metinic
18395,2021-06-18T08:46:07Z,10.747999999999998,0,Metinic
18396,2021-06-18T08:51:07Z,10.846,0,Metinic
18397,2021-06-18T08:56:07Z,10.943999999999999,0,Metinic
18398,2021-06-18T09:01:07Z,11.040999999999999,0,Metinic
18399,2021-06-18T09:06:07Z,11.040999999999999,0,Metinic
18400,2021-06-18T09:11:07Z,11.040999999999999,0,Metinic
18401,2021-06-18T09:16:07Z,11.139,0,Metinic
18402,2021-06-18T09:21:07Z,11.139,12,Metinic
18403,2021-06-18T09:26:07Z,11.235999999999999,0,Metinic
18404,2021-06-18T09:31:07Z,11.235999999999999,1,Metinic
18405,2021-06-18T09:36:07Z,11.334,1,Metinic
18406,2021-06-18T09:41:07Z,11.334,1,Metinic
18407,2021-06-18T09:46:07Z,11.431,0,Metinic
18408,2021-06-18T09:51:07Z,11.431,4,Metinic
18409,2021-06-18T09:56:07Z,11.431,0,Metinic
18410,2021-06-18T10:01:07Z,11.527999999999999,2,Metinic
18411,2021-06-18T10:06:07Z,11.527999999999999,0,Metinic
18412,2021-06-18T10:11:07Z,11.625,4,Metinic
18413,2021-06-18T10:16:07Z,11.625,11,Metinic
18414,2021-06-18T10:21:07Z,11.722,0,Metinic
18415,2021-06-18T10:26:07Z,11.722,0,Metinic
18416,2021-06-18T10:31:07Z,11.722,0,Metinic
18417,2021-06-18T10:36:07Z,11.722,15,Metinic
18418,2021-06-18T10:41:07Z,11.819,1,Metinic
18419,2021-06-18T10:46:07Z,11.819,0,Metinic
18420,2021-06-18T10:51:07Z,11.819,2,Metinic
18421,2021-06-18T10:56:07Z,11.819,17,Metinic
18422,2021-06-18T11:01:07Z,11.819,42,Metinic
18423,2021-06-18T11:06:07Z,11.819,2,Metinic
18424,2021-06-18T11:11:07Z,11.916,6,Metinic
18425,2021-06-18T11:16:07Z,11.916,160,Metinic
18426,2021-06-18T11:21:07Z,11.916,2,Metinic
18427,2021-06-18T11:26:07Z,11.916,1,Metinic
18428,2021-06-18T11:31:07Z,11.916,10,Metinic
18429,2021-06-18T11:36:07Z,11.916,4,Metinic
18430,2021-06-18T11:41:07Z,11.916,136,Metinic
18431,2021-06-18T11:46:07Z,11.916,25,Metinic
18432,2021-06-18T11:51:07Z,11.916,64,Metinic
18433,2021-06-18T11:56:07Z,11.916,1,Metinic
18434,2021-06-18T12:01:07Z,12.013,3,Metinic
18435,2021-06-18T12:06:07Z,12.013,2,Metinic
18436,2021-06-18T12:11:07Z,12.013,80,Metinic
18437,2021-06-18T12:16:07Z,12.013,17,Metinic
18438,2021-06-18T12:21:07Z,12.013,30,Metinic
18439,2021-06-18T12:26:07Z,12.11,6,Metinic
18440,2021-06-18T12:31:07Z,12.11,1,Metinic
18441,2021-06-18T12:36:07Z,12.11,3,Metinic
18442,2021-06-18T12:41:07Z,12.11,12,Metinic
18443,2021-06-18T12:46:07Z,12.11,10,Metinic
18444,2021-06-18T12:51:07Z,12.11,416,Metinic
18445,2021-06-18T12:56:07Z,12.11,2,Metinic
18446,2021-06-18T13:01:07Z,12.11,30,Metinic
18447,2021-06-18T13:06:07Z,12.11,58,Metinic
18448,2021-06-18T13:11:07Z,12.11,22,Metinic
18449,2021-06-18T13:16:07Z,12.304,28,Metinic
18450,2021-06-18T13:21:07Z,12.206999999999999,49,Metinic
18451,2021-06-18T13:26:07Z,12.206999999999999,9,Metinic
18452,2021-06-18T13:31:07Z,12.304,46,Metinic
18453,2021-06-18T13:36:07Z,12.304,864,Metinic
18454,2021-06-18T13:41:07Z,12.206999999999999,9,Metinic
18455,2021-06-18T13:46:07Z,12.206999999999999,4,Metinic
18456,2021-06-18T13:51:07Z,12.206999999999999,14,Metinic
18457,2021-06-18T13:56:07Z,12.304,79,Metinic
18458,2021-06-18T14:01:07Z,12.304,15,Metinic
18459,2021-06-18T14:06:07Z,12.304,3,Metinic
18460,2021-06-18T14:11:07Z,12.304,896,Metinic
18461,2021-06-18T14:16:07Z,12.304,69,Metinic
18462,2021-06-18T14:21:07Z,12.304,82,Metinic
18463,2021-06-18T14:26:07Z,12.401,27,Metinic
18464,2021-06-18T14:31:07Z,12.401,28,Metinic
18465,2021-06-18T14:36:07Z,12.304,46,Metinic
18466,2021-06-18T14:41:07Z,12.401,320,Metinic
18467,2021-06-18T14:46:07Z,12.401,416,Metinic
18468,2021-06-18T14:51:07Z,12.401,54,Metinic
18469,2021-06-18T14:56:07Z,12.401,1664,Metinic
18470,2021-06-18T15:01:07Z,12.304,13,Metinic
18471,2021-06-18T15:06:07Z,12.401,27,Metinic
18472,2021-06-18T15:11:07Z,12.401,125,Metinic
18473,2021-06-18T15:16:07Z,12.594,14,Metinic
18474,2021-06-18T15:21:07Z,12.401,960,Metinic
18475,2021-06-18T15:26:07Z,12.401,5,Metinic
18476,2021-06-18T15:31:07Z,12.497,47,Metinic
18477,2021-06-18T15:36:07Z,12.401,46,Metinic
18478,2021-06-18T15:41:07Z,12.304,123,Metinic
18479,2021-06-18T15:46:07Z,12.497,36,Metinic
18480,2021-06-18T15:51:07Z,12.206999999999999,10,Metinic
18481,2021-06-18T15:56:07Z,12.11,1792,Metinic
18482,2021-06-18T16:01:07Z,12.206999999999999,76,Metinic
18483,2021-06-18T16:06:07Z,12.11,77,Metinic
18484,2021-06-18T16:11:07Z,11.819,33,Metinic
18485,2021-06-18T16:16:07Z,11.916,12,Metinic
18486,2021-06-18T16:21:07Z,11.916,11,Metinic
18487,2021-06-18T16:26:07Z,11.819,168,Metinic
18488,2021-06-18T16:31:07Z,11.334,1472,Metinic
18489,2021-06-18T16:36:07Z,11.334,160,Metinic
18490,2021-06-18T16:41:07Z,11.235999999999999,11,Metinic
18491,2021-06-18T16:46:07Z,11.235999999999999,12,Metinic
18492,2021-06-18T16:51:07Z,11.139,17,Metinic
18493,2021-06-18T16:56:07Z,11.139,5,Metinic
18494,2021-06-18T17:01:07Z,10.943999999999999,24,Metinic
18495,2021-06-18T17:06:07Z,11.040999999999999,4,Metinic
18496,2021-06-18T17:11:07Z,10.846,72,Metinic
18497,2021-06-18T17:16:07Z,10.747999999999998,110,Metinic
18498,2021-06-18T17:21:07Z,10.846,118,Metinic
18499,2021-06-18T17:26:07Z,10.846,3,Metinic
18500,2021-06-18T17:31:07Z,10.747999999999998,23,Metinic
18501,2021-06-18T17:36:07Z,10.747999999999998,128,Metinic
18502,2021-06-18T17:41:07Z,10.553,288,Metinic
18503,2021-06-18T17:46:07Z,10.553,8,Metinic
18504,2021-06-18T17:51:07Z,10.651,86,Metinic
18505,2021-06-18T17:56:07Z,10.455000000000002,51,Metinic
18506,2021-06-18T18:01:07Z,10.455000000000002,136,Metinic
18507,2021-06-18T18:06:07Z,10.357000000000001,94,Metinic
18508,2021-06-18T18:11:07Z,10.455000000000002,30,Metinic
18509,2021-06-18T18:16:07Z,10.455000000000002,6,Metinic
18510,2021-06-18T18:21:07Z,10.259,22,Metinic
18511,2021-06-18T18:26:07Z,10.357000000000001,22,Metinic
18512,2021-06-18T18:31:07Z,10.259,55,Metinic
18513,2021-06-18T18:36:07Z,10.357000000000001,2,Metinic
18514,2021-06-18T18:41:07Z,10.259,15,Metinic
18515,2021-06-18T18:46:07Z,10.357000000000001,352,Metinic
18516,2021-06-18T18:51:07Z,10.357000000000001,6,Metinic
18517,2021-06-18T18:56:07Z,10.455000000000002,38,Metinic
18518,2021-06-18T19:01:07Z,10.357000000000001,37,Metinic
18519,2021-06-18T19:06:07Z,10.357000000000001,10,Metinic
18520,2021-06-18T19:11:07Z,10.455000000000002,38,Metinic
18521,2021-06-18T19:16:07Z,10.357000000000001,29,Metinic
18522,2021-06-18T19:21:07Z,10.357000000000001,42,Metinic
18523,2021-06-18T19:26:07Z,10.357000000000001,25,Metinic
18524,2021-06-18T19:31:07Z,10.455000000000002,7,Metinic
18525,2021-06-18T19:36:07Z,10.455000000000002,26,Metinic
18526,2021-06-18T19:41:07Z,10.553,24,Metinic
18527,2021-06-18T19:46:07Z,10.651,23,Metinic
18528,2021-06-18T19:51:07Z,11.139,74,Metinic
18529,2021-06-18T19:56:07Z,11.625,16,Metinic
18530,2021-06-18T20:01:07Z,11.916,41,Metinic
18531,2021-06-18T20:06:07Z,11.916,20,Metinic
18532,2021-06-18T20:11:07Z,12.013,12,Metinic
18533,2021-06-18T20:16:07Z,12.206999999999999,24,Metinic
18534,2021-06-18T20:21:07Z,12.594,13,Metinic
18535,2021-06-18T20:26:07Z,12.401,10,Metinic
18536,2021-06-18T20:31:07Z,12.594,3,Metinic
18537,2021-06-18T20:36:07Z,12.69,40,Metinic
18538,2021-06-18T20:41:07Z,12.883000000000001,61,Metinic
18539,2021-06-18T20:46:07Z,12.69,4,Metinic
18540,2021-06-18T20:51:07Z,12.69,7,Metinic
18541,2021-06-18T20:56:07Z,12.594,33,Metinic
18542,2021-06-18T21:01:07Z,12.69,33,Metinic
18543,2021-06-18T21:06:07Z,12.786999999999999,11,Metinic
18544,2021-06-18T21:11:07Z,12.883000000000001,52,Metinic
18545,2021-06-18T21:16:07Z,13.076,13,Metinic
18546,2021-06-18T21:21:07Z,12.883000000000001,11,Metinic
18547,2021-06-18T21:26:07Z,12.883000000000001,14,Metinic
18548,2021-06-18T21:31:07Z,12.98,0,Metinic
18549,2021-06-18T21:36:07Z,12.98,0,Metinic
18550,2021-06-18T21:41:07Z,12.98,7,Metinic
18551,2021-06-18T21:46:07Z,12.883000000000001,1,Metinic
18552,2021-06-18T21:51:07Z,12.786999999999999,2,Metinic
18553,2021-06-18T21:56:07Z,12.497,10,Metinic
18554,2021-06-18T22:01:07Z,12.401,0,Metinic
18555,2021-06-18T22:06:07Z,12.594,1,Metinic
18556,2021-06-18T22:11:07Z,12.786999999999999,15,Metinic
18557,2021-06-18T22:16:07Z,12.69,8,Metinic
18558,2021-06-18T22:21:07Z,12.69,5,Metinic
18559,2021-06-18T22:26:07Z,12.786999999999999,0,Metinic
18560,2021-06-18T22:31:07Z,12.883000000000001,48,Metinic
18561,2021-06-18T22:36:07Z,12.98,2,Metinic
18562,2021-06-18T22:41:07Z,13.076,6,Metinic
18563,2021-06-18T22:46:07Z,12.98,0,Metinic
18564,2021-06-18T22:51:07Z,12.98,1,Metinic
18565,2021-06-18T22:56:07Z,12.98,0,Metinic
18566,2021-06-18T23:01:07Z,12.98,0,Metinic
18567,2021-06-18T23:06:07Z,12.883000000000001,0,Metinic
18568,2021-06-18T23:11:07Z,12.883000000000001,0,Metinic
18569,2021-06-18T23:16:07Z,12.883000000000001,6,Metinic
18570,2021-06-18T23:21:07Z,12.883000000000001,2,Metinic
18571,2021-06-18T23:26:07Z,12.883000000000001,1,Metinic
18572,2021-06-18T23:31:07Z,12.69,0,Metinic
18573,2021-06-18T23:36:07Z,12.594,0,Metinic
18574,2021-06-18T23:41:07Z,12.497,1,Metinic
18575,2021-06-18T23:46:07Z,12.497,2,Metinic
18576,2021-06-18T23:51:07Z,12.401,2,Metinic
18577,2021-06-18T23:56:07Z,12.304,0,Metinic
18578,2021-06-19T00:01:07Z,12.304,0,Metinic
18579,2021-06-19T00:06:07Z,12.304,0,Metinic
18580,2021-06-19T00:11:07Z,12.304,0,Metinic
18581,2021-06-19T00:16:07Z,12.206999999999999,0,Metinic
18582,2021-06-19T00:21:07Z,12.11,0,Metinic
18583,2021-06-19T00:26:07Z,12.11,0,Metinic
18584,2021-06-19T00:31:07Z,12.11,0,Metinic
18585,2021-06-19T00:36:07Z,12.11,0,Metinic
18586,2021-06-19T00:41:07Z,12.11,0,Metinic
18587,2021-06-19T00:46:07Z,12.11,0,Metinic
18588,2021-06-19T00:51:07Z,12.11,0,Metinic
18589,2021-06-19T00:56:07Z,12.013,0,Metinic
18590,2021-06-19T01:01:07Z,12.013,0,Metinic
18591,2021-06-19T01:06:07Z,11.916,0,Metinic
18592,2021-06-19T01:11:07Z,11.916,0,Metinic
18593,2021-06-19T01:16:07Z,11.819,0,Metinic
18594,2021-06-19T01:21:07Z,11.722,0,Metinic
18595,2021-06-19T01:26:07Z,11.527999999999999,0,Metinic
18596,2021-06-19T01:31:07Z,11.527999999999999,0,Metinic
18597,2021-06-19T01:36:07Z,11.431,0,Metinic
18598,2021-06-19T01:41:07Z,11.431,0,Metinic
18599,2021-06-19T01:46:07Z,11.431,0,Metinic
18600,2021-06-19T01:51:07Z,11.334,0,Metinic
18601,2021-06-19T01:56:07Z,11.334,0,Metinic
18602,2021-06-19T02:01:07Z,11.235999999999999,0,Metinic
18603,2021-06-19T02:06:07Z,11.235999999999999,0,Metinic
18604,2021-06-19T02:11:07Z,11.235999999999999,0,Metinic
18605,2021-06-19T02:16:07Z,11.235999999999999,0,Metinic
18606,2021-06-19T02:21:07Z,11.235999999999999,0,Metinic
18607,2021-06-19T02:26:07Z,11.235999999999999,0,Metinic
18608,2021-06-19T02:31:07Z,11.235999999999999,0,Metinic
18609,2021-06-19T02:36:07Z,11.235999999999999,0,Metinic
18610,2021-06-19T02:41:07Z,11.235999999999999,0,Metinic
18611,2021-06-19T02:46:07Z,11.431,0,Metinic
18612,2021-06-19T02:51:07Z,11.527999999999999,0,Metinic
18613,2021-06-19T02:56:07Z,11.819,0,Metinic
18614,2021-06-19T03:01:07Z,11.819,0,Metinic
18615,2021-06-19T03:06:07Z,11.916,0,Metinic
18616,2021-06-19T03:11:07Z,11.916,0,Metinic
18617,2021-06-19T03:16:07Z,11.819,0,Metinic
18618,2021-06-19T03:21:07Z,11.916,0,Metinic
18619,2021-06-19T03:26:07Z,11.819,0,Metinic
18620,2021-06-19T03:31:07Z,11.722,0,Metinic
18621,2021-06-19T03:36:07Z,11.625,0,Metinic
18622,2021-06-19T03:41:07Z,11.722,0,Metinic
18623,2021-06-19T03:46:07Z,11.819,0,Metinic
18624,2021-06-19T03:51:07Z,11.819,0,Metinic
18625,2021-06-19T03:56:07Z,11.819,0,Metinic
18626,2021-06-19T04:01:07Z,11.916,0,Metinic
18627,2021-06-19T04:06:07Z,11.916,0,Metinic
18628,2021-06-19T04:11:07Z,11.916,0,Metinic
18629,2021-06-19T04:16:07Z,11.916,0,Metinic
18630,2021-06-19T04:21:07Z,11.819,0,Metinic
18631,2021-06-19T04:26:07Z,11.722,0,Metinic
18632,2021-06-19T04:31:07Z,11.722,0,Metinic
18633,2021-06-19T04:36:07Z,11.625,0,Metinic
18634,2021-06-19T04:41:07Z,11.625,0,Metinic
18635,2021-06-19T04:46:07Z,11.625,0,Metinic
18636,2021-06-19T04:51:07Z,11.625,0,Metinic
18637,2021-06-19T04:56:07Z,11.527999999999999,0,Metinic
18638,2021-06-19T05:01:07Z,11.625,0,Metinic
18639,2021-06-19T05:06:07Z,11.722,0,Metinic
18640,2021-06-19T05:11:07Z,11.722,0,Metinic
18641,2021-06-19T05:16:07Z,11.819,0,Metinic
18642,2021-06-19T05:21:07Z,11.819,0,Metinic
18643,2021-06-19T05:26:07Z,11.819,0,Metinic
18644,2021-06-19T05:31:07Z,11.819,0,Metinic
18645,2021-06-19T05:36:07Z,11.819,0,Metinic
18646,2021-06-19T05:41:07Z,11.916,0,Metinic
18647,2021-06-19T05:46:07Z,11.916,0,Metinic
18648,2021-06-19T05:51:07Z,11.819,0,Metinic
18649,2021-06-19T05:56:07Z,11.819,0,Metinic
18650,2021-06-19T06:01:07Z,11.722,0,Metinic
18651,2021-06-19T06:06:07Z,11.722,0,Metinic
18652,2021-06-19T06:11:07Z,11.625,0,Metinic
18653,2021-06-19T06:16:07Z,11.139,0,Metinic
18654,2021-06-19T06:21:07Z,10.651,0,Metinic
18655,2021-06-19T06:26:07Z,10.553,0,Metinic
18656,2021-06-19T06:31:07Z,10.553,0,Metinic
18657,2021-06-19T06:36:07Z,10.553,0,Metinic
18658,2021-06-19T06:41:07Z,10.651,0,Metinic
18659,2021-06-19T06:46:07Z,10.651,0,Metinic
18660,2021-06-19T06:51:07Z,10.651,0,Metinic
18661,2021-06-19T06:56:07Z,10.651,0,Metinic
18662,2021-06-19T07:01:07Z,10.651,0,Metinic
18663,2021-06-19T07:06:07Z,10.651,0,Metinic
18664,2021-06-19T07:11:07Z,10.651,0,Metinic
18665,2021-06-19T07:16:07Z,10.651,0,Metinic
18666,2021-06-19T07:21:07Z,10.651,0,Metinic
18667,2021-06-19T07:26:07Z,10.747999999999998,0,Metinic
18668,2021-06-19T07:31:07Z,10.747999999999998,0,Metinic
18669,2021-06-19T07:36:07Z,10.747999999999998,0,Metinic
18670,2021-06-19T07:41:07Z,10.846,0,Metinic
18671,2021-06-19T07:46:07Z,10.846,0,Metinic
18672,2021-06-19T07:51:07Z,10.747999999999998,0,Metinic
18673,2021-06-19T07:56:07Z,10.651,0,Metinic
18674,2021-06-19T08:01:07Z,10.747999999999998,0,Metinic
18675,2021-06-19T08:06:07Z,10.943999999999999,0,Metinic
18676,2021-06-19T08:11:07Z,11.139,0,Metinic
18677,2021-06-19T08:16:07Z,11.139,0,Metinic
18678,2021-06-19T08:21:07Z,10.846,0,Metinic
18679,2021-06-19T08:26:07Z,10.747999999999998,0,Metinic
18680,2021-06-19T08:31:07Z,10.651,0,Metinic
18681,2021-06-19T08:36:07Z,10.553,0,Metinic
18682,2021-06-19T08:41:07Z,10.553,0,Metinic
18683,2021-06-19T08:46:07Z,10.455000000000002,0,Metinic
18684,2021-06-19T08:51:07Z,10.455000000000002,0,Metinic
18685,2021-06-19T08:56:07Z,10.455000000000002,0,Metinic
18686,2021-06-19T09:01:07Z,10.455000000000002,0,Metinic
18687,2021-06-19T09:06:07Z,10.455000000000002,0,Metinic
18688,2021-06-19T09:11:07Z,10.357000000000001,0,Metinic
18689,2021-06-19T09:16:07Z,10.357000000000001,0,Metinic
18690,2021-06-19T09:21:07Z,10.357000000000001,0,Metinic
18691,2021-06-19T09:26:07Z,10.259,0,Metinic
18692,2021-06-19T09:31:07Z,10.259,0,Metinic
18693,2021-06-19T09:36:07Z,10.259,0,Metinic
18694,2021-06-19T09:41:07Z,10.259,0,Metinic
18695,2021-06-19T09:46:07Z,10.161,0,Metinic
18696,2021-06-19T09:51:07Z,10.063,0,Metinic
18697,2021-06-19T09:56:07Z,10.063,0,Metinic
18698,2021-06-19T10:01:07Z,10.161,12,Metinic
18699,2021-06-19T10:06:07Z,10.259,0,Metinic
18700,2021-06-19T10:11:07Z,10.259,8,Metinic
18701,2021-06-19T10:16:07Z,10.259,1,Metinic
18702,2021-06-19T10:21:07Z,10.357000000000001,4,Metinic
18703,2021-06-19T10:26:07Z,10.455000000000002,1,Metinic
18704,2021-06-19T10:31:07Z,10.553,12,Metinic
18705,2021-06-19T10:36:07Z,10.651,1,Metinic
18706,2021-06-19T10:41:07Z,10.747999999999998,1,Metinic
18707,2021-06-19T10:46:07Z,10.747999999999998,2,Metinic
18708,2021-06-19T10:51:07Z,10.846,15,Metinic
18709,2021-06-19T10:56:07Z,10.943999999999999,9,Metinic
18710,2021-06-19T11:01:07Z,10.943999999999999,1,Metinic
18711,2021-06-19T11:06:07Z,11.040999999999999,5,Metinic
18712,2021-06-19T11:11:07Z,11.139,6,Metinic
18713,2021-06-19T11:16:07Z,11.139,2,Metinic
18714,2021-06-19T11:21:07Z,11.235999999999999,11,Metinic
18715,2021-06-19T11:26:07Z,11.235999999999999,7,Metinic
18716,2021-06-19T11:31:07Z,11.235999999999999,4,Metinic
18717,2021-06-19T11:36:07Z,11.235999999999999,0,Metinic
18718,2021-06-19T11:41:07Z,11.235999999999999,26,Metinic
18719,2021-06-19T11:46:07Z,11.235999999999999,3,Metinic
18720,2021-06-19T11:51:07Z,11.334,8,Metinic
18721,2021-06-19T11:56:07Z,11.334,1,Metinic
18722,2021-06-19T12:01:07Z,11.334,0,Metinic
18723,2021-06-19T12:06:07Z,11.334,4,Metinic
18724,2021-06-19T12:11:07Z,11.431,0,Metinic
18725,2021-06-19T12:16:07Z,11.527999999999999,6,Metinic
18726,2021-06-19T12:21:07Z,11.527999999999999,10,Metinic
18727,2021-06-19T12:26:07Z,11.527999999999999,0,Metinic
18728,2021-06-19T12:31:07Z,11.527999999999999,33,Metinic
18729,2021-06-19T12:36:07Z,11.527999999999999,8,Metinic
18730,2021-06-19T12:41:07Z,11.527999999999999,3,Metinic
18731,2021-06-19T12:46:07Z,11.527999999999999,15,Metinic
18732,2021-06-19T12:51:07Z,11.527999999999999,11,Metinic
18733,2021-06-19T12:56:07Z,11.527999999999999,1,Metinic
18734,2021-06-19T13:01:07Z,11.527999999999999,3,Metinic
18735,2021-06-19T13:06:07Z,11.625,0,Metinic
18736,2021-06-19T13:11:07Z,11.625,3,Metinic
18737,2021-06-19T13:16:07Z,11.722,2,Metinic
18738,2021-06-19T13:21:07Z,11.722,6,Metinic
18739,2021-06-19T13:26:07Z,11.722,119,Metinic
18740,2021-06-19T13:31:07Z,11.722,0,Metinic
18741,2021-06-19T13:36:07Z,11.722,5,Metinic
18742,2021-06-19T13:41:07Z,11.722,5,Metinic
18743,2021-06-19T13:46:07Z,11.722,8,Metinic
18744,2021-06-19T13:51:07Z,11.819,88,Metinic
18745,2021-06-19T13:56:07Z,11.819,2,Metinic
18746,2021-06-19T14:01:07Z,11.527999999999999,14,Metinic
18747,2021-06-19T14:06:07Z,11.139,16,Metinic
18748,2021-06-19T14:11:07Z,11.139,3,Metinic
18749,2021-06-19T14:16:07Z,11.139,46,Metinic
18750,2021-06-19T14:21:07Z,11.139,30,Metinic
18751,2021-06-19T14:26:07Z,11.040999999999999,76,Metinic
18752,2021-06-19T14:31:07Z,11.040999999999999,30,Metinic
18753,2021-06-19T14:36:07Z,11.235999999999999,59,Metinic
18754,2021-06-19T14:41:07Z,11.040999999999999,53,Metinic
18755,2021-06-19T14:46:07Z,11.040999999999999,16,Metinic
18756,2021-06-19T14:51:07Z,11.040999999999999,32,Metinic
18757,2021-06-19T14:56:07Z,10.943999999999999,7,Metinic
18758,2021-06-19T15:01:07Z,10.943999999999999,33,Metinic
18759,2021-06-19T15:06:07Z,10.846,20,Metinic
18760,2021-06-19T15:11:07Z,10.747999999999998,78,Metinic
18761,2021-06-19T15:16:07Z,10.651,512,Metinic
18762,2021-06-19T15:21:07Z,10.553,23,Metinic
18763,2021-06-19T15:26:07Z,10.747999999999998,39,Metinic
18764,2021-06-19T15:31:07Z,10.651,128,Metinic
18765,2021-06-19T15:36:07Z,10.651,480,Metinic
18766,2021-06-19T15:41:07Z,10.455000000000002,73,Metinic
18767,2021-06-19T15:46:07Z,10.455000000000002,34,Metinic
18768,2021-06-19T15:51:07Z,10.553,84,Metinic
18769,2021-06-19T15:56:07Z,10.651,79,Metinic
18770,2021-06-19T16:01:07Z,10.651,432,Metinic
18771,2021-06-19T16:06:07Z,10.747999999999998,9,Metinic
18772,2021-06-19T16:11:07Z,10.651,106,Metinic
18773,2021-06-19T16:16:07Z,10.747999999999998,10,Metinic
18774,2021-06-19T16:21:07Z,10.747999999999998,21,Metinic
18775,2021-06-19T16:26:07Z,10.747999999999998,8,Metinic
18776,2021-06-19T16:31:07Z,10.747999999999998,118,Metinic
18777,2021-06-19T16:36:07Z,10.943999999999999,12,Metinic
18778,2021-06-19T16:41:07Z,10.846,152,Metinic
18779,2021-06-19T16:46:07Z,10.846,36,Metinic
18780,2021-06-19T16:51:07Z,10.943999999999999,11,Metinic
18781,2021-06-19T16:56:07Z,11.040999999999999,55,Metinic
18782,2021-06-19T17:01:07Z,11.334,208,Metinic
18783,2021-06-19T17:06:07Z,11.040999999999999,1,Metinic
18784,2021-06-19T17:11:07Z,11.040999999999999,47,Metinic
18785,2021-06-19T17:16:07Z,11.040999999999999,320,Metinic
18786,2021-06-19T17:21:07Z,11.139,17,Metinic
18787,2021-06-19T17:26:07Z,11.139,4,Metinic
18788,2021-06-19T17:31:07Z,11.139,19,Metinic
18789,2021-06-19T17:36:07Z,11.040999999999999,44,Metinic
18790,2021-06-19T17:41:07Z,10.943999999999999,0,Metinic
18791,2021-06-19T17:46:07Z,10.846,272,Metinic
18792,2021-06-19T17:51:07Z,10.846,32,Metinic
18793,2021-06-19T17:56:07Z,10.943999999999999,24,Metinic
18794,2021-06-19T18:01:07Z,10.747999999999998,2,Metinic
18795,2021-06-19T18:06:07Z,10.846,960,Metinic
18796,2021-06-19T18:11:07Z,10.747999999999998,14,Metinic
18797,2021-06-19T18:16:07Z,10.846,59,Metinic
18798,2021-06-19T18:21:07Z,10.651,208,Metinic
18799,2021-06-19T18:26:07Z,10.651,24,Metinic
18800,2021-06-19T18:31:07Z,10.747999999999998,768,Metinic
18801,2021-06-19T18:36:07Z,10.651,53,Metinic
18802,2021-06-19T18:41:07Z,10.553,34,Metinic
18803,2021-06-19T18:46:07Z,10.455000000000002,34,Metinic
18804,2021-06-19T18:51:07Z,10.455000000000002,55,Metinic
18805,2021-06-19T18:56:07Z,10.455000000000002,42,Metinic
18806,2021-06-19T19:01:07Z,10.357000000000001,8,Metinic
18807,2021-06-19T19:06:07Z,10.357000000000001,19,Metinic
18808,2021-06-19T19:11:07Z,10.357000000000001,83,Metinic
18809,2021-06-19T19:16:07Z,10.357000000000001,90,Metinic
18810,2021-06-19T19:21:07Z,10.455000000000002,16,Metinic
18811,2021-06-19T19:26:07Z,10.357000000000001,11,Metinic
18812,2021-06-19T19:31:07Z,10.357000000000001,60,Metinic
18813,2021-06-19T19:36:07Z,10.259,51,Metinic
18814,2021-06-19T19:41:07Z,10.259,200,Metinic
18815,2021-06-19T19:46:07Z,10.357000000000001,11,Metinic
18816,2021-06-19T19:51:07Z,10.259,4,Metinic
18817,2021-06-19T19:56:07Z,10.357000000000001,25,Metinic
18818,2021-06-19T20:01:07Z,10.259,9,Metinic
18819,2021-06-19T20:06:07Z,10.259,44,Metinic
18820,2021-06-19T20:11:07Z,10.161,46,Metinic
18821,2021-06-19T20:16:07Z,10.161,23,Metinic
18822,2021-06-19T20:21:07Z,10.063,26,Metinic
18823,2021-06-19T20:26:07Z,9.965000000000002,0,Metinic
18824,2021-06-19T20:31:07Z,9.965000000000002,14,Metinic
18825,2021-06-19T20:36:07Z,9.965000000000002,4,Metinic
18826,2021-06-19T20:41:07Z,9.965000000000002,18,Metinic
18827,2021-06-19T20:46:07Z,9.965000000000002,8,Metinic
18828,2021-06-19T20:51:07Z,9.965000000000002,13,Metinic
18829,2021-06-19T20:56:07Z,9.965000000000002,117,Metinic
18830,2021-06-19T21:01:07Z,9.965000000000002,14,Metinic
18831,2021-06-19T21:06:07Z,9.965000000000002,4,Metinic
18832,2021-06-19T21:11:07Z,9.965000000000002,6,Metinic
18833,2021-06-19T21:16:07Z,10.063,9,Metinic
18834,2021-06-19T21:21:07Z,9.965000000000002,19,Metinic
18835,2021-06-19T21:26:07Z,10.063,1,Metinic
18836,2021-06-19T21:31:07Z,10.063,29,Metinic
18837,2021-06-19T21:36:07Z,10.063,15,Metinic
18838,2021-06-19T21:41:07Z,10.161,7,Metinic
18839,2021-06-19T21:46:07Z,10.259,4,Metinic
18840,2021-06-19T21:51:07Z,10.455000000000002,4,Metinic
18841,2021-06-19T21:56:07Z,10.553,2,Metinic
18842,2021-06-19T22:01:07Z,10.553,13,Metinic
18843,2021-06-19T22:06:07Z,10.651,21,Metinic
18844,2021-06-19T22:11:07Z,10.747999999999998,34,Metinic
18845,2021-06-19T22:16:07Z,10.846,6,Metinic
18846,2021-06-19T22:21:07Z,10.943999999999999,2,Metinic
18847,2021-06-19T22:26:07Z,11.040999999999999,36,Metinic
18848,2021-06-19T22:31:07Z,11.139,8,Metinic
18849,2021-06-19T22:36:07Z,11.139,0,Metinic
18850,2021-06-19T22:41:07Z,11.235999999999999,6,Metinic
18851,2021-06-19T22:46:07Z,11.334,0,Metinic
18852,2021-06-19T22:51:07Z,11.334,11,Metinic
18853,2021-06-19T22:56:07Z,11.334,3,Metinic
18854,2021-06-19T23:01:07Z,11.431,1,Metinic
18855,2021-06-19T23:06:07Z,11.431,2,Metinic
18856,2021-06-19T23:11:07Z,11.527999999999999,0,Metinic
18857,2021-06-19T23:16:07Z,11.527999999999999,0,Metinic
18858,2021-06-19T23:21:07Z,11.625,0,Metinic
18859,2021-06-19T23:26:07Z,11.625,0,Metinic
18860,2021-06-19T23:31:07Z,11.625,5,Metinic
18861,2021-06-19T23:36:07Z,11.625,0,Metinic
18862,2021-06-19T23:41:07Z,11.625,0,Metinic
18863,2021-06-19T23:46:07Z,11.527999999999999,0,Metinic
18864,2021-06-19T23:51:07Z,11.625,0,Metinic
18865,2021-06-19T23:56:07Z,11.527999999999999,0,Metinic
18866,2021-06-20T00:01:07Z,11.527999999999999,0,Metinic
18867,2021-06-20T00:06:07Z,11.527999999999999,0,Metinic
18868,2021-06-20T00:11:07Z,11.527999999999999,0,Metinic
18869,2021-06-20T00:16:07Z,11.527999999999999,0,Metinic
18870,2021-06-20T00:21:07Z,11.527999999999999,0,Metinic
18871,2021-06-20T00:26:07Z,11.527999999999999,0,Metinic
18872,2021-06-20T00:31:07Z,11.527999999999999,0,Metinic
18873,2021-06-20T00:36:07Z,11.527999999999999,0,Metinic
18874,2021-06-20T00:41:07Z,11.527999999999999,0,Metinic
18875,2021-06-20T00:46:07Z,11.527999999999999,0,Metinic
18876,2021-06-20T00:51:07Z,11.527999999999999,0,Metinic
18877,2021-06-20T00:56:07Z,11.527999999999999,0,Metinic
18878,2021-06-20T01:01:07Z,11.625,0,Metinic
18879,2021-06-20T01:06:07Z,11.625,0,Metinic
18880,2021-06-20T01:11:07Z,11.625,0,Metinic
18881,2021-06-20T01:16:07Z,11.625,0,Metinic
18882,2021-06-20T01:21:07Z,11.625,0,Metinic
18883,2021-06-20T01:26:07Z,11.625,0,Metinic
18884,2021-06-20T01:31:07Z,11.625,0,Metinic
18885,2021-06-20T01:36:07Z,11.625,0,Metinic
18886,2021-06-20T01:41:07Z,11.722,0,Metinic
18887,2021-06-20T01:46:07Z,11.625,0,Metinic
18888,2021-06-20T01:51:07Z,11.722,0,Metinic
18889,2021-06-20T01:56:07Z,11.722,0,Metinic
18890,2021-06-20T02:01:07Z,11.722,0,Metinic
18891,2021-06-20T02:06:07Z,11.722,0,Metinic
18892,2021-06-20T02:11:07Z,11.722,0,Metinic
18893,2021-06-20T02:16:07Z,11.722,0,Metinic
18894,2021-06-20T02:21:07Z,11.722,0,Metinic
18895,2021-06-20T02:26:07Z,11.625,0,Metinic
18896,2021-06-20T02:31:07Z,11.527999999999999,0,Metinic
18897,2021-06-20T02:36:07Z,11.431,0,Metinic
18898,2021-06-20T02:41:07Z,11.431,0,Metinic
18899,2021-06-20T02:46:07Z,11.431,0,Metinic
18900,2021-06-20T02:51:07Z,11.527999999999999,0,Metinic
18901,2021-06-20T02:56:07Z,11.527999999999999,0,Metinic
18902,2021-06-20T03:01:07Z,11.625,0,Metinic
18903,2021-06-20T03:06:07Z,11.625,0,Metinic
18904,2021-06-20T03:11:07Z,11.625,0,Metinic
18905,2021-06-20T03:16:07Z,11.625,0,Metinic
18906,2021-06-20T03:21:07Z,11.722,0,Metinic
18907,2021-06-20T03:26:07Z,11.819,0,Metinic
18908,2021-06-20T03:31:07Z,11.819,0,Metinic
18909,2021-06-20T03:36:07Z,11.819,0,Metinic
18910,2021-06-20T03:41:07Z,11.819,0,Metinic
18911,2021-06-20T03:46:07Z,11.819,0,Metinic
18912,2021-06-20T03:51:07Z,11.819,0,Metinic
18913,2021-06-20T03:56:07Z,11.916,0,Metinic
18914,2021-06-20T04:01:07Z,11.916,0,Metinic
18915,2021-06-20T04:06:07Z,11.916,0,Metinic
18916,2021-06-20T04:11:07Z,11.916,0,Metinic
18917,2021-06-20T04:16:07Z,11.916,0,Metinic
18918,2021-06-20T04:21:07Z,11.916,0,Metinic
18919,2021-06-20T04:26:07Z,11.916,0,Metinic
18920,2021-06-20T04:31:07Z,11.916,0,Metinic
18921,2021-06-20T04:36:07Z,11.916,0,Metinic
18922,2021-06-20T04:41:07Z,11.916,0,Metinic
18923,2021-06-20T04:46:07Z,11.916,0,Metinic
18924,2021-06-20T04:51:07Z,11.916,0,Metinic
18925,2021-06-20T04:56:07Z,11.916,0,Metinic
18926,2021-06-20T05:01:07Z,11.916,0,Metinic
18927,2021-06-20T05:06:07Z,11.916,0,Metinic
18928,2021-06-20T05:11:07Z,11.916,0,Metinic
18929,2021-06-20T05:16:07Z,11.916,0,Metinic
18930,2021-06-20T05:21:07Z,12.013,0,Metinic
18931,2021-06-20T05:26:07Z,12.013,0,Metinic
18932,2021-06-20T05:31:07Z,12.013,0,Metinic
18933,2021-06-20T05:36:07Z,12.11,0,Metinic
18934,2021-06-20T05:41:07Z,12.206999999999999,0,Metinic
18935,2021-06-20T05:46:07Z,12.11,0,Metinic
18936,2021-06-20T05:51:07Z,12.206999999999999,0,Metinic
18937,2021-06-20T05:56:07Z,12.206999999999999,0,Metinic
18938,2021-06-20T06:01:07Z,12.304,0,Metinic
18939,2021-06-20T06:06:07Z,12.304,0,Metinic
18940,2021-06-20T06:11:07Z,12.304,0,Metinic
18941,2021-06-20T06:16:07Z,12.304,0,Metinic
18942,2021-06-20T06:21:07Z,12.304,0,Metinic
18943,2021-06-20T06:26:07Z,12.304,0,Metinic
18944,2021-06-20T06:31:07Z,12.401,0,Metinic
18945,2021-06-20T06:36:07Z,12.401,0,Metinic
18946,2021-06-20T06:41:07Z,12.401,0,Metinic
18947,2021-06-20T06:46:07Z,12.497,0,Metinic
18948,2021-06-20T06:51:07Z,12.497,0,Metinic
18949,2021-06-20T06:56:07Z,12.594,0,Metinic
18950,2021-06-20T07:01:07Z,12.594,0,Metinic
18951,2021-06-20T07:06:07Z,12.594,0,Metinic
18952,2021-06-20T07:11:07Z,12.69,0,Metinic
18953,2021-06-20T07:16:07Z,12.69,0,Metinic
18954,2021-06-20T07:21:07Z,12.786999999999999,0,Metinic
18955,2021-06-20T07:26:07Z,12.883000000000001,0,Metinic
18956,2021-06-20T07:31:07Z,12.883000000000001,0,Metinic
18957,2021-06-20T07:36:07Z,12.883000000000001,0,Metinic
18958,2021-06-20T07:41:07Z,12.98,0,Metinic
18959,2021-06-20T07:46:07Z,12.98,0,Metinic
18960,2021-06-20T07:51:07Z,12.98,0,Metinic
18961,2021-06-20T07:56:07Z,12.98,0,Metinic
18962,2021-06-20T08:01:07Z,12.98,0,Metinic
18963,2021-06-20T08:06:07Z,12.883000000000001,0,Metinic
18964,2021-06-20T08:11:07Z,12.98,0,Metinic
18965,2021-06-20T08:16:07Z,12.98,0,Metinic
18966,2021-06-20T08:21:07Z,12.98,0,Metinic
18967,2021-06-20T08:26:07Z,13.076,0,Metinic
18968,2021-06-20T08:31:07Z,13.076,0,Metinic
18969,2021-06-20T08:36:07Z,13.173,0,Metinic
18970,2021-06-20T08:41:07Z,13.076,0,Metinic
18971,2021-06-20T08:46:07Z,13.173,0,Metinic
18972,2021-06-20T08:51:07Z,13.173,0,Metinic
18973,2021-06-20T08:56:07Z,13.173,0,Metinic
18974,2021-06-20T09:01:07Z,13.173,0,Metinic
18975,2021-06-20T09:06:07Z,13.173,0,Metinic
18976,2021-06-20T09:11:07Z,13.173,1,Metinic
18977,2021-06-20T09:16:07Z,13.173,0,Metinic
18978,2021-06-20T09:21:07Z,13.076,3,Metinic
18979,2021-06-20T09:26:07Z,13.076,0,Metinic
18980,2021-06-20T09:31:07Z,13.076,3,Metinic
18981,2021-06-20T09:36:07Z,13.076,2,Metinic
18982,2021-06-20T09:41:07Z,13.076,0,Metinic
18983,2021-06-20T09:46:07Z,13.076,0,Metinic
18984,2021-06-20T09:51:07Z,12.98,0,Metinic
18985,2021-06-20T09:56:07Z,12.98,7,Metinic
18986,2021-06-20T10:01:07Z,12.98,3,Metinic
18987,2021-06-20T10:06:07Z,12.883000000000001,1,Metinic
18988,2021-06-20T10:11:07Z,12.883000000000001,4,Metinic
18989,2021-06-20T10:16:07Z,12.883000000000001,10,Metinic
18990,2021-06-20T10:21:07Z,12.786999999999999,5,Metinic
18991,2021-06-20T10:26:07Z,12.69,30,Metinic
18992,2021-06-20T10:31:07Z,12.69,5,Metinic
18993,2021-06-20T10:36:07Z,12.69,3,Metinic
18994,2021-06-20T10:41:07Z,12.69,16,Metinic
18995,2021-06-20T10:46:07Z,12.69,93,Metinic
18996,2021-06-20T10:51:07Z,12.69,7,Metinic
18997,2021-06-20T10:56:07Z,12.786999999999999,0,Metinic
18998,2021-06-20T11:01:07Z,12.883000000000001,1,Metinic
18999,2021-06-20T11:06:07Z,12.883000000000001,21,Metinic
19000,2021-06-20T11:11:07Z,12.883000000000001,0,Metinic
19001,2021-06-20T11:16:07Z,12.883000000000001,4,Metinic
19002,2021-06-20T11:21:07Z,12.69,3,Metinic
19003,2021-06-20T11:26:07Z,12.69,0,Metinic
19004,2021-06-20T11:31:07Z,12.69,118,Metinic
19005,2021-06-20T11:36:07Z,12.594,1,Metinic
19006,2021-06-20T11:41:07Z,12.594,9,Metinic
19007,2021-06-20T11:46:07Z,12.594,18,Metinic
19008,2021-06-20T11:51:07Z,12.594,232,Metinic
19009,2021-06-20T11:56:07Z,12.594,88,Metinic
19010,2021-06-20T12:01:07Z,12.594,2,Metinic
19011,2021-06-20T12:06:07Z,12.69,20,Metinic
19012,2021-06-20T12:11:07Z,12.594,40,Metinic
19013,2021-06-20T12:16:07Z,12.594,49,Metinic
19014,2021-06-20T12:21:07Z,12.69,14,Metinic
19015,2021-06-20T12:26:07Z,12.69,5,Metinic
19016,2021-06-20T12:31:07Z,12.69,21,Metinic
19017,2021-06-20T12:36:07Z,12.69,22,Metinic
19018,2021-06-20T12:41:07Z,12.69,21,Metinic
19019,2021-06-20T12:46:07Z,12.69,30,Metinic
19020,2021-06-20T12:51:07Z,12.69,19,Metinic
19021,2021-06-20T12:56:07Z,12.69,480,Metinic
19022,2021-06-20T13:01:07Z,12.69,116,Metinic
19023,2021-06-20T13:06:07Z,12.883000000000001,49,Metinic
19024,2021-06-20T13:11:07Z,12.786999999999999,55,Metinic
19025,2021-06-20T13:16:07Z,12.786999999999999,18,Metinic
19026,2021-06-20T13:21:07Z,12.786999999999999,26,Metinic
19027,2021-06-20T13:26:07Z,12.786999999999999,3,Metinic
19028,2021-06-20T13:31:07Z,12.883000000000001,22,Metinic
19029,2021-06-20T13:36:07Z,12.69,26,Metinic
19030,2021-06-20T13:41:07Z,12.594,11,Metinic
19031,2021-06-20T13:46:07Z,12.69,4,Metinic
19032,2021-06-20T13:51:07Z,12.594,38,Metinic
19033,2021-06-20T13:56:07Z,12.497,19,Metinic
19034,2021-06-20T14:01:07Z,12.401,64,Metinic
19035,2021-06-20T14:06:07Z,12.304,35,Metinic
19036,2021-06-20T14:11:07Z,12.304,6,Metinic
19037,2021-06-20T14:16:07Z,12.206999999999999,82,Metinic
19038,2021-06-20T14:21:07Z,12.11,896,Metinic
19039,2021-06-20T14:26:07Z,12.11,20,Metinic
19040,2021-06-20T14:31:07Z,12.304,13,Metinic
19041,2021-06-20T14:36:07Z,12.206999999999999,4,Metinic
19042,2021-06-20T14:41:07Z,12.304,20,Metinic
19043,2021-06-20T14:46:07Z,12.206999999999999,304,Metinic
19044,2021-06-20T14:51:07Z,12.11,960,Metinic
19045,2021-06-20T14:56:07Z,12.11,25,Metinic
19046,2021-06-20T15:01:07Z,12.11,1,Metinic
19047,2021-06-20T15:06:07Z,12.304,101,Metinic
19048,2021-06-20T15:11:07Z,12.013,82,Metinic
19049,2021-06-20T15:16:07Z,12.013,101,Metinic
19050,2021-06-20T15:21:07Z,11.819,384,Metinic
19051,2021-06-20T15:26:07Z,12.013,33,Metinic
19052,2021-06-20T15:31:07Z,11.916,50,Metinic
19053,2021-06-20T15:36:07Z,11.722,56,Metinic
19054,2021-06-20T15:41:07Z,11.722,128,Metinic
19055,2021-06-20T15:46:07Z,11.722,85,Metinic
19056,2021-06-20T15:51:07Z,11.916,52,Metinic
19057,2021-06-20T15:56:07Z,12.013,67,Metinic
19058,2021-06-20T16:01:07Z,11.916,128,Metinic
19059,2021-06-20T16:06:07Z,12.013,2,Metinic
19060,2021-06-20T16:11:07Z,11.916,91,Metinic
19061,2021-06-20T16:16:07Z,12.013,41,Metinic
19062,2021-06-20T16:21:07Z,11.916,91,Metinic
19063,2021-06-20T16:26:07Z,12.11,10,Metinic
19064,2021-06-20T16:31:07Z,12.013,512,Metinic
19065,2021-06-20T16:36:07Z,12.013,69,Metinic
19066,2021-06-20T16:41:07Z,12.11,136,Metinic
19067,2021-06-20T16:46:07Z,12.304,136,Metinic
19068,2021-06-20T16:51:07Z,12.206999999999999,320,Metinic
19069,2021-06-20T16:56:07Z,12.304,608,Metinic
19070,2021-06-20T17:01:07Z,12.497,28,Metinic
19071,2021-06-20T17:06:07Z,12.497,136,Metinic
19072,2021-06-20T17:11:07Z,12.594,15,Metinic
19073,2021-06-20T17:16:07Z,12.401,49,Metinic
19074,2021-06-20T17:21:07Z,12.304,240,Metinic
19075,2021-06-20T17:26:07Z,12.304,63,Metinic
19076,2021-06-20T17:31:07Z,12.304,200,Metinic
19077,2021-06-20T17:36:07Z,12.206999999999999,45,Metinic
19078,2021-06-20T17:41:07Z,12.304,176,Metinic
19079,2021-06-20T17:46:07Z,12.401,65,Metinic
19080,2021-06-20T17:51:07Z,12.304,800,Metinic
19081,2021-06-20T17:56:07Z,12.11,27,Metinic
19082,2021-06-20T18:01:07Z,12.11,992,Metinic
19083,2021-06-20T18:06:07Z,12.013,896,Metinic
19084,2021-06-20T18:11:07Z,11.916,3,Metinic
19085,2021-06-20T18:16:07Z,11.722,464,Metinic
19086,2021-06-20T18:21:07Z,11.722,1088,Metinic
19087,2021-06-20T18:26:07Z,11.625,51,Metinic
19088,2021-06-20T18:31:07Z,11.527999999999999,23,Metinic
19089,2021-06-20T18:36:07Z,11.431,464,Metinic
19090,2021-06-20T18:41:07Z,11.431,63,Metinic
19091,2021-06-20T18:46:07Z,11.334,304,Metinic
19092,2021-06-20T18:51:07Z,11.334,26,Metinic
19093,2021-06-20T18:56:07Z,11.334,17,Metinic
19094,2021-06-20T19:01:07Z,11.235999999999999,80,Metinic
19095,2021-06-20T19:06:07Z,11.235999999999999,512,Metinic
19096,2021-06-20T19:11:07Z,11.139,768,Metinic
19097,2021-06-20T19:16:07Z,11.139,24,Metinic
19098,2021-06-20T19:21:07Z,11.139,47,Metinic
19099,2021-06-20T19:26:07Z,11.139,8,Metinic
19100,2021-06-20T19:31:07Z,11.139,8,Metinic
19101,2021-06-20T19:36:07Z,11.235999999999999,88,Metinic
19102,2021-06-20T19:41:07Z,11.431,22,Metinic
19103,2021-06-20T19:46:07Z,11.527999999999999,40,Metinic
19104,2021-06-20T19:51:07Z,11.527999999999999,248,Metinic
19105,2021-06-20T19:56:07Z,11.334,30,Metinic
19106,2021-06-20T20:01:07Z,11.139,4,Metinic
19107,2021-06-20T20:06:07Z,11.040999999999999,93,Metinic
19108,2021-06-20T20:11:07Z,10.943999999999999,20,Metinic
19109,2021-06-20T20:16:07Z,10.943999999999999,81,Metinic
19110,2021-06-20T20:21:07Z,10.943999999999999,9,Metinic
19111,2021-06-20T20:26:07Z,11.040999999999999,18,Metinic
19112,2021-06-20T20:31:07Z,11.235999999999999,13,Metinic
19113,2021-06-20T20:36:07Z,11.527999999999999,42,Metinic
19114,2021-06-20T20:41:07Z,11.235999999999999,4,Metinic
19115,2021-06-20T20:46:07Z,11.139,3,Metinic
19116,2021-06-20T20:51:07Z,11.334,7,Metinic
19117,2021-06-20T20:56:07Z,11.431,16,Metinic
19118,2021-06-20T21:01:07Z,11.527999999999999,8,Metinic
19119,2021-06-20T21:06:07Z,11.431,5,Metinic
19120,2021-06-20T21:11:07Z,11.625,3,Metinic
19121,2021-06-20T21:16:07Z,12.11,144,Metinic
19122,2021-06-20T21:21:07Z,12.401,8,Metinic
19123,2021-06-20T21:26:07Z,12.69,29,Metinic
19124,2021-06-20T21:31:07Z,12.98,4,Metinic
19125,2021-06-20T21:36:07Z,13.076,9,Metinic
19126,2021-06-20T21:41:07Z,13.076,16,Metinic
19127,2021-06-20T21:46:07Z,13.173,11,Metinic
19128,2021-06-20T21:51:07Z,13.173,124,Metinic
19129,2021-06-20T21:56:07Z,13.173,98,Metinic
19130,2021-06-20T22:01:07Z,13.269,0,Metinic
19131,2021-06-20T22:06:07Z,13.269,2,Metinic
19132,2021-06-20T22:11:07Z,13.269,1,Metinic
19133,2021-06-20T22:16:07Z,13.365000000000002,1,Metinic
19134,2021-06-20T22:21:07Z,13.365000000000002,31,Metinic
19135,2021-06-20T22:26:07Z,13.365000000000002,32,Metinic
19136,2021-06-20T22:31:07Z,13.365000000000002,13,Metinic
19137,2021-06-20T22:36:07Z,13.269,54,Metinic
19138,2021-06-20T22:41:07Z,13.269,1,Metinic
19139,2021-06-20T22:46:07Z,13.173,2,Metinic
19140,2021-06-20T22:51:07Z,13.173,8,Metinic
19141,2021-06-20T22:56:07Z,13.269,4,Metinic
19142,2021-06-20T23:01:07Z,13.269,4,Metinic
19143,2021-06-20T23:06:07Z,13.269,1,Metinic
19144,2021-06-20T23:11:07Z,13.269,0,Metinic
19145,2021-06-20T23:16:07Z,13.269,5,Metinic
19146,2021-06-20T23:21:07Z,13.365000000000002,4,Metinic
19147,2021-06-20T23:26:07Z,13.269,0,Metinic
19148,2021-06-20T23:31:07Z,13.269,9,Metinic
19149,2021-06-20T23:36:07Z,13.269,2,Metinic
19150,2021-06-20T23:41:07Z,13.269,22,Metinic
19151,2021-06-20T23:46:07Z,13.269,9,Metinic
19152,2021-06-20T23:51:07Z,13.269,0,Metinic
19153,2021-06-20T23:56:07Z,13.269,0,Metinic
19154,2021-06-21T00:01:07Z,13.173,0,Metinic
19155,2021-06-21T00:06:07Z,12.497,0,Metinic
19156,2021-06-21T00:11:07Z,12.11,1,Metinic
19157,2021-06-21T00:16:07Z,12.013,0,Metinic
19158,2021-06-21T00:21:07Z,11.916,0,Metinic
19159,2021-06-21T00:26:07Z,11.916,0,Metinic
19160,2021-06-21T00:31:07Z,11.916,0,Metinic
19161,2021-06-21T00:36:07Z,11.916,0,Metinic
19162,2021-06-21T00:41:07Z,11.916,0,Metinic
19163,2021-06-21T00:46:07Z,12.013,0,Metinic
19164,2021-06-21T00:51:07Z,12.013,0,Metinic
19165,2021-06-21T00:56:07Z,12.013,0,Metinic
19166,2021-06-21T01:01:07Z,12.11,0,Metinic
19167,2021-06-21T01:06:07Z,12.11,0,Metinic
19168,2021-06-21T01:11:07Z,12.11,0,Metinic
19169,2021-06-21T01:16:07Z,12.11,0,Metinic
19170,2021-06-21T01:21:07Z,12.11,0,Metinic
19171,2021-06-21T01:26:07Z,12.013,0,Metinic
19172,2021-06-21T01:31:07Z,12.013,0,Metinic
19173,2021-06-21T01:36:07Z,12.013,0,Metinic
19174,2021-06-21T01:41:07Z,11.916,0,Metinic
19175,2021-06-21T01:46:07Z,11.916,0,Metinic
19176,2021-06-21T01:51:07Z,11.916,0,Metinic
19177,2021-06-21T01:56:07Z,11.916,0,Metinic
19178,2021-06-21T02:01:07Z,11.916,0,Metinic
19179,2021-06-21T02:06:07Z,11.819,0,Metinic
19180,2021-06-21T02:11:07Z,11.625,0,Metinic
19181,2021-06-21T02:16:07Z,11.625,0,Metinic
19182,2021-06-21T02:21:07Z,11.527999999999999,0,Metinic
19183,2021-06-21T02:26:07Z,11.527999999999999,0,Metinic
19184,2021-06-21T02:31:07Z,11.527999999999999,0,Metinic
19185,2021-06-21T02:36:07Z,11.431,0,Metinic
19186,2021-06-21T02:41:07Z,11.431,0,Metinic
19187,2021-06-21T02:46:07Z,11.431,0,Metinic
19188,2021-06-21T02:51:07Z,11.431,0,Metinic
19189,2021-06-21T02:56:07Z,11.431,0,Metinic
19190,2021-06-21T03:01:07Z,11.431,0,Metinic
19191,2021-06-21T03:06:07Z,11.431,0,Metinic
19192,2021-06-21T03:11:07Z,11.431,0,Metinic
19193,2021-06-21T03:16:07Z,11.431,0,Metinic
19194,2021-06-21T03:21:07Z,11.431,0,Metinic
19195,2021-06-21T03:26:07Z,11.431,0,Metinic
19196,2021-06-21T03:31:07Z,11.527999999999999,0,Metinic
19197,2021-06-21T03:36:07Z,11.527999999999999,0,Metinic
19198,2021-06-21T03:41:07Z,11.527999999999999,0,Metinic
19199,2021-06-21T03:46:07Z,11.625,0,Metinic
19200,2021-06-21T03:51:07Z,11.625,0,Metinic
19201,2021-06-21T03:56:07Z,11.722,0,Metinic
19202,2021-06-21T04:01:07Z,11.722,0,Metinic
19203,2021-06-21T04:06:07Z,11.722,0,Metinic
19204,2021-06-21T04:11:07Z,11.819,0,Metinic
19205,2021-06-21T04:16:07Z,11.916,0,Metinic
19206,2021-06-21T04:21:07Z,12.013,0,Metinic
19207,2021-06-21T04:26:07Z,12.013,0,Metinic
19208,2021-06-21T04:31:07Z,12.11,0,Metinic
19209,2021-06-21T04:36:07Z,12.206999999999999,0,Metinic
19210,2021-06-21T04:41:07Z,12.206999999999999,0,Metinic
19211,2021-06-21T04:46:07Z,12.206999999999999,0,Metinic
19212,2021-06-21T04:51:07Z,12.206999999999999,0,Metinic
19213,2021-06-21T04:56:07Z,12.206999999999999,0,Metinic
19214,2021-06-21T05:01:07Z,12.206999999999999,0,Metinic
19215,2021-06-21T05:06:07Z,12.206999999999999,0,Metinic
19216,2021-06-21T05:11:07Z,12.304,0,Metinic
19217,2021-06-21T05:16:07Z,12.401,0,Metinic
19218,2021-06-21T05:21:07Z,12.401,0,Metinic
19219,2021-06-21T05:26:07Z,12.497,0,Metinic
19220,2021-06-21T05:31:07Z,12.497,0,Metinic
19221,2021-06-21T05:36:07Z,12.497,0,Metinic
19222,2021-06-21T05:41:07Z,12.401,0,Metinic
19223,2021-06-21T05:46:07Z,12.497,0,Metinic
19224,2021-06-21T05:51:07Z,12.497,0,Metinic
19225,2021-06-21T05:56:07Z,12.497,0,Metinic
19226,2021-06-21T06:01:07Z,12.497,0,Metinic
19227,2021-06-21T06:06:07Z,12.594,0,Metinic
19228,2021-06-21T06:11:07Z,12.594,0,Metinic
19229,2021-06-21T06:16:07Z,12.594,0,Metinic
19230,2021-06-21T06:21:07Z,12.594,0,Metinic
19231,2021-06-21T06:26:07Z,12.594,0,Metinic
19232,2021-06-21T06:31:07Z,12.69,0,Metinic
19233,2021-06-21T06:36:07Z,12.69,0,Metinic
19234,2021-06-21T06:41:07Z,12.69,0,Metinic
19235,2021-06-21T06:46:07Z,12.69,0,Metinic
19236,2021-06-21T06:51:07Z,12.69,0,Metinic
19237,2021-06-21T06:56:07Z,12.69,0,Metinic
19238,2021-06-21T07:01:07Z,12.594,0,Metinic
19239,2021-06-21T07:06:07Z,12.497,0,Metinic
19240,2021-06-21T07:11:07Z,12.304,0,Metinic
19241,2021-06-21T07:16:07Z,12.206999999999999,0,Metinic
19242,2021-06-21T07:21:07Z,12.206999999999999,0,Metinic
19243,2021-06-21T07:26:07Z,12.11,0,Metinic
19244,2021-06-21T07:31:07Z,12.013,0,Metinic
19245,2021-06-21T07:36:07Z,11.819,0,Metinic
19246,2021-06-21T07:41:07Z,11.625,0,Metinic
19247,2021-06-21T07:46:07Z,11.527999999999999,0,Metinic
19248,2021-06-21T07:51:07Z,11.527999999999999,0,Metinic
19249,2021-06-21T07:56:07Z,11.431,0,Metinic
19250,2021-06-21T08:01:07Z,11.431,0,Metinic
19251,2021-06-21T08:06:07Z,11.334,0,Metinic
19252,2021-06-21T08:11:07Z,11.334,0,Metinic
19253,2021-06-21T08:16:07Z,11.334,0,Metinic
19254,2021-06-21T08:21:07Z,11.235999999999999,0,Metinic
19255,2021-06-21T08:26:07Z,11.139,0,Metinic
19256,2021-06-21T08:31:07Z,11.040999999999999,0,Metinic
19257,2021-06-21T08:36:07Z,10.846,0,Metinic
19258,2021-06-21T08:41:07Z,10.651,0,Metinic
19259,2021-06-21T08:46:07Z,10.651,0,Metinic
19260,2021-06-21T08:51:07Z,10.553,0,Metinic
19261,2021-06-21T08:56:07Z,10.553,0,Metinic
19262,2021-06-21T09:01:07Z,10.747999999999998,0,Metinic
19263,2021-06-21T09:06:07Z,10.846,0,Metinic
19264,2021-06-21T09:11:07Z,10.943999999999999,0,Metinic
19265,2021-06-21T09:16:07Z,11.139,1,Metinic
19266,2021-06-21T09:21:07Z,11.334,0,Metinic
19267,2021-06-21T09:26:07Z,11.139,2,Metinic
19268,2021-06-21T09:31:07Z,11.334,0,Metinic
19269,2021-06-21T09:36:07Z,11.527999999999999,2,Metinic
19270,2021-06-21T09:41:07Z,11.722,0,Metinic
19271,2021-06-21T09:46:07Z,11.819,0,Metinic
19272,2021-06-21T09:51:07Z,12.11,7,Metinic
19273,2021-06-21T09:56:07Z,12.304,2,Metinic
19274,2021-06-21T10:01:07Z,12.401,2,Metinic
19275,2021-06-21T10:06:07Z,12.594,5,Metinic
19276,2021-06-21T10:11:07Z,12.786999999999999,6,Metinic
19277,2021-06-21T10:16:07Z,12.883000000000001,22,Metinic
19278,2021-06-21T10:21:07Z,12.98,0,Metinic
19279,2021-06-21T10:26:07Z,13.076,2,Metinic
19280,2021-06-21T10:31:07Z,13.076,7,Metinic
19281,2021-06-21T10:36:07Z,13.173,7,Metinic
19282,2021-06-21T10:41:07Z,13.076,20,Metinic
19283,2021-06-21T10:46:07Z,13.173,8,Metinic
19284,2021-06-21T10:51:07Z,13.173,5,Metinic
19285,2021-06-21T10:56:07Z,13.173,0,Metinic
19286,2021-06-21T11:01:07Z,13.173,17,Metinic
19287,2021-06-21T11:06:07Z,13.173,2,Metinic
19288,2021-06-21T11:11:07Z,13.269,1,Metinic
19289,2021-06-21T11:16:07Z,13.269,4,Metinic
19290,2021-06-21T11:21:07Z,13.269,5,Metinic
19291,2021-06-21T11:26:07Z,13.269,66,Metinic
19292,2021-06-21T11:31:07Z,13.269,115,Metinic
19293,2021-06-21T11:36:07Z,13.269,24,Metinic
19294,2021-06-21T11:41:07Z,13.269,5,Metinic
19295,2021-06-21T11:46:07Z,13.269,31,Metinic
19296,2021-06-21T11:51:07Z,13.269,22,Metinic
19297,2021-06-21T11:56:07Z,13.269,29,Metinic
19298,2021-06-21T12:01:07Z,13.269,22,Metinic
19299,2021-06-21T12:06:07Z,13.269,5,Metinic
19300,2021-06-21T12:11:07Z,13.269,192,Metinic
19301,2021-06-21T12:16:07Z,13.365000000000002,0,Metinic
19302,2021-06-21T12:21:07Z,13.269,7,Metinic
19303,2021-06-21T12:26:07Z,13.269,38,Metinic
19304,2021-06-21T12:31:07Z,13.365000000000002,232,Metinic
19305,2021-06-21T12:36:07Z,13.365000000000002,36,Metinic
19306,2021-06-21T12:41:07Z,13.269,22,Metinic
19307,2021-06-21T12:46:07Z,13.269,48,Metinic
19308,2021-06-21T12:51:07Z,13.269,31,Metinic
19309,2021-06-21T12:56:07Z,13.173,19,Metinic
19310,2021-06-21T13:01:07Z,13.076,39,Metinic
19311,2021-06-21T13:06:07Z,12.98,94,Metinic
19312,2021-06-21T13:11:07Z,12.98,39,Metinic
19313,2021-06-21T13:16:07Z,12.883000000000001,63,Metinic
19314,2021-06-21T13:21:07Z,12.883000000000001,69,Metinic
19315,2021-06-21T13:26:07Z,12.883000000000001,28,Metinic
19316,2021-06-21T13:31:07Z,12.98,17,Metinic
19317,2021-06-21T13:36:07Z,12.98,15,Metinic
19318,2021-06-21T13:41:07Z,12.98,4,Metinic
19319,2021-06-21T13:46:07Z,12.786999999999999,15,Metinic
19320,2021-06-21T13:51:07Z,12.594,256,Metinic
19321,2021-06-21T13:56:07Z,12.594,12,Metinic
19322,2021-06-21T14:01:07Z,12.304,55,Metinic
19323,2021-06-21T14:06:07Z,12.206999999999999,21,Metinic
19324,2021-06-21T14:11:07Z,12.11,608,Metinic
19325,2021-06-21T14:16:07Z,12.11,12,Metinic
19326,2021-06-21T14:21:07Z,12.11,31,Metinic
19327,2021-06-21T14:26:07Z,12.013,2,Metinic
19328,2021-06-21T14:31:07Z,12.013,17,Metinic
19329,2021-06-21T14:36:07Z,11.916,64,Metinic
19330,2021-06-21T14:41:07Z,11.916,416,Metinic
19331,2021-06-21T14:46:07Z,11.916,5,Metinic
19332,2021-06-21T14:51:07Z,11.819,16,Metinic
19333,2021-06-21T14:56:07Z,11.819,25,Metinic
19334,2021-06-21T15:01:07Z,12.013,73,Metinic
19335,2021-06-21T15:06:07Z,11.916,11,Metinic
19336,2021-06-21T15:11:07Z,11.916,10,Metinic
19337,2021-06-21T15:16:07Z,11.916,38,Metinic
19338,2021-06-21T15:21:07Z,11.916,18,Metinic
19339,2021-06-21T15:26:07Z,11.916,9,Metinic
19340,2021-06-21T15:31:07Z,11.819,11,Metinic
19341,2021-06-21T15:36:07Z,11.819,24,Metinic
19342,2021-06-21T15:41:07Z,11.819,25,Metinic
19343,2021-06-21T15:46:07Z,11.722,15,Metinic
19344,2021-06-21T15:51:07Z,11.916,75,Metinic
19345,2021-06-21T15:56:07Z,11.819,37,Metinic
19346,2021-06-21T16:01:07Z,11.722,992,Metinic
19347,2021-06-21T16:06:07Z,11.722,49,Metinic
19348,2021-06-21T16:11:07Z,11.819,45,Metinic
19349,2021-06-21T16:16:07Z,11.819,22,Metinic
19350,2021-06-21T16:21:07Z,12.013,248,Metinic
19351,2021-06-21T16:26:07Z,12.11,35,Metinic
19352,2021-06-21T16:31:07Z,12.11,352,Metinic
19353,2021-06-21T16:36:07Z,12.11,23,Metinic
19354,2021-06-21T16:41:07Z,12.11,960,Metinic
19355,2021-06-21T16:46:07Z,12.013,16,Metinic
19356,2021-06-21T16:51:07Z,12.206999999999999,67,Metinic
19357,2021-06-21T16:56:07Z,12.013,1024,Metinic
19358,2021-06-21T17:01:07Z,12.013,9,Metinic
19359,2021-06-21T17:06:07Z,12.206999999999999,512,Metinic
19360,2021-06-21T17:11:07Z,12.11,89,Metinic
19361,2021-06-21T17:16:07Z,12.206999999999999,1216,Metinic
19362,2021-06-21T17:21:07Z,12.206999999999999,122,Metinic
19363,2021-06-21T17:26:07Z,12.206999999999999,20,Metinic
19364,2021-06-21T17:31:07Z,12.11,272,Metinic
19365,2021-06-21T17:36:07Z,12.11,8,Metinic
19366,2021-06-21T17:41:07Z,12.206999999999999,23,Metinic
19367,2021-06-21T17:46:07Z,12.206999999999999,41,Metinic
19368,2021-06-21T17:51:07Z,12.401,5,Metinic
19369,2021-06-21T17:56:07Z,12.304,672,Metinic
19370,2021-06-21T18:01:07Z,12.401,28,Metinic
19371,2021-06-21T18:06:07Z,12.401,22,Metinic
19372,2021-06-21T18:11:07Z,12.497,47,Metinic
19373,2021-06-21T18:16:07Z,12.497,54,Metinic
19374,2021-06-21T18:21:07Z,12.497,192,Metinic
19375,2021-06-21T18:26:07Z,12.786999999999999,46,Metinic
19376,2021-06-21T18:31:07Z,12.98,128,Metinic
19377,2021-06-21T18:36:07Z,13.173,56,Metinic
19378,2021-06-21T18:41:07Z,13.076,8,Metinic
19379,2021-06-21T18:46:07Z,12.883000000000001,19,Metinic
19380,2021-06-21T18:51:07Z,12.69,40,Metinic
19381,2021-06-21T18:56:07Z,12.497,21,Metinic
19382,2021-06-21T19:01:07Z,12.497,17,Metinic
19383,2021-06-21T19:06:07Z,12.594,3,Metinic
19384,2021-06-21T19:11:07Z,12.69,56,Metinic
19385,2021-06-21T19:16:07Z,12.69,79,Metinic
19386,2021-06-21T19:21:07Z,12.98,118,Metinic
19387,2021-06-21T19:26:07Z,13.076,5,Metinic
19388,2021-06-21T19:31:07Z,13.173,0,Metinic
19389,2021-06-21T19:36:07Z,13.173,17,Metinic
19390,2021-06-21T19:41:07Z,12.69,26,Metinic
19391,2021-06-21T19:46:07Z,12.206999999999999,21,Metinic
19392,2021-06-21T19:51:07Z,12.11,30,Metinic
19393,2021-06-21T19:56:07Z,11.916,57,Metinic
19394,2021-06-21T20:01:07Z,11.916,54,Metinic
19395,2021-06-21T20:06:07Z,11.819,9,Metinic
19396,2021-06-21T20:11:07Z,11.722,89,Metinic
19397,2021-06-21T20:16:07Z,11.722,21,Metinic
19398,2021-06-21T20:21:07Z,11.625,160,Metinic
19399,2021-06-21T20:26:07Z,11.527999999999999,91,Metinic
19400,2021-06-21T20:31:07Z,11.527999999999999,22,Metinic
19401,2021-06-21T20:36:07Z,11.431,176,Metinic
19402,2021-06-21T20:41:07Z,11.431,304,Metinic
19403,2021-06-21T20:46:07Z,11.334,4,Metinic
19404,2021-06-21T20:51:07Z,11.334,17,Metinic
19405,2021-06-21T20:56:07Z,11.235999999999999,23,Metinic
19406,2021-06-21T21:01:07Z,11.235999999999999,240,Metinic
19407,2021-06-21T21:06:07Z,11.139,0,Metinic
19408,2021-06-21T21:11:07Z,11.139,7,Metinic
19409,2021-06-21T21:16:07Z,11.040999999999999,12,Metinic
19410,2021-06-21T21:21:07Z,11.040999999999999,0,Metinic
19411,2021-06-21T21:26:07Z,10.943999999999999,33,Metinic
19412,2021-06-21T21:31:07Z,10.943999999999999,0,Metinic
19413,2021-06-21T21:36:07Z,10.943999999999999,3,Metinic
19414,2021-06-21T21:41:07Z,10.943999999999999,34,Metinic
19415,2021-06-21T21:46:07Z,10.846,29,Metinic
19416,2021-06-21T21:51:07Z,10.846,70,Metinic
19417,2021-06-21T21:56:07Z,10.846,13,Metinic
19418,2021-06-21T22:01:07Z,11.040999999999999,1,Metinic
19419,2021-06-21T22:06:07Z,11.431,21,Metinic
19420,2021-06-21T22:11:07Z,11.916,72,Metinic
19421,2021-06-21T22:16:07Z,12.206999999999999,16,Metinic
19422,2021-06-21T22:21:07Z,12.497,53,Metinic
19423,2021-06-21T22:26:07Z,12.69,20,Metinic
19424,2021-06-21T22:31:07Z,12.786999999999999,0,Metinic
19425,2021-06-21T22:36:07Z,12.98,0,Metinic
19426,2021-06-21T22:41:07Z,13.076,3,Metinic
19427,2021-06-21T22:46:07Z,13.173,7,Metinic
19428,2021-06-21T22:51:07Z,13.173,9,Metinic
19429,2021-06-21T22:56:07Z,13.269,0,Metinic
19430,2021-06-21T23:01:07Z,13.269,4,Metinic
19431,2021-06-21T23:06:07Z,13.365000000000002,1,Metinic
19432,2021-06-21T23:11:07Z,13.365000000000002,2,Metinic
19433,2021-06-21T23:16:07Z,13.365000000000002,0,Metinic
19434,2021-06-21T23:21:07Z,13.269,6,Metinic
19435,2021-06-21T23:26:07Z,13.269,0,Metinic
19436,2021-06-21T23:31:07Z,13.269,0,Metinic
19437,2021-06-21T23:36:07Z,13.269,1,Metinic
19438,2021-06-21T23:41:07Z,13.173,0,Metinic
19439,2021-06-21T23:46:07Z,13.173,0,Metinic
19440,2021-06-21T23:51:07Z,13.173,4,Metinic
19441,2021-06-21T23:56:07Z,13.076,0,Metinic
19442,2021-06-22T00:01:07Z,13.076,1,Metinic
19443,2021-06-22T00:06:07Z,13.076,0,Metinic
19444,2021-06-22T00:11:07Z,13.076,0,Metinic
19445,2021-06-22T00:16:07Z,13.076,0,Metinic
19446,2021-06-22T00:21:07Z,13.076,0,Metinic
19447,2021-06-22T00:26:07Z,13.076,0,Metinic
19448,2021-06-22T00:31:07Z,13.076,0,Metinic
19449,2021-06-22T00:36:07Z,13.076,0,Metinic
19450,2021-06-22T00:41:07Z,13.076,0,Metinic
19451,2021-06-22T00:46:07Z,12.98,0,Metinic
19452,2021-06-22T00:51:07Z,12.883000000000001,0,Metinic
19453,2021-06-22T00:56:07Z,12.497,0,Metinic
19454,2021-06-22T01:01:07Z,12.401,0,Metinic
19455,2021-06-22T01:06:07Z,12.401,0,Metinic
19456,2021-06-22T01:11:07Z,12.304,0,Metinic
19457,2021-06-22T01:16:07Z,12.401,0,Metinic
19458,2021-06-22T01:21:07Z,12.401,0,Metinic
19459,2021-06-22T01:26:07Z,12.401,0,Metinic
19460,2021-06-22T01:31:07Z,12.401,0,Metinic
19461,2021-06-22T01:36:07Z,12.304,0,Metinic
19462,2021-06-22T01:41:07Z,12.206999999999999,0,Metinic
19463,2021-06-22T01:46:07Z,12.206999999999999,0,Metinic
19464,2021-06-22T01:51:07Z,12.206999999999999,0,Metinic
19465,2021-06-22T01:56:07Z,12.11,0,Metinic
19466,2021-06-22T02:01:07Z,12.11,0,Metinic
19467,2021-06-22T02:06:07Z,12.11,0,Metinic
19468,2021-06-22T02:11:07Z,12.013,0,Metinic
19469,2021-06-22T02:16:07Z,12.013,0,Metinic
19470,2021-06-22T02:21:07Z,11.916,0,Metinic
19471,2021-06-22T02:26:07Z,11.916,0,Metinic
19472,2021-06-22T02:31:07Z,11.916,0,Metinic
19473,2021-06-22T02:36:07Z,11.916,0,Metinic
19474,2021-06-22T02:41:07Z,11.916,0,Metinic
19475,2021-06-22T02:46:07Z,11.916,0,Metinic
19476,2021-06-22T02:51:07Z,11.916,0,Metinic
19477,2021-06-22T02:56:07Z,11.819,0,Metinic
19478,2021-06-22T03:01:07Z,11.819,0,Metinic
19479,2021-06-22T03:06:07Z,11.819,0,Metinic
19480,2021-06-22T03:11:07Z,11.819,0,Metinic
19481,2021-06-22T03:16:07Z,11.722,0,Metinic
19482,2021-06-22T03:21:07Z,11.722,0,Metinic
19483,2021-06-22T03:26:07Z,11.916,0,Metinic
19484,2021-06-22T03:31:07Z,12.304,0,Metinic
19485,2021-06-22T03:36:07Z,12.497,0,Metinic
19486,2021-06-22T03:41:07Z,12.594,0,Metinic
19487,2021-06-22T03:46:07Z,12.69,0,Metinic
19488,2021-06-22T03:51:07Z,12.69,0,Metinic
19489,2021-06-22T03:56:07Z,12.69,0,Metinic
19490,2021-06-22T04:01:07Z,12.401,0,Metinic
19491,2021-06-22T04:06:07Z,12.11,0,Metinic
19492,2021-06-22T04:11:07Z,11.916,0,Metinic
19493,2021-06-22T04:16:07Z,11.722,0,Metinic
19494,2021-06-22T04:21:07Z,11.527999999999999,0,Metinic
19495,2021-06-22T04:26:07Z,11.334,0,Metinic
19496,2021-06-22T04:31:07Z,11.235999999999999,0,Metinic
19497,2021-06-22T04:36:07Z,11.139,0,Metinic
19498,2021-06-22T04:41:07Z,11.040999999999999,0,Metinic
19499,2021-06-22T04:46:07Z,11.040999999999999,0,Metinic
19500,2021-06-22T04:51:07Z,10.943999999999999,0,Metinic
19501,2021-06-22T04:56:07Z,10.846,0,Metinic
19502,2021-06-22T05:01:07Z,10.846,0,Metinic
19503,2021-06-22T05:06:07Z,10.846,0,Metinic
19504,2021-06-22T05:11:07Z,10.846,0,Metinic
19505,2021-06-22T05:16:07Z,10.747999999999998,0,Metinic
19506,2021-06-22T05:21:07Z,10.747999999999998,0,Metinic
19507,2021-06-22T05:26:07Z,10.846,0,Metinic
19508,2021-06-22T05:31:07Z,10.846,0,Metinic
19509,2021-06-22T05:36:07Z,10.846,0,Metinic
19510,2021-06-22T05:41:07Z,10.943999999999999,0,Metinic
19511,2021-06-22T05:46:07Z,10.943999999999999,0,Metinic
19512,2021-06-22T05:51:07Z,10.943999999999999,0,Metinic
19513,2021-06-22T05:56:07Z,10.943999999999999,0,Metinic
19514,2021-06-22T06:01:07Z,10.943999999999999,0,Metinic
19515,2021-06-22T06:06:07Z,10.846,0,Metinic
19516,2021-06-22T06:11:07Z,10.846,0,Metinic
19517,2021-06-22T06:16:07Z,10.943999999999999,0,Metinic
19518,2021-06-22T06:21:07Z,11.527999999999999,0,Metinic
19519,2021-06-22T06:26:07Z,11.722,0,Metinic
19520,2021-06-22T06:31:07Z,11.722,0,Metinic
19521,2021-06-22T06:36:07Z,11.527999999999999,0,Metinic
19522,2021-06-22T06:41:07Z,11.527999999999999,0,Metinic
19523,2021-06-22T06:46:07Z,11.334,0,Metinic
19524,2021-06-22T06:51:07Z,11.431,0,Metinic
19525,2021-06-22T06:56:07Z,11.431,0,Metinic
19526,2021-06-22T07:01:07Z,11.431,0,Metinic
19527,2021-06-22T07:06:07Z,11.431,0,Metinic
19528,2021-06-22T07:11:07Z,11.431,0,Metinic
19529,2021-06-22T07:16:07Z,11.431,0,Metinic
19530,2021-06-22T07:21:07Z,11.431,0,Metinic
19531,2021-06-22T07:26:07Z,11.431,0,Metinic
19532,2021-06-22T07:31:07Z,11.431,0,Metinic
19533,2021-06-22T07:36:07Z,11.431,0,Metinic
19534,2021-06-22T07:41:07Z,11.431,0,Metinic
19535,2021-06-22T07:46:07Z,11.431,0,Metinic
19536,2021-06-22T07:51:07Z,11.431,0,Metinic
19537,2021-06-22T07:56:07Z,11.431,0,Metinic
19538,2021-06-22T08:01:07Z,11.431,0,Metinic
19539,2021-06-22T08:06:07Z,11.527999999999999,0,Metinic
19540,2021-06-22T08:11:07Z,11.527999999999999,0,Metinic
19541,2021-06-22T08:16:07Z,11.527999999999999,0,Metinic
19542,2021-06-22T08:21:07Z,11.527999999999999,0,Metinic
19543,2021-06-22T08:26:07Z,11.527999999999999,0,Metinic
19544,2021-06-22T08:31:07Z,11.527999999999999,0,Metinic
19545,2021-06-22T08:36:07Z,11.527999999999999,0,Metinic
19546,2021-06-22T08:41:07Z,11.431,0,Metinic
19547,2021-06-22T08:46:07Z,11.527999999999999,0,Metinic
19548,2021-06-22T08:51:07Z,11.527999999999999,0,Metinic
19549,2021-06-22T08:56:07Z,11.625,0,Metinic
19550,2021-06-22T09:01:07Z,11.722,0,Metinic
19551,2021-06-22T09:06:07Z,11.722,2,Metinic
19552,2021-06-22T09:11:07Z,11.722,3,Metinic
19553,2021-06-22T09:16:07Z,11.722,0,Metinic
19554,2021-06-22T09:21:07Z,11.819,1,Metinic
19555,2021-06-22T09:26:07Z,11.819,2,Metinic
19556,2021-06-22T09:31:07Z,11.722,0,Metinic
19557,2021-06-22T09:36:07Z,11.527999999999999,0,Metinic
19558,2021-06-22T09:41:07Z,11.139,0,Metinic
19559,2021-06-22T09:46:07Z,10.747999999999998,0,Metinic
19560,2021-06-22T09:51:07Z,10.651,0,Metinic
19561,2021-06-22T09:56:07Z,10.553,4,Metinic
19562,2021-06-22T10:01:07Z,10.553,3,Metinic
19563,2021-06-22T10:06:07Z,10.553,0,Metinic
19564,2021-06-22T10:11:07Z,10.553,18,Metinic
19565,2021-06-22T10:16:07Z,10.553,9,Metinic
19566,2021-06-22T10:21:07Z,10.553,2,Metinic
19567,2021-06-22T10:26:07Z,10.553,0,Metinic
19568,2021-06-22T10:31:07Z,10.553,0,Metinic
19569,2021-06-22T10:36:07Z,10.553,6,Metinic
19570,2021-06-22T10:41:07Z,10.553,0,Metinic
19571,2021-06-22T10:46:07Z,10.553,25,Metinic
19572,2021-06-22T10:51:07Z,10.553,47,Metinic
19573,2021-06-22T10:56:07Z,10.553,2,Metinic
19574,2021-06-22T11:01:07Z,10.553,3,Metinic
19575,2021-06-22T11:06:07Z,10.553,77,Metinic
19576,2021-06-22T11:11:07Z,10.553,72,Metinic
19577,2021-06-22T11:16:07Z,10.455000000000002,0,Metinic
19578,2021-06-22T11:21:07Z,10.455000000000002,2,Metinic
19579,2021-06-22T11:26:07Z,10.455000000000002,0,Metinic
19580,2021-06-22T11:31:07Z,10.357000000000001,6,Metinic
19581,2021-06-22T11:36:07Z,10.357000000000001,1,Metinic
19582,2021-06-22T11:41:07Z,10.259,17,Metinic
19583,2021-06-22T11:46:07Z,10.259,4,Metinic
19584,2021-06-22T11:51:07Z,10.161,4,Metinic
19585,2021-06-22T11:56:07Z,10.161,21,Metinic
19586,2021-06-22T12:01:07Z,10.063,1,Metinic
19587,2021-06-22T12:06:07Z,10.063,2,Metinic
19588,2021-06-22T12:11:07Z,10.063,0,Metinic
19589,2021-06-22T12:16:07Z,10.063,2,Metinic
19590,2021-06-22T12:21:07Z,10.063,5,Metinic
19591,2021-06-22T12:26:07Z,10.063,3,Metinic
19592,2021-06-22T12:31:07Z,10.063,9,Metinic
19593,2021-06-22T12:36:07Z,10.063,4,Metinic
19594,2021-06-22T12:41:07Z,10.063,5,Metinic
19595,2021-06-22T12:46:07Z,10.161,0,Metinic
19596,2021-06-22T12:51:07Z,10.161,5,Metinic
19597,2021-06-22T12:56:07Z,10.063,0,Metinic
19598,2021-06-22T13:01:07Z,10.063,9,Metinic
19599,2021-06-22T13:06:07Z,10.063,1,Metinic
19600,2021-06-22T13:11:07Z,9.965000000000002,72,Metinic
19601,2021-06-22T13:16:07Z,9.965000000000002,47,Metinic
19602,2021-06-22T13:21:07Z,9.965000000000002,0,Metinic
19603,2021-06-22T13:26:07Z,9.965000000000002,88,Metinic
19604,2021-06-22T13:31:07Z,9.965000000000002,2,Metinic
19605,2021-06-22T13:36:07Z,9.965000000000002,22,Metinic
19606,2021-06-22T13:41:07Z,10.063,14,Metinic
19607,2021-06-22T13:46:07Z,10.063,7,Metinic
19608,2021-06-22T13:51:07Z,10.161,6,Metinic
19609,2021-06-22T13:56:07Z,10.161,0,Metinic
19610,2021-06-22T14:01:07Z,10.161,11,Metinic
19611,2021-06-22T14:06:07Z,10.161,0,Metinic
19612,2021-06-22T14:11:07Z,10.161,41,Metinic
19613,2021-06-22T14:16:07Z,10.357000000000001,6,Metinic
19614,2021-06-22T14:21:07Z,10.455000000000002,16,Metinic
19615,2021-06-22T14:26:07Z,10.553,33,Metinic
19616,2021-06-22T14:31:07Z,10.651,192,Metinic
19617,2021-06-22T14:36:07Z,10.651,15,Metinic
19618,2021-06-22T14:41:07Z,10.553,54,Metinic
19619,2021-06-22T14:46:07Z,10.455000000000002,18,Metinic
19620,2021-06-22T14:51:07Z,10.357000000000001,17,Metinic
19621,2021-06-22T14:56:07Z,10.357000000000001,2,Metinic
19622,2021-06-22T15:01:07Z,10.357000000000001,9,Metinic
19623,2021-06-22T15:06:07Z,10.357000000000001,30,Metinic
19624,2021-06-22T15:11:07Z,10.455000000000002,3,Metinic
19625,2021-06-22T15:16:07Z,10.455000000000002,152,Metinic
19626,2021-06-22T15:21:07Z,10.747999999999998,14,Metinic
19627,2021-06-22T15:26:07Z,10.651,8,Metinic
19628,2021-06-22T15:31:07Z,10.651,352,Metinic
19629,2021-06-22T15:36:07Z,10.553,5,Metinic
19630,2021-06-22T15:41:07Z,10.553,39,Metinic
19631,2021-06-22T15:46:07Z,10.553,2,Metinic
19632,2021-06-22T15:51:07Z,10.553,115,Metinic
19633,2021-06-22T15:56:07Z,10.553,11,Metinic
19634,2021-06-22T16:01:07Z,10.553,30,Metinic
19635,2021-06-22T16:06:07Z,10.553,6,Metinic
19636,2021-06-22T16:11:07Z,10.553,11,Metinic
19637,2021-06-22T16:16:07Z,10.747999999999998,0,Metinic
19638,2021-06-22T16:21:07Z,10.943999999999999,5,Metinic
19639,2021-06-22T16:26:07Z,10.943999999999999,54,Metinic
19640,2021-06-22T16:31:07Z,10.943999999999999,32,Metinic
19641,2021-06-22T16:36:07Z,10.943999999999999,25,Metinic
19642,2021-06-22T16:41:07Z,10.943999999999999,1,Metinic
19643,2021-06-22T16:46:07Z,10.943999999999999,54,Metinic
19644,2021-06-22T16:51:07Z,11.040999999999999,23,Metinic
19645,2021-06-22T16:56:07Z,11.040999999999999,42,Metinic
19646,2021-06-22T17:01:07Z,11.040999999999999,1,Metinic
19647,2021-06-22T17:06:07Z,11.139,7,Metinic
19648,2021-06-22T17:11:07Z,11.235999999999999,15,Metinic
19649,2021-06-22T17:16:07Z,11.235999999999999,496,Metinic
19650,2021-06-22T17:21:07Z,11.334,272,Metinic
19651,2021-06-22T17:26:07Z,11.334,72,Metinic
19652,2021-06-22T17:31:07Z,11.334,115,Metinic
19653,2021-06-22T17:36:07Z,11.431,57,Metinic
19654,2021-06-22T17:41:07Z,11.334,512,Metinic
19655,2021-06-22T17:46:07Z,11.235999999999999,352,Metinic
19656,2021-06-22T17:51:07Z,11.527999999999999,3,Metinic
19657,2021-06-22T17:56:07Z,11.625,32,Metinic
19658,2021-06-22T18:01:07Z,11.625,192,Metinic
19659,2021-06-22T18:06:07Z,11.625,8,Metinic
19660,2021-06-22T18:11:07Z,11.819,89,Metinic
19661,2021-06-22T18:16:07Z,11.916,62,Metinic
19662,2021-06-22T18:21:07Z,12.11,12,Metinic
19663,2021-06-22T18:26:07Z,12.304,18,Metinic
19664,2021-06-22T18:31:07Z,12.401,21,Metinic
19665,2021-06-22T18:36:07Z,12.304,42,Metinic
19666,2021-06-22T18:41:07Z,12.304,47,Metinic
19667,2021-06-22T18:46:07Z,12.304,22,Metinic
19668,2021-06-22T18:51:07Z,12.304,61,Metinic
19669,2021-06-22T18:56:07Z,12.206999999999999,8,Metinic
19670,2021-06-22T19:01:07Z,12.11,11,Metinic
19671,2021-06-22T19:06:07Z,12.206999999999999,55,Metinic
19672,2021-06-22T19:11:07Z,12.206999999999999,192,Metinic
19673,2021-06-22T19:16:07Z,12.206999999999999,10,Metinic
19674,2021-06-22T19:21:07Z,12.206999999999999,98,Metinic
19675,2021-06-22T19:26:07Z,12.304,896,Metinic
19676,2021-06-22T19:31:07Z,12.304,73,Metinic
19677,2021-06-22T19:36:07Z,12.206999999999999,1,Metinic
19678,2021-06-22T19:41:07Z,12.206999999999999,40,Metinic
19679,2021-06-22T19:46:07Z,12.11,8,Metinic
19680,2021-06-22T19:51:07Z,12.11,77,Metinic
19681,2021-06-22T19:56:07Z,12.11,20,Metinic
19682,2021-06-22T20:01:07Z,12.013,192,Metinic
19683,2021-06-22T20:06:07Z,11.916,144,Metinic
19684,2021-06-22T20:11:07Z,11.819,23,Metinic
19685,2021-06-22T20:16:07Z,11.916,2,Metinic
19686,2021-06-22T20:21:07Z,12.013,0,Metinic
19687,2021-06-22T20:26:07Z,12.013,1,Metinic
19688,2021-06-22T20:31:07Z,12.013,4,Metinic
19689,2021-06-22T20:36:07Z,12.013,4,Metinic
19690,2021-06-22T20:41:07Z,12.013,15,Metinic
19691,2021-06-22T20:46:07Z,12.013,23,Metinic
19692,2021-06-22T20:51:07Z,12.013,0,Metinic
19693,2021-06-22T20:56:07Z,11.916,84,Metinic
19694,2021-06-22T21:01:07Z,11.916,0,Metinic
19695,2021-06-22T21:06:07Z,11.916,3,Metinic
19696,2021-06-22T21:11:07Z,11.916,18,Metinic
19697,2021-06-22T21:16:07Z,12.013,86,Metinic
19698,2021-06-22T21:21:07Z,11.916,0,Metinic
19699,2021-06-22T21:26:07Z,11.916,0,Metinic
19700,2021-06-22T21:31:07Z,11.819,0,Metinic
19701,2021-06-22T21:36:07Z,11.819,1,Metinic
19702,2021-06-22T21:41:07Z,11.722,0,Metinic
19703,2021-06-22T21:46:07Z,11.625,1,Metinic
19704,2021-06-22T21:51:07Z,11.431,15,Metinic
19705,2021-06-22T21:56:07Z,11.139,2,Metinic
19706,2021-06-22T22:01:07Z,11.040999999999999,0,Metinic
19707,2021-06-22T22:06:07Z,10.943999999999999,1,Metinic
19708,2021-06-22T22:11:07Z,10.846,6,Metinic
19709,2021-06-22T22:16:07Z,10.651,0,Metinic
19710,2021-06-22T22:21:07Z,10.651,2,Metinic
19711,2021-06-22T22:26:07Z,10.651,1,Metinic
19712,2021-06-22T22:31:07Z,10.846,0,Metinic
19713,2021-06-22T22:36:07Z,11.040999999999999,0,Metinic
19714,2021-06-22T22:41:07Z,11.139,0,Metinic
19715,2021-06-22T22:46:07Z,11.334,3,Metinic
19716,2021-06-22T22:51:07Z,11.431,0,Metinic
19717,2021-06-22T22:56:07Z,11.625,0,Metinic
19718,2021-06-22T23:01:07Z,11.722,0,Metinic
19719,2021-06-22T23:06:07Z,11.819,0,Metinic
19720,2021-06-22T23:11:07Z,12.013,0,Metinic
19721,2021-06-22T23:16:07Z,11.916,2,Metinic
19722,2021-06-22T23:21:07Z,11.916,0,Metinic
19723,2021-06-22T23:26:07Z,11.916,0,Metinic
19724,2021-06-22T23:31:07Z,12.013,0,Metinic
19725,2021-06-22T23:36:07Z,12.013,0,Metinic
19726,2021-06-22T23:41:07Z,12.11,0,Metinic
19727,2021-06-22T23:46:07Z,12.11,0,Metinic
19728,2021-06-22T23:51:07Z,12.206999999999999,0,Metinic
19729,2021-06-22T23:56:07Z,12.206999999999999,0,Metinic
19730,2021-06-23T00:01:07Z,12.206999999999999,0,Metinic
19731,2021-06-23T00:06:07Z,12.206999999999999,0,Metinic
19732,2021-06-23T00:11:07Z,12.206999999999999,0,Metinic
19733,2021-06-23T00:16:07Z,12.304,0,Metinic
19734,2021-06-23T00:21:07Z,12.304,0,Metinic
19735,2021-06-23T00:26:07Z,12.304,0,Metinic
19736,2021-06-23T00:31:07Z,12.304,0,Metinic
19737,2021-06-23T00:36:07Z,12.304,0,Metinic
19738,2021-06-23T00:41:07Z,12.304,0,Metinic
19739,2021-06-23T00:46:07Z,12.304,0,Metinic
19740,2021-06-23T00:51:07Z,12.304,0,Metinic
19741,2021-06-23T00:56:07Z,12.304,0,Metinic
19742,2021-06-23T01:01:07Z,12.304,0,Metinic
19743,2021-06-23T01:06:07Z,12.304,0,Metinic
19744,2021-06-23T01:11:07Z,12.304,0,Metinic
19745,2021-06-23T01:16:07Z,12.304,0,Metinic
19746,2021-06-23T01:21:07Z,12.304,0,Metinic
19747,2021-06-23T01:26:07Z,12.304,0,Metinic
19748,2021-06-23T01:31:07Z,12.304,0,Metinic
19749,2021-06-23T01:36:07Z,12.304,0,Metinic
19750,2021-06-23T01:41:07Z,12.304,0,Metinic
19751,2021-06-23T01:46:07Z,12.206999999999999,0,Metinic
19752,2021-06-23T01:51:07Z,12.206999999999999,0,Metinic
19753,2021-06-23T01:56:07Z,12.206999999999999,0,Metinic
19754,2021-06-23T02:01:07Z,12.206999999999999,0,Metinic
19755,2021-06-23T02:06:07Z,12.304,0,Metinic
19756,2021-06-23T02:11:07Z,12.304,0,Metinic
19757,2021-06-23T02:16:07Z,12.401,0,Metinic
19758,2021-06-23T02:21:07Z,12.401,0,Metinic
19759,2021-06-23T02:26:07Z,12.401,0,Metinic
19760,2021-06-23T02:31:07Z,12.401,0,Metinic
19761,2021-06-23T02:36:07Z,12.401,0,Metinic
19762,2021-06-23T02:41:07Z,12.401,0,Metinic
19763,2021-06-23T02:46:07Z,12.401,0,Metinic
19764,2021-06-23T02:51:07Z,12.401,0,Metinic
19765,2021-06-23T02:56:07Z,12.304,0,Metinic
19766,2021-06-23T03:01:07Z,12.304,0,Metinic
19767,2021-06-23T03:06:07Z,12.304,0,Metinic
19768,2021-06-23T03:11:07Z,12.304,0,Metinic
19769,2021-06-23T03:16:07Z,12.304,0,Metinic
19770,2021-06-23T03:21:07Z,12.304,0,Metinic
19771,2021-06-23T03:26:07Z,12.304,0,Metinic
19772,2021-06-23T03:31:07Z,12.304,0,Metinic
19773,2021-06-23T03:36:07Z,12.304,0,Metinic
19774,2021-06-23T03:41:07Z,12.304,0,Metinic
19775,2021-06-23T03:46:07Z,12.304,0,Metinic
19776,2021-06-23T03:51:07Z,12.401,0,Metinic
19777,2021-06-23T03:56:07Z,12.401,0,Metinic
19778,2021-06-23T04:01:07Z,12.401,0,Metinic
19779,2021-06-23T04:06:07Z,12.401,0,Metinic
19780,2021-06-23T04:11:07Z,12.304,0,Metinic
19781,2021-06-23T04:16:07Z,12.304,0,Metinic
19782,2021-06-23T04:21:07Z,12.304,0,Metinic
19783,2021-06-23T04:26:07Z,12.304,0,Metinic
19784,2021-06-23T04:31:07Z,12.304,0,Metinic
19785,2021-06-23T04:36:07Z,12.304,0,Metinic
19786,2021-06-23T04:41:07Z,12.206999999999999,0,Metinic
19787,2021-06-23T04:46:07Z,12.206999999999999,0,Metinic
19788,2021-06-23T04:51:07Z,12.206999999999999,0,Metinic
19789,2021-06-23T04:56:07Z,12.11,0,Metinic
19790,2021-06-23T05:01:07Z,12.11,0,Metinic
19791,2021-06-23T05:06:07Z,12.013,0,Metinic
19792,2021-06-23T05:11:07Z,11.916,0,Metinic
19793,2021-06-23T05:16:07Z,11.916,0,Metinic
19794,2021-06-23T05:21:07Z,11.916,0,Metinic
19795,2021-06-23T05:26:07Z,12.013,0,Metinic
19796,2021-06-23T05:31:07Z,12.013,0,Metinic
19797,2021-06-23T05:36:07Z,12.013,0,Metinic
19798,2021-06-23T05:41:07Z,12.013,0,Metinic
19799,2021-06-23T05:46:07Z,11.916,0,Metinic
19800,2021-06-23T05:51:07Z,11.916,0,Metinic
19801,2021-06-23T05:56:07Z,11.916,0,Metinic
19802,2021-06-23T06:01:07Z,12.013,0,Metinic
19803,2021-06-23T06:06:07Z,11.916,0,Metinic
19804,2021-06-23T06:11:07Z,11.916,0,Metinic
19805,2021-06-23T06:16:07Z,11.916,0,Metinic
19806,2021-06-23T06:21:07Z,12.013,0,Metinic
19807,2021-06-23T06:26:07Z,12.013,0,Metinic
19808,2021-06-23T06:31:07Z,12.013,0,Metinic
19809,2021-06-23T06:36:07Z,12.11,0,Metinic
19810,2021-06-23T06:41:07Z,12.11,0,Metinic
19811,2021-06-23T06:46:07Z,12.206999999999999,0,Metinic
19812,2021-06-23T06:51:07Z,12.206999999999999,0,Metinic
19813,2021-06-23T06:56:07Z,12.206999999999999,0,Metinic
19814,2021-06-23T07:01:07Z,12.11,0,Metinic
19815,2021-06-23T07:06:07Z,12.206999999999999,0,Metinic
19816,2021-06-23T07:11:07Z,12.206999999999999,0,Metinic
19817,2021-06-23T07:16:07Z,12.304,0,Metinic
19818,2021-06-23T07:21:07Z,12.304,0,Metinic
19819,2021-06-23T07:26:07Z,12.304,0,Metinic
19820,2021-06-23T07:31:07Z,12.206999999999999,0,Metinic
19821,2021-06-23T07:36:07Z,12.206999999999999,0,Metinic
19822,2021-06-23T07:41:07Z,12.11,0,Metinic
19823,2021-06-23T07:46:07Z,12.11,0,Metinic
19824,2021-06-23T07:51:07Z,12.013,0,Metinic
19825,2021-06-23T07:56:07Z,11.916,0,Metinic
19826,2021-06-23T08:01:07Z,11.916,0,Metinic
19827,2021-06-23T08:06:07Z,11.916,0,Metinic
19828,2021-06-23T08:11:07Z,11.916,0,Metinic
19829,2021-06-23T08:16:07Z,11.819,0,Metinic
19830,2021-06-23T08:21:07Z,11.819,0,Metinic
19831,2021-06-23T08:26:07Z,11.916,0,Metinic
19832,2021-06-23T08:31:07Z,11.916,0,Metinic
19833,2021-06-23T08:36:07Z,11.819,0,Metinic
19834,2021-06-23T08:41:07Z,11.819,0,Metinic
19835,2021-06-23T08:46:07Z,11.722,0,Metinic
19836,2021-06-23T08:51:07Z,11.625,0,Metinic
19837,2021-06-23T08:56:07Z,11.625,0,Metinic
19838,2021-06-23T09:01:07Z,11.722,0,Metinic
19839,2021-06-23T09:06:07Z,11.819,0,Metinic
19840,2021-06-23T09:11:07Z,11.819,7,Metinic
19841,2021-06-23T09:16:07Z,11.819,0,Metinic
19842,2021-06-23T09:21:07Z,11.819,0,Metinic
19843,2021-06-23T09:26:07Z,11.722,3,Metinic
19844,2021-06-23T09:31:07Z,11.625,2,Metinic
19845,2021-06-23T09:36:07Z,11.625,6,Metinic
19846,2021-06-23T09:41:07Z,11.625,22,Metinic
19847,2021-06-23T09:46:07Z,11.722,1,Metinic
19848,2021-06-23T09:51:07Z,11.625,3,Metinic
19849,2021-06-23T09:56:07Z,11.625,0,Metinic
19850,2021-06-23T10:01:07Z,11.625,0,Metinic
19851,2021-06-23T10:06:07Z,11.625,6,Metinic
19852,2021-06-23T10:11:07Z,11.527999999999999,44,Metinic
19853,2021-06-23T10:16:07Z,11.527999999999999,5,Metinic
19854,2021-06-23T10:21:07Z,11.625,35,Metinic
19855,2021-06-23T10:26:07Z,11.625,1,Metinic
19856,2021-06-23T10:31:07Z,11.527999999999999,9,Metinic
19857,2021-06-23T10:36:07Z,11.235999999999999,18,Metinic
19858,2021-06-23T10:41:07Z,11.040999999999999,41,Metinic
19859,2021-06-23T10:46:07Z,11.040999999999999,62,Metinic
19860,2021-06-23T10:51:07Z,11.235999999999999,19,Metinic
19861,2021-06-23T10:56:07Z,11.235999999999999,2,Metinic
19862,2021-06-23T11:01:07Z,11.431,26,Metinic
19863,2021-06-23T11:06:07Z,11.625,34,Metinic
19864,2021-06-23T11:11:07Z,11.625,4,Metinic
19865,2021-06-23T11:16:07Z,11.819,160,Metinic
19866,2021-06-23T11:21:07Z,11.819,15,Metinic
19867,2021-06-23T11:26:07Z,11.819,34,Metinic
19868,2021-06-23T11:31:07Z,11.819,12,Metinic
19869,2021-06-23T11:36:07Z,11.819,14,Metinic
19870,2021-06-23T11:41:07Z,11.819,96,Metinic
19871,2021-06-23T11:46:07Z,11.819,15,Metinic
19872,2021-06-23T11:51:07Z,11.625,240,Metinic
19873,2021-06-23T11:56:07Z,11.527999999999999,6,Metinic
19874,2021-06-23T12:01:07Z,11.431,26,Metinic
19875,2021-06-23T12:06:07Z,11.527999999999999,54,Metinic
19876,2021-06-23T12:11:07Z,11.527999999999999,55,Metinic
19877,2021-06-23T12:16:07Z,11.527999999999999,128,Metinic
19878,2021-06-23T12:21:07Z,11.819,7,Metinic
19879,2021-06-23T12:26:07Z,11.819,14,Metinic
19880,2021-06-23T12:31:07Z,11.916,3,Metinic
19881,2021-06-23T12:36:07Z,11.916,14,Metinic
19882,2021-06-23T12:41:07Z,11.819,9,Metinic
19883,2021-06-23T12:46:07Z,11.819,19,Metinic
19884,2021-06-23T12:51:07Z,11.916,3,Metinic
19885,2021-06-23T12:56:07Z,11.916,11,Metinic
19886,2021-06-23T13:01:07Z,11.916,33,Metinic
19887,2021-06-23T13:06:07Z,11.916,168,Metinic
19888,2021-06-23T13:11:07Z,11.916,96,Metinic
19889,2021-06-23T13:16:07Z,11.916,320,Metinic
19890,2021-06-23T13:21:07Z,11.916,6,Metinic
19891,2021-06-23T13:26:07Z,12.013,33,Metinic
19892,2021-06-23T13:31:07Z,12.013,7,Metinic
19893,2021-06-23T13:36:07Z,11.916,88,Metinic
19894,2021-06-23T13:41:07Z,12.013,110,Metinic
19895,2021-06-23T13:46:07Z,12.013,184,Metinic
19896,2021-06-23T13:51:07Z,12.013,11,Metinic
19897,2021-06-23T13:56:07Z,12.013,41,Metinic
19898,2021-06-23T14:01:07Z,12.013,15,Metinic
19899,2021-06-23T14:06:07Z,12.013,480,Metinic
19900,2021-06-23T14:11:07Z,12.11,25,Metinic
19901,2021-06-23T14:16:07Z,12.11,11,Metinic
19902,2021-06-23T14:21:07Z,12.11,136,Metinic
19903,2021-06-23T14:26:07Z,12.206999999999999,29,Metinic
19904,2021-06-23T14:31:07Z,12.11,11,Metinic
19905,2021-06-23T14:36:07Z,12.11,57,Metinic
19906,2021-06-23T14:41:07Z,12.11,81,Metinic
19907,2021-06-23T14:46:07Z,12.206999999999999,78,Metinic
19908,2021-06-23T14:51:07Z,12.206999999999999,576,Metinic
19909,2021-06-23T14:56:07Z,12.206999999999999,12,Metinic
19910,2021-06-23T15:01:07Z,12.206999999999999,512,Metinic
19911,2021-06-23T15:06:07Z,12.11,672,Metinic
19912,2021-06-23T15:11:07Z,12.206999999999999,14,Metinic
19913,2021-06-23T15:16:07Z,12.304,5,Metinic
19914,2021-06-23T15:21:07Z,12.206999999999999,2,Metinic
19915,2021-06-23T15:26:07Z,12.304,24,Metinic
19916,2021-06-23T15:31:07Z,12.304,320,Metinic
19917,2021-06-23T15:36:07Z,12.304,17,Metinic
19918,2021-06-23T15:41:07Z,12.401,1,Metinic
19919,2021-06-23T15:46:07Z,12.304,25,Metinic
19920,2021-06-23T15:51:07Z,12.304,19,Metinic
19921,2021-06-23T15:56:07Z,12.304,44,Metinic
19922,2021-06-23T16:01:07Z,12.304,3,Metinic
19923,2021-06-23T16:06:07Z,12.401,5,Metinic
19924,2021-06-23T16:11:07Z,12.594,45,Metinic
19925,2021-06-23T16:16:07Z,12.304,123,Metinic
19926,2021-06-23T16:21:07Z,12.206999999999999,10,Metinic
19927,2021-06-23T16:26:07Z,12.304,6,Metinic
19928,2021-06-23T16:31:07Z,12.304,232,Metinic
19929,2021-06-23T16:36:07Z,12.206999999999999,320,Metinic
19930,2021-06-23T16:41:07Z,12.206999999999999,184,Metinic
19931,2021-06-23T16:46:07Z,12.206999999999999,864,Metinic
19932,2021-06-23T16:51:07Z,12.206999999999999,480,Metinic
19933,2021-06-23T16:56:07Z,12.206999999999999,800,Metinic
19934,2021-06-23T17:01:07Z,12.206999999999999,108,Metinic
19935,2021-06-23T17:06:07Z,12.206999999999999,160,Metinic
19936,2021-06-23T17:11:07Z,12.206999999999999,400,Metinic
19937,2021-06-23T17:16:07Z,12.206999999999999,79,Metinic
19938,2021-06-23T17:21:07Z,12.206999999999999,48,Metinic
19939,2021-06-23T17:26:07Z,12.206999999999999,40,Metinic
19940,2021-06-23T17:31:07Z,12.304,32,Metinic
19941,2021-06-23T17:36:07Z,12.206999999999999,81,Metinic
19942,2021-06-23T17:41:07Z,12.206999999999999,73,Metinic
19943,2021-06-23T17:46:07Z,12.11,16,Metinic
19944,2021-06-23T17:51:07Z,12.11,74,Metinic
19945,2021-06-23T17:56:07Z,12.013,608,Metinic
19946,2021-06-23T18:01:07Z,12.206999999999999,192,Metinic
19947,2021-06-23T18:06:07Z,12.013,29,Metinic
19948,2021-06-23T18:11:07Z,12.11,62,Metinic
19949,2021-06-23T18:16:07Z,11.916,119,Metinic
19950,2021-06-23T18:21:07Z,12.013,79,Metinic
19951,2021-06-23T18:26:07Z,11.916,12,Metinic
19952,2021-06-23T18:31:07Z,11.819,1088,Metinic
19953,2021-06-23T18:36:07Z,11.722,12,Metinic
19954,2021-06-23T18:41:07Z,11.722,1344,Metinic
19955,2021-06-23T18:46:07Z,11.722,864,Metinic
19956,2021-06-23T18:51:07Z,11.625,90,Metinic
19957,2021-06-23T18:56:07Z,11.527999999999999,608,Metinic
19958,2021-06-23T19:01:07Z,11.527999999999999,40,Metinic
19959,2021-06-23T19:06:07Z,11.527999999999999,99,Metinic
19960,2021-06-23T19:11:07Z,11.625,496,Metinic
19961,2021-06-23T19:16:07Z,11.819,152,Metinic
19962,2021-06-23T19:21:07Z,11.819,608,Metinic
19963,2021-06-23T19:26:07Z,12.013,608,Metinic
19964,2021-06-23T19:31:07Z,12.304,704,Metinic
19965,2021-06-23T19:36:07Z,12.401,76,Metinic
19966,2021-06-23T19:41:07Z,12.594,108,Metinic
19967,2021-06-23T19:46:07Z,12.594,368,Metinic
19968,2021-06-23T19:51:07Z,12.594,448,Metinic
19969,2021-06-23T19:56:07Z,12.594,8,Metinic
19970,2021-06-23T20:01:07Z,12.594,84,Metinic
19971,2021-06-23T20:06:07Z,12.594,73,Metinic
19972,2021-06-23T20:11:07Z,12.594,70,Metinic
19973,2021-06-23T20:16:07Z,12.594,4,Metinic
19974,2021-06-23T20:21:07Z,12.594,13,Metinic
19975,2021-06-23T20:26:07Z,12.594,24,Metinic
19976,2021-06-23T20:31:07Z,12.594,11,Metinic
19977,2021-06-23T20:36:07Z,12.594,248,Metinic
19978,2021-06-23T20:41:07Z,12.69,12,Metinic
19979,2021-06-23T20:46:07Z,12.69,176,Metinic
19980,2021-06-23T20:51:07Z,12.69,136,Metinic
19981,2021-06-23T20:56:07Z,12.69,2,Metinic
19982,2021-06-23T21:01:07Z,12.69,14,Metinic
19983,2021-06-23T21:06:07Z,12.69,7,Metinic
19984,2021-06-23T21:11:07Z,12.69,7,Metinic
19985,2021-06-23T21:16:07Z,12.594,76,Metinic
19986,2021-06-23T21:21:07Z,12.497,82,Metinic
19987,2021-06-23T21:26:07Z,12.497,2,Metinic
19988,2021-06-23T21:31:07Z,12.401,2,Metinic
19989,2021-06-23T21:36:07Z,12.304,14,Metinic
19990,2021-06-23T21:41:07Z,12.304,97,Metinic
19991,2021-06-23T21:46:07Z,12.206999999999999,127,Metinic
19992,2021-06-23T21:51:07Z,12.206999999999999,5,Metinic
19993,2021-06-23T21:56:07Z,12.206999999999999,28,Metinic
19994,2021-06-23T22:01:07Z,12.206999999999999,11,Metinic
19995,2021-06-23T22:06:07Z,12.013,3,Metinic
19996,2021-06-23T22:11:07Z,11.916,4,Metinic
19997,2021-06-23T22:16:07Z,11.722,128,Metinic
19998,2021-06-23T22:21:07Z,11.625,9,Metinic
19999,2021-06-23T22:26:07Z,11.527999999999999,26,Metinic
20000,2021-06-23T22:31:07Z,11.334,8,Metinic
20001,2021-06-23T22:36:07Z,11.139,0,Metinic
20002,2021-06-23T22:41:07Z,10.943999999999999,11,Metinic
20003,2021-06-23T22:46:07Z,10.943999999999999,37,Metinic
20004,2021-06-23T22:51:07Z,10.943999999999999,4,Metinic
20005,2021-06-23T22:56:07Z,10.943999999999999,50,Metinic
20006,2021-06-23T23:01:07Z,10.846,1,Metinic
20007,2021-06-23T23:06:07Z,10.846,8,Metinic
20008,2021-06-23T23:11:07Z,10.846,9,Metinic
20009,2021-06-23T23:16:07Z,10.846,2,Metinic
20010,2021-06-23T23:21:07Z,10.846,0,Metinic
20011,2021-06-23T23:26:07Z,10.846,0,Metinic
20012,2021-06-23T23:31:07Z,10.846,1,Metinic
20013,2021-06-23T23:36:07Z,10.846,11,Metinic
20014,2021-06-23T23:41:07Z,10.846,0,Metinic
20015,2021-06-23T23:46:07Z,10.747999999999998,3,Metinic
20016,2021-06-23T23:51:07Z,10.747999999999998,0,Metinic
20017,2021-06-23T23:56:07Z,10.651,0,Metinic
20018,2021-06-24T00:01:07Z,10.553,0,Metinic
20019,2021-06-24T00:06:07Z,10.553,0,Metinic
20020,2021-06-24T00:11:07Z,10.455000000000002,1,Metinic
20021,2021-06-24T00:16:07Z,10.455000000000002,0,Metinic
20022,2021-06-24T00:21:07Z,10.455000000000002,0,Metinic
20023,2021-06-24T00:26:07Z,10.553,0,Metinic
20024,2021-06-24T00:31:07Z,10.553,0,Metinic
20025,2021-06-24T00:36:07Z,10.846,0,Metinic
20026,2021-06-24T00:41:07Z,10.943999999999999,0,Metinic
20027,2021-06-24T00:46:07Z,11.040999999999999,0,Metinic
20028,2021-06-24T00:51:07Z,11.139,0,Metinic
20029,2021-06-24T00:56:07Z,11.139,0,Metinic
20030,2021-06-24T01:01:07Z,11.235999999999999,0,Metinic
20031,2021-06-24T01:06:07Z,11.334,0,Metinic
20032,2021-06-24T01:11:07Z,11.431,0,Metinic
20033,2021-06-24T01:16:07Z,11.527999999999999,0,Metinic
20034,2021-06-24T01:21:07Z,11.722,0,Metinic
20035,2021-06-24T01:26:07Z,11.819,0,Metinic
20036,2021-06-24T01:31:07Z,11.916,0,Metinic
20037,2021-06-24T01:36:07Z,12.013,0,Metinic
20038,2021-06-24T01:41:07Z,12.013,0,Metinic
20039,2021-06-24T01:46:07Z,12.11,0,Metinic
20040,2021-06-24T01:51:07Z,12.013,0,Metinic
20041,2021-06-24T01:56:07Z,12.013,0,Metinic
20042,2021-06-24T02:01:07Z,12.013,0,Metinic
20043,2021-06-24T02:06:07Z,12.013,0,Metinic
20044,2021-06-24T02:11:07Z,12.013,0,Metinic
20045,2021-06-24T02:16:07Z,12.013,0,Metinic
20046,2021-06-24T02:21:07Z,12.013,0,Metinic
20047,2021-06-24T02:26:07Z,12.013,0,Metinic
20048,2021-06-24T02:31:07Z,12.013,0,Metinic
20049,2021-06-24T02:36:07Z,11.916,0,Metinic
20050,2021-06-24T02:41:07Z,11.916,0,Metinic
20051,2021-06-24T02:46:07Z,11.916,0,Metinic
20052,2021-06-24T02:51:07Z,11.819,0,Metinic
20053,2021-06-24T02:56:07Z,11.722,0,Metinic
20054,2021-06-24T03:01:07Z,11.625,0,Metinic
20055,2021-06-24T03:06:07Z,11.527999999999999,0,Metinic
20056,2021-06-24T03:11:07Z,11.527999999999999,0,Metinic
20057,2021-06-24T03:16:07Z,11.527999999999999,0,Metinic
20058,2021-06-24T03:21:07Z,11.527999999999999,0,Metinic
20059,2021-06-24T03:26:07Z,11.431,0,Metinic
20060,2021-06-24T03:31:07Z,11.527999999999999,0,Metinic
20061,2021-06-24T03:36:07Z,11.527999999999999,0,Metinic
20062,2021-06-24T03:41:07Z,11.431,0,Metinic
20063,2021-06-24T03:46:07Z,11.431,0,Metinic
20064,2021-06-24T03:51:07Z,11.431,0,Metinic
20065,2021-06-24T03:56:07Z,11.431,0,Metinic
20066,2021-06-24T04:01:07Z,11.431,0,Metinic
20067,2021-06-24T04:06:07Z,11.431,0,Metinic
20068,2021-06-24T04:11:07Z,11.431,0,Metinic
20069,2021-06-24T04:16:07Z,11.431,0,Metinic
20070,2021-06-24T04:21:07Z,11.527999999999999,0,Metinic
20071,2021-06-24T04:26:07Z,11.527999999999999,0,Metinic
20072,2021-06-24T04:31:07Z,11.527999999999999,0,Metinic
20073,2021-06-24T04:36:07Z,11.431,0,Metinic
20074,2021-06-24T04:41:07Z,11.334,0,Metinic
20075,2021-06-24T04:46:07Z,11.235999999999999,0,Metinic
20076,2021-06-24T04:51:07Z,11.235999999999999,0,Metinic
20077,2021-06-24T04:56:07Z,11.235999999999999,0,Metinic
20078,2021-06-24T05:01:07Z,11.235999999999999,0,Metinic
20079,2021-06-24T05:06:07Z,11.139,0,Metinic
20080,2021-06-24T05:11:07Z,11.139,0,Metinic
20081,2021-06-24T05:16:07Z,11.139,0,Metinic
20082,2021-06-24T05:21:07Z,11.235999999999999,0,Metinic
20083,2021-06-24T05:26:07Z,11.235999999999999,0,Metinic
20084,2021-06-24T05:31:07Z,11.334,0,Metinic
20085,2021-06-24T05:36:07Z,11.334,0,Metinic
20086,2021-06-24T05:41:07Z,11.235999999999999,0,Metinic
20087,2021-06-24T05:46:07Z,11.235999999999999,0,Metinic
20088,2021-06-24T05:51:07Z,11.334,0,Metinic
20089,2021-06-24T05:56:07Z,11.139,0,Metinic
20090,2021-06-24T06:01:07Z,10.943999999999999,0,Metinic
20091,2021-06-24T06:06:07Z,11.040999999999999,0,Metinic
20092,2021-06-24T06:11:07Z,11.040999999999999,0,Metinic
20093,2021-06-24T06:16:07Z,11.040999999999999,0,Metinic
20094,2021-06-24T06:21:07Z,11.040999999999999,0,Metinic
20095,2021-06-24T06:26:07Z,11.040999999999999,0,Metinic
20096,2021-06-24T06:31:07Z,11.040999999999999,0,Metinic
20097,2021-06-24T06:36:07Z,11.040999999999999,0,Metinic
20098,2021-06-24T06:41:07Z,11.040999999999999,0,Metinic
20099,2021-06-24T06:46:07Z,11.040999999999999,0,Metinic
20100,2021-06-24T06:51:07Z,11.139,0,Metinic
20101,2021-06-24T06:56:07Z,11.139,0,Metinic
20102,2021-06-24T07:01:07Z,11.139,0,Metinic
20103,2021-06-24T07:06:07Z,11.139,0,Metinic
20104,2021-06-24T07:11:07Z,11.139,0,Metinic
20105,2021-06-24T07:16:07Z,11.139,0,Metinic
20106,2021-06-24T07:21:07Z,11.235999999999999,0,Metinic
20107,2021-06-24T07:26:07Z,11.235999999999999,0,Metinic
20108,2021-06-24T07:31:07Z,11.235999999999999,0,Metinic
20109,2021-06-24T07:36:07Z,11.139,0,Metinic
20110,2021-06-24T07:41:07Z,11.139,0,Metinic
20111,2021-06-24T07:46:07Z,11.139,0,Metinic
20112,2021-06-24T07:51:07Z,11.139,0,Metinic
20113,2021-06-24T07:56:07Z,11.139,0,Metinic
20114,2021-06-24T08:01:07Z,11.139,0,Metinic
20115,2021-06-24T08:06:07Z,11.139,0,Metinic
20116,2021-06-24T08:11:07Z,11.139,0,Metinic
20117,2021-06-24T08:16:07Z,11.139,0,Metinic
20118,2021-06-24T08:21:07Z,11.139,0,Metinic
20119,2021-06-24T08:26:07Z,11.139,0,Metinic
20120,2021-06-24T08:31:07Z,11.040999999999999,0,Metinic
20121,2021-06-24T08:36:07Z,11.139,0,Metinic
20122,2021-06-24T08:41:07Z,11.139,0,Metinic
20123,2021-06-24T08:46:07Z,11.235999999999999,0,Metinic
20124,2021-06-24T08:51:07Z,11.235999999999999,1,Metinic
20125,2021-06-24T08:56:07Z,11.334,0,Metinic
20126,2021-06-24T09:01:07Z,11.334,5,Metinic
20127,2021-06-24T09:06:07Z,11.431,12,Metinic
20128,2021-06-24T09:11:07Z,11.431,1,Metinic
20129,2021-06-24T09:16:07Z,11.431,0,Metinic
20130,2021-06-24T09:21:07Z,11.431,13,Metinic
20131,2021-06-24T09:26:07Z,11.431,17,Metinic
20132,2021-06-24T09:31:07Z,11.527999999999999,2,Metinic
20133,2021-06-24T09:36:07Z,11.527999999999999,27,Metinic
20134,2021-06-24T09:41:07Z,11.527999999999999,2,Metinic
20135,2021-06-24T09:46:07Z,11.527999999999999,0,Metinic
20136,2021-06-24T09:51:07Z,11.527999999999999,1,Metinic
20137,2021-06-24T09:56:07Z,11.527999999999999,1,Metinic
20138,2021-06-24T10:01:07Z,11.527999999999999,0,Metinic
20139,2021-06-24T10:06:07Z,11.527999999999999,0,Metinic
20140,2021-06-24T10:11:07Z,11.527999999999999,3,Metinic
20141,2021-06-24T10:16:07Z,11.625,7,Metinic
20142,2021-06-24T10:21:07Z,11.625,29,Metinic
20143,2021-06-24T10:26:07Z,11.625,1,Metinic
20144,2021-06-24T10:31:07Z,11.625,3,Metinic
20145,2021-06-24T10:36:07Z,11.625,13,Metinic
20146,2021-06-24T10:41:07Z,11.722,0,Metinic
20147,2021-06-24T10:46:07Z,11.625,16,Metinic
20148,2021-06-24T10:51:07Z,11.625,17,Metinic
20149,2021-06-24T10:56:07Z,11.625,13,Metinic
20150,2021-06-24T11:01:07Z,11.625,8,Metinic
20151,2021-06-24T11:06:07Z,11.625,79,Metinic
20152,2021-06-24T11:11:07Z,11.527999999999999,74,Metinic
20153,2021-06-24T11:16:07Z,11.527999999999999,232,Metinic
20154,2021-06-24T11:21:07Z,11.625,114,Metinic
20155,2021-06-24T11:26:07Z,11.527999999999999,200,Metinic
20156,2021-06-24T11:31:07Z,11.625,117,Metinic
20157,2021-06-24T11:36:07Z,11.527999999999999,288,Metinic
20158,2021-06-24T11:41:07Z,11.527999999999999,20,Metinic
20159,2021-06-24T11:46:07Z,11.625,97,Metinic
20160,2021-06-24T11:51:07Z,11.625,5,Metinic
20161,2021-06-24T11:56:07Z,11.625,352,Metinic
20162,2021-06-24T12:01:07Z,11.625,152,Metinic
20163,2021-06-24T12:06:07Z,11.722,87,Metinic
20164,2021-06-24T12:11:07Z,11.722,480,Metinic
20165,2021-06-24T12:16:07Z,11.722,168,Metinic
20166,2021-06-24T12:21:07Z,11.722,9,Metinic
20167,2021-06-24T12:26:07Z,11.625,144,Metinic
20168,2021-06-24T12:31:07Z,11.431,2,Metinic
20169,2021-06-24T12:36:07Z,11.139,12,Metinic
20170,2021-06-24T12:41:07Z,10.943999999999999,16,Metinic
20171,2021-06-24T12:46:07Z,10.846,20,Metinic
20172,2021-06-24T12:51:07Z,10.747999999999998,2,Metinic
20173,2021-06-24T12:56:07Z,10.846,22,Metinic
20174,2021-06-24T13:01:07Z,10.846,38,Metinic
20175,2021-06-24T13:06:07Z,11.040999999999999,19,Metinic
20176,2021-06-24T13:11:07Z,11.334,2,Metinic
20177,2021-06-24T13:16:07Z,11.527999999999999,7,Metinic
20178,2021-06-24T13:21:07Z,11.722,13,Metinic
20179,2021-06-24T13:26:07Z,11.722,47,Metinic
20180,2021-06-24T13:31:07Z,11.916,42,Metinic
20181,2021-06-24T13:36:07Z,12.013,46,Metinic
20182,2021-06-24T13:41:07Z,12.013,23,Metinic
20183,2021-06-24T13:46:07Z,12.11,14,Metinic
20184,2021-06-24T13:51:07Z,12.206999999999999,3,Metinic
20185,2021-06-24T13:56:07Z,12.206999999999999,40,Metinic
20186,2021-06-24T14:01:07Z,12.206999999999999,36,Metinic
20187,2021-06-24T14:06:07Z,12.206999999999999,59,Metinic
20188,2021-06-24T14:11:07Z,12.304,57,Metinic
20189,2021-06-24T14:16:07Z,12.304,45,Metinic
20190,2021-06-24T14:21:07Z,12.401,55,Metinic
20191,2021-06-24T14:26:07Z,12.401,9,Metinic
20192,2021-06-24T14:31:07Z,12.401,7,Metinic
20193,2021-06-24T14:36:07Z,12.401,49,Metinic
20194,2021-06-24T14:41:07Z,12.401,69,Metinic
20195,2021-06-24T14:46:07Z,12.497,63,Metinic
20196,2021-06-24T14:51:07Z,12.497,65,Metinic
20197,2021-06-24T14:56:07Z,12.497,40,Metinic
20198,2021-06-24T15:01:07Z,12.497,15,Metinic
20199,2021-06-24T15:06:07Z,12.497,7,Metinic
20200,2021-06-24T15:11:07Z,12.497,24,Metinic
20201,2021-06-24T15:16:07Z,12.497,55,Metinic
20202,2021-06-24T15:21:07Z,12.594,15,Metinic
20203,2021-06-24T15:26:07Z,12.497,68,Metinic
20204,2021-06-24T15:31:07Z,12.594,26,Metinic
20205,2021-06-24T15:36:07Z,12.497,51,Metinic
20206,2021-06-24T15:41:07Z,12.594,39,Metinic
20207,2021-06-24T15:46:07Z,12.497,29,Metinic
20208,2021-06-24T15:51:07Z,12.69,64,Metinic
20209,2021-06-24T15:56:07Z,12.594,37,Metinic
20210,2021-06-24T16:01:07Z,12.69,45,Metinic
20211,2021-06-24T16:06:07Z,12.594,21,Metinic
20212,2021-06-24T16:11:07Z,12.69,85,Metinic
20213,2021-06-24T16:16:07Z,12.594,9,Metinic
20214,2021-06-24T16:21:07Z,12.69,92,Metinic
20215,2021-06-24T16:26:07Z,12.594,7,Metinic
20216,2021-06-24T16:31:07Z,12.69,99,Metinic
20217,2021-06-24T16:36:07Z,12.69,31,Metinic
20218,2021-06-24T16:41:07Z,12.69,2,Metinic
20219,2021-06-24T16:46:07Z,12.69,38,Metinic
20220,2021-06-24T16:51:07Z,12.69,101,Metinic
20221,2021-06-24T16:56:07Z,12.69,2,Metinic
20222,2021-06-24T17:01:07Z,12.594,17,Metinic
20223,2021-06-24T17:06:07Z,12.69,4,Metinic
20224,2021-06-24T17:11:07Z,12.69,75,Metinic
20225,2021-06-24T17:16:07Z,12.69,43,Metinic
20226,2021-06-24T17:21:07Z,12.69,106,Metinic
20227,2021-06-24T17:26:07Z,12.69,50,Metinic
20228,2021-06-24T17:31:07Z,12.69,106,Metinic
20229,2021-06-24T17:36:07Z,12.69,86,Metinic
20230,2021-06-24T17:41:07Z,12.69,49,Metinic
20231,2021-06-24T17:46:07Z,12.883000000000001,55,Metinic
20232,2021-06-24T17:51:07Z,12.786999999999999,4,Metinic
20233,2021-06-24T17:56:07Z,12.786999999999999,115,Metinic
20234,2021-06-24T18:01:07Z,12.786999999999999,38,Metinic
20235,2021-06-24T18:06:07Z,12.786999999999999,110,Metinic
20236,2021-06-24T18:11:07Z,12.497,47,Metinic
20237,2021-06-24T18:16:07Z,12.304,52,Metinic
20238,2021-06-24T18:21:07Z,12.206999999999999,78,Metinic
20239,2021-06-24T18:26:07Z,12.206999999999999,44,Metinic
20240,2021-06-24T18:31:07Z,12.206999999999999,110,Metinic
20241,2021-06-24T18:36:07Z,11.916,6,Metinic
20242,2021-06-24T18:41:07Z,11.916,18,Metinic
20243,2021-06-24T18:46:07Z,11.916,54,Metinic
20244,2021-06-24T18:51:07Z,11.819,98,Metinic
20245,2021-06-24T18:56:07Z,11.819,19,Metinic
20246,2021-06-24T19:01:07Z,11.722,11,Metinic
20247,2021-06-24T19:06:07Z,11.722,71,Metinic
20248,2021-06-24T19:11:07Z,11.722,69,Metinic
20249,2021-06-24T19:16:07Z,11.722,27,Metinic
20250,2021-06-24T19:21:07Z,11.625,80,Metinic
20251,2021-06-24T19:26:07Z,11.527999999999999,94,Metinic
20252,2021-06-24T19:31:07Z,11.527999999999999,5,Metinic
20253,2021-06-24T19:36:07Z,11.527999999999999,41,Metinic
20254,2021-06-24T19:41:07Z,11.527999999999999,70,Metinic
20255,2021-06-24T19:46:07Z,11.527999999999999,86,Metinic
20256,2021-06-24T19:51:07Z,11.625,71,Metinic
20257,2021-06-24T19:56:07Z,11.625,83,Metinic
20258,2021-06-24T20:01:07Z,11.625,11,Metinic
20259,2021-06-24T20:06:07Z,11.722,111,Metinic
20260,2021-06-24T20:11:07Z,11.819,94,Metinic
20261,2021-06-24T20:16:07Z,11.819,18,Metinic
20262,2021-06-24T20:21:07Z,11.916,8,Metinic
20263,2021-06-24T20:26:07Z,11.916,81,Metinic
20264,2021-06-24T20:31:07Z,11.916,40,Metinic
20265,2021-06-24T20:36:07Z,11.916,66,Metinic
20266,2021-06-24T20:41:07Z,12.013,35,Metinic
20267,2021-06-24T20:46:07Z,12.013,34,Metinic
20268,2021-06-24T20:51:07Z,12.304,15,Metinic
20269,2021-06-24T20:56:07Z,12.497,7,Metinic
20270,2021-06-24T21:01:07Z,12.594,30,Metinic
20271,2021-06-24T21:06:07Z,12.98,19,Metinic
20272,2021-06-24T21:11:07Z,13.173,41,Metinic
20273,2021-06-24T21:16:07Z,13.269,48,Metinic
20274,2021-06-24T21:21:07Z,13.173,48,Metinic
20275,2021-06-24T21:26:07Z,13.076,34,Metinic
20276,2021-06-24T21:31:07Z,12.98,32,Metinic
20277,2021-06-24T21:36:07Z,12.883000000000001,2,Metinic
20278,2021-06-24T21:41:07Z,12.69,27,Metinic
20279,2021-06-24T21:46:07Z,12.786999999999999,35,Metinic
20280,2021-06-24T21:51:07Z,12.69,24,Metinic
20281,2021-06-24T21:56:07Z,12.69,14,Metinic
20282,2021-06-24T22:01:07Z,12.69,13,Metinic
20283,2021-06-24T22:06:07Z,12.69,28,Metinic
20284,2021-06-24T22:11:07Z,12.594,7,Metinic
20285,2021-06-24T22:16:07Z,12.594,10,Metinic
20286,2021-06-24T22:21:07Z,12.594,12,Metinic
20287,2021-06-24T22:26:07Z,12.594,14,Metinic
20288,2021-06-24T22:31:07Z,12.497,16,Metinic
20289,2021-06-24T22:36:07Z,12.497,2,Metinic
20290,2021-06-24T22:41:07Z,12.401,7,Metinic
20291,2021-06-24T22:46:07Z,12.401,5,Metinic
20292,2021-06-24T22:51:07Z,12.401,2,Metinic
20293,2021-06-24T22:56:07Z,12.401,1,Metinic
20294,2021-06-24T23:01:07Z,12.304,3,Metinic
20295,2021-06-24T23:06:07Z,12.304,3,Metinic
20296,2021-06-24T23:11:07Z,12.206999999999999,4,Metinic
20297,2021-06-24T23:16:07Z,12.013,2,Metinic
20298,2021-06-24T23:21:07Z,12.013,3,Metinic
20299,2021-06-24T23:26:07Z,11.819,2,Metinic
20300,2021-06-24T23:31:07Z,11.722,4,Metinic
20301,2021-06-24T23:36:07Z,11.625,0,Metinic
20302,2021-06-24T23:41:07Z,11.527999999999999,1,Metinic
20303,2021-06-24T23:46:07Z,11.431,0,Metinic
20304,2021-06-24T23:51:07Z,11.334,1,Metinic
20305,2021-06-24T23:56:07Z,11.334,1,Metinic
20306,2021-06-25T00:01:07Z,11.235999999999999,0,Metinic
20307,2021-06-25T00:06:07Z,11.139,0,Metinic
20308,2021-06-25T00:11:07Z,11.040999999999999,0,Metinic
20309,2021-06-25T00:16:07Z,11.040999999999999,0,Metinic
20310,2021-06-25T00:21:07Z,11.040999999999999,0,Metinic
20311,2021-06-25T00:26:07Z,10.943999999999999,0,Metinic
20312,2021-06-25T00:31:07Z,10.943999999999999,0,Metinic
20313,2021-06-25T00:36:07Z,10.943999999999999,0,Metinic
20314,2021-06-25T00:41:07Z,10.846,0,Metinic
20315,2021-06-25T00:46:07Z,10.747999999999998,0,Metinic
20316,2021-06-25T00:51:07Z,10.651,0,Metinic
20317,2021-06-25T00:56:07Z,10.651,0,Metinic
20318,2021-06-25T01:01:07Z,10.651,0,Metinic
20319,2021-06-25T01:06:07Z,10.553,0,Metinic
20320,2021-06-25T01:11:07Z,10.553,0,Metinic
20321,2021-06-25T01:16:07Z,10.553,0,Metinic
20322,2021-06-25T01:21:07Z,10.553,0,Metinic
20323,2021-06-25T01:26:07Z,10.553,0,Metinic
20324,2021-06-25T01:31:07Z,10.553,0,Metinic
20325,2021-06-25T01:36:07Z,10.553,0,Metinic
20326,2021-06-25T01:41:07Z,10.553,0,Metinic
20327,2021-06-25T01:46:07Z,10.651,0,Metinic
20328,2021-06-25T01:51:07Z,10.943999999999999,0,Metinic
20329,2021-06-25T01:56:07Z,11.139,0,Metinic
20330,2021-06-25T02:01:07Z,11.334,0,Metinic
20331,2021-06-25T02:06:07Z,11.431,0,Metinic
20332,2021-06-25T02:11:07Z,11.431,0,Metinic
20333,2021-06-25T02:16:07Z,11.625,0,Metinic
20334,2021-06-25T02:21:07Z,11.625,0,Metinic
20335,2021-06-25T02:26:07Z,11.722,0,Metinic
20336,2021-06-25T02:31:07Z,11.819,0,Metinic
20337,2021-06-25T02:36:07Z,11.916,0,Metinic
20338,2021-06-25T02:41:07Z,12.11,0,Metinic
20339,2021-06-25T02:46:07Z,12.013,0,Metinic
20340,2021-06-25T02:51:07Z,12.013,0,Metinic
20341,2021-06-25T02:56:07Z,12.013,0,Metinic
20342,2021-06-25T03:01:07Z,11.916,0,Metinic
20343,2021-06-25T03:06:07Z,11.819,0,Metinic
20344,2021-06-25T03:11:07Z,11.625,0,Metinic
20345,2021-06-25T03:16:07Z,11.431,0,Metinic
20346,2021-06-25T03:21:07Z,11.334,0,Metinic
20347,2021-06-25T03:26:07Z,11.334,0,Metinic
20348,2021-06-25T03:31:07Z,11.527999999999999,0,Metinic
20349,2021-06-25T03:36:07Z,11.625,0,Metinic
20350,2021-06-25T03:41:07Z,11.722,0,Metinic
20351,2021-06-25T03:46:07Z,11.819,0,Metinic
20352,2021-06-25T03:51:07Z,11.916,0,Metinic
20353,2021-06-25T03:56:07Z,12.013,0,Metinic
20354,2021-06-25T04:01:07Z,12.11,0,Metinic
20355,2021-06-25T04:06:07Z,12.11,0,Metinic
20356,2021-06-25T04:11:07Z,12.11,0,Metinic
20357,2021-06-25T04:16:07Z,12.013,0,Metinic
20358,2021-06-25T04:21:07Z,12.11,0,Metinic
20359,2021-06-25T04:26:07Z,12.11,0,Metinic
20360,2021-06-25T04:31:07Z,12.11,0,Metinic
20361,2021-06-25T04:36:07Z,12.11,0,Metinic
20362,2021-06-25T04:41:07Z,12.206999999999999,0,Metinic
20363,2021-06-25T04:46:07Z,12.11,0,Metinic
20364,2021-06-25T04:51:07Z,12.11,0,Metinic
20365,2021-06-25T04:56:07Z,12.206999999999999,0,Metinic
20366,2021-06-25T05:01:07Z,12.206999999999999,0,Metinic
20367,2021-06-25T05:06:07Z,12.206999999999999,0,Metinic
20368,2021-06-25T05:11:07Z,12.206999999999999,0,Metinic
20369,2021-06-25T05:16:07Z,12.206999999999999,0,Metinic
20370,2021-06-25T05:21:07Z,12.206999999999999,0,Metinic
20371,2021-06-25T05:26:07Z,12.206999999999999,0,Metinic
20372,2021-06-25T05:31:07Z,12.206999999999999,0,Metinic
20373,2021-06-25T05:36:07Z,12.11,0,Metinic
20374,2021-06-25T05:41:07Z,12.013,0,Metinic
20375,2021-06-25T05:46:07Z,11.916,0,Metinic
20376,2021-06-25T05:51:07Z,11.819,0,Metinic
20377,2021-06-25T05:56:07Z,11.722,0,Metinic
20378,2021-06-25T06:01:07Z,11.625,0,Metinic
20379,2021-06-25T06:06:07Z,11.527999999999999,0,Metinic
20380,2021-06-25T06:11:07Z,11.431,0,Metinic
20381,2021-06-25T06:16:07Z,11.431,0,Metinic
20382,2021-06-25T06:21:07Z,11.431,0,Metinic
20383,2021-06-25T06:26:07Z,11.431,0,Metinic
20384,2021-06-25T06:31:07Z,11.431,0,Metinic
20385,2021-06-25T06:36:07Z,11.431,0,Metinic
20386,2021-06-25T06:41:07Z,11.431,0,Metinic
20387,2021-06-25T06:46:07Z,11.431,0,Metinic
20388,2021-06-25T06:51:07Z,11.334,0,Metinic
20389,2021-06-25T06:56:07Z,11.431,0,Metinic
20390,2021-06-25T07:01:07Z,11.527999999999999,0,Metinic
20391,2021-06-25T07:06:07Z,11.625,0,Metinic
20392,2021-06-25T07:11:07Z,11.722,0,Metinic
20393,2021-06-25T07:16:07Z,11.527999999999999,0,Metinic
20394,2021-06-25T07:21:07Z,11.431,0,Metinic
20395,2021-06-25T07:26:07Z,11.431,0,Metinic
20396,2021-06-25T07:31:07Z,11.431,0,Metinic
20397,2021-06-25T07:36:07Z,11.431,0,Metinic
20398,2021-06-25T07:41:07Z,11.431,0,Metinic
20399,2021-06-25T07:46:07Z,11.431,0,Metinic
20400,2021-06-25T07:51:07Z,11.431,0,Metinic
20401,2021-06-25T07:56:07Z,11.431,0,Metinic
20402,2021-06-25T08:01:07Z,11.431,0,Metinic
20403,2021-06-25T08:06:07Z,11.431,0,Metinic
20404,2021-06-25T08:11:07Z,11.431,0,Metinic
20405,2021-06-25T08:16:07Z,11.431,0,Metinic
20406,2021-06-25T08:21:07Z,11.431,0,Metinic
20407,2021-06-25T08:26:07Z,11.431,0,Metinic
20408,2021-06-25T08:31:07Z,11.527999999999999,0,Metinic
20409,2021-06-25T08:36:07Z,11.527999999999999,0,Metinic
20410,2021-06-25T08:41:07Z,11.625,0,Metinic
20411,2021-06-25T08:46:07Z,11.625,0,Metinic
20412,2021-06-25T08:51:07Z,11.625,0,Metinic
20413,2021-06-25T08:56:07Z,11.722,0,Metinic
20414,2021-06-25T09:01:07Z,11.819,0,Metinic
20415,2021-06-25T09:06:07Z,11.819,0,Metinic
20416,2021-06-25T09:11:07Z,11.819,0,Metinic
20417,2021-06-25T09:16:07Z,11.819,0,Metinic
20418,2021-06-25T09:21:07Z,11.819,1,Metinic
20419,2021-06-25T09:26:07Z,11.819,0,Metinic
20420,2021-06-25T09:31:07Z,11.819,0,Metinic
20421,2021-06-25T09:36:07Z,11.722,3,Metinic
20422,2021-06-25T09:41:07Z,11.819,3,Metinic
20423,2021-06-25T09:46:07Z,11.916,3,Metinic
20424,2021-06-25T09:51:07Z,11.916,1,Metinic
20425,2021-06-25T09:56:07Z,11.916,0,Metinic
20426,2021-06-25T10:01:07Z,11.916,2,Metinic
20427,2021-06-25T10:06:07Z,11.916,4,Metinic
20428,2021-06-25T10:11:07Z,11.916,2,Metinic
20429,2021-06-25T10:16:07Z,12.013,2,Metinic
20430,2021-06-25T10:21:07Z,12.11,9,Metinic
20431,2021-06-25T10:26:07Z,12.11,3,Metinic
20432,2021-06-25T10:31:07Z,12.206999999999999,13,Metinic
20433,2021-06-25T10:36:07Z,12.206999999999999,3,Metinic
20434,2021-06-25T10:41:07Z,12.206999999999999,7,Metinic
20435,2021-06-25T10:46:07Z,12.206999999999999,11,Metinic
20436,2021-06-25T10:51:07Z,12.206999999999999,9,Metinic
20437,2021-06-25T10:56:07Z,12.206999999999999,14,Metinic
20438,2021-06-25T11:01:07Z,12.304,6,Metinic
20439,2021-06-25T11:06:07Z,12.304,3,Metinic
20440,2021-06-25T11:11:07Z,12.304,6,Metinic
20441,2021-06-25T11:16:07Z,12.304,7,Metinic
20442,2021-06-25T11:21:07Z,12.304,2,Metinic
20443,2021-06-25T11:26:07Z,12.304,5,Metinic
20444,2021-06-25T11:31:07Z,12.206999999999999,4,Metinic
20445,2021-06-25T11:36:07Z,12.013,11,Metinic
20446,2021-06-25T11:41:07Z,11.819,1,Metinic
20447,2021-06-25T11:46:07Z,11.722,6,Metinic
20448,2021-06-25T11:51:07Z,11.625,4,Metinic
20449,2021-06-25T11:56:07Z,11.625,3,Metinic
20450,2021-06-25T12:01:07Z,11.625,8,Metinic
20451,2021-06-25T12:06:07Z,11.625,6,Metinic
20452,2021-06-25T12:11:07Z,11.625,4,Metinic
20453,2021-06-25T12:16:07Z,11.527999999999999,4,Metinic
20454,2021-06-25T12:21:07Z,11.527999999999999,2,Metinic
20455,2021-06-25T12:26:07Z,11.527999999999999,8,Metinic
20456,2021-06-25T12:31:07Z,11.431,0,Metinic
20457,2021-06-25T12:36:07Z,11.527999999999999,15,Metinic
20458,2021-06-25T12:41:07Z,11.431,5,Metinic
20459,2021-06-25T12:46:07Z,11.334,27,Metinic
20460,2021-06-25T12:51:07Z,11.334,22,Metinic
20461,2021-06-25T12:56:07Z,11.235999999999999,15,Metinic
20462,2021-06-25T13:01:07Z,11.235999999999999,21,Metinic
20463,2021-06-25T13:06:07Z,11.235999999999999,24,Metinic
20464,2021-06-25T13:11:07Z,11.139,17,Metinic
20465,2021-06-25T13:16:07Z,11.040999999999999,18,Metinic
20466,2021-06-25T13:21:07Z,11.040999999999999,0,Metinic
20467,2021-06-25T13:26:07Z,10.943999999999999,11,Metinic
20468,2021-06-25T13:31:07Z,10.943999999999999,4,Metinic
20469,2021-06-25T13:36:07Z,10.943999999999999,1,Metinic
20470,2021-06-25T13:41:07Z,10.943999999999999,10,Metinic
20471,2021-06-25T13:46:07Z,10.846,17,Metinic
20472,2021-06-25T13:51:07Z,10.846,0,Metinic
20473,2021-06-25T13:56:07Z,10.747999999999998,2,Metinic
20474,2021-06-25T14:01:07Z,10.651,3,Metinic
20475,2021-06-25T14:06:07Z,10.651,5,Metinic
20476,2021-06-25T14:11:07Z,10.651,12,Metinic
20477,2021-06-25T14:16:07Z,10.651,11,Metinic
20478,2021-06-25T14:21:07Z,10.651,11,Metinic
20479,2021-06-25T14:26:07Z,10.651,18,Metinic
20480,2021-06-25T14:31:07Z,10.651,11,Metinic
20481,2021-06-25T14:36:07Z,10.747999999999998,8,Metinic
20482,2021-06-25T14:41:07Z,10.846,19,Metinic
20483,2021-06-25T14:46:07Z,10.943999999999999,35,Metinic
20484,2021-06-25T14:51:07Z,11.235999999999999,31,Metinic
20485,2021-06-25T14:56:07Z,11.235999999999999,6,Metinic
20486,2021-06-25T15:01:07Z,11.139,9,Metinic
20487,2021-06-25T15:06:07Z,11.139,7,Metinic
20488,2021-06-25T15:11:07Z,11.235999999999999,6,Metinic
20489,2021-06-25T15:16:07Z,11.431,7,Metinic
20490,2021-06-25T15:21:07Z,11.431,4,Metinic
20491,2021-06-25T15:26:07Z,11.431,8,Metinic
20492,2021-06-25T15:31:07Z,11.527999999999999,7,Metinic
20493,2021-06-25T15:36:07Z,11.625,14,Metinic
20494,2021-06-25T15:41:07Z,11.722,1,Metinic
20495,2021-06-25T15:46:07Z,11.819,4,Metinic
20496,2021-06-25T15:51:07Z,11.916,30,Metinic
20497,2021-06-25T15:56:07Z,11.819,22,Metinic
20498,2021-06-25T16:01:07Z,11.916,33,Metinic
20499,2021-06-25T16:06:07Z,11.819,7,Metinic
20500,2021-06-25T16:11:07Z,11.819,32,Metinic
20501,2021-06-25T16:16:07Z,11.819,28,Metinic
20502,2021-06-25T16:21:07Z,12.013,72,Metinic
20503,2021-06-25T16:26:07Z,11.916,71,Metinic
20504,2021-06-25T16:31:07Z,11.819,40,Metinic
20505,2021-06-25T16:36:07Z,11.916,33,Metinic
20506,2021-06-25T16:41:07Z,11.916,43,Metinic
20507,2021-06-25T16:46:07Z,11.916,53,Metinic
20508,2021-06-25T16:51:07Z,11.819,34,Metinic
20509,2021-06-25T16:56:07Z,11.819,32,Metinic
20510,2021-06-25T17:01:07Z,11.819,40,Metinic
20511,2021-06-25T17:06:07Z,12.013,68,Metinic
20512,2021-06-25T17:11:07Z,11.916,50,Metinic
20513,2021-06-25T17:16:07Z,11.916,41,Metinic
20514,2021-06-25T17:21:07Z,12.013,4,Metinic
20515,2021-06-25T17:26:07Z,12.013,27,Metinic
20516,2021-06-25T17:31:07Z,12.013,17,Metinic
20517,2021-06-25T17:36:07Z,12.11,43,Metinic
20518,2021-06-25T17:41:07Z,12.11,40,Metinic
20519,2021-06-25T17:46:07Z,12.11,46,Metinic
20520,2021-06-25T17:51:07Z,12.11,35,Metinic
20521,2021-06-25T17:56:07Z,12.206999999999999,48,Metinic
20522,2021-06-25T18:01:07Z,12.206999999999999,44,Metinic
20523,2021-06-25T18:06:07Z,12.206999999999999,24,Metinic
20524,2021-06-25T18:11:07Z,12.206999999999999,16,Metinic
20525,2021-06-25T18:16:07Z,12.206999999999999,36,Metinic
20526,2021-06-25T18:21:07Z,12.206999999999999,47,Metinic
20527,2021-06-25T18:26:07Z,12.304,68,Metinic
20528,2021-06-25T18:31:07Z,12.206999999999999,50,Metinic
20529,2021-06-25T18:36:07Z,12.206999999999999,52,Metinic
20530,2021-06-25T18:41:07Z,12.206999999999999,27,Metinic
20531,2021-06-25T18:46:07Z,12.206999999999999,14,Metinic
20532,2021-06-25T18:51:07Z,12.206999999999999,11,Metinic
20533,2021-06-25T18:56:07Z,12.206999999999999,6,Metinic
20534,2021-06-25T19:01:07Z,12.304,56,Metinic
20535,2021-06-25T19:06:07Z,12.206999999999999,22,Metinic
20536,2021-06-25T19:11:07Z,12.206999999999999,34,Metinic
20537,2021-06-25T19:16:07Z,12.206999999999999,2,Metinic
20538,2021-06-25T19:21:07Z,12.11,32,Metinic
20539,2021-06-25T19:26:07Z,12.013,18,Metinic
20540,2021-06-25T19:31:07Z,12.013,8,Metinic
20541,2021-06-25T19:36:07Z,12.013,31,Metinic
20542,2021-06-25T19:41:07Z,11.916,6,Metinic
20543,2021-06-25T19:46:07Z,11.819,20,Metinic
20544,2021-06-25T19:51:07Z,11.819,27,Metinic
20545,2021-06-25T19:56:07Z,11.819,10,Metinic
20546,2021-06-25T20:01:07Z,11.819,31,Metinic
20547,2021-06-25T20:06:07Z,11.819,42,Metinic
20548,2021-06-25T20:11:07Z,11.916,22,Metinic
20549,2021-06-25T20:16:07Z,11.916,16,Metinic
20550,2021-06-25T20:21:07Z,12.11,55,Metinic
20551,2021-06-25T20:26:07Z,12.11,35,Metinic
20552,2021-06-25T20:31:07Z,12.11,27,Metinic
20553,2021-06-25T20:36:07Z,12.11,28,Metinic
20554,2021-06-25T20:41:07Z,12.11,7,Metinic
20555,2021-06-25T20:46:07Z,12.206999999999999,33,Metinic
20556,2021-06-25T20:51:07Z,12.11,3,Metinic
20557,2021-06-25T20:56:07Z,12.206999999999999,12,Metinic
20558,2021-06-25T21:01:07Z,12.11,11,Metinic
20559,2021-06-25T21:06:07Z,12.11,24,Metinic
20560,2021-06-25T21:11:07Z,12.11,15,Metinic
20561,2021-06-25T21:16:07Z,12.11,12,Metinic
20562,2021-06-25T21:21:07Z,12.11,5,Metinic
20563,2021-06-25T21:26:07Z,12.206999999999999,13,Metinic
20564,2021-06-25T21:31:07Z,12.206999999999999,13,Metinic
20565,2021-06-25T21:36:07Z,12.304,7,Metinic
20566,2021-06-25T21:41:07Z,12.206999999999999,6,Metinic
20567,2021-06-25T21:46:07Z,12.206999999999999,4,Metinic
20568,2021-06-25T21:51:07Z,12.304,9,Metinic
20569,2021-06-25T21:56:07Z,12.206999999999999,3,Metinic
20570,2021-06-25T22:01:07Z,12.206999999999999,0,Metinic
20571,2021-06-25T22:06:07Z,12.013,7,Metinic
20572,2021-06-25T22:11:07Z,12.013,4,Metinic
20573,2021-06-25T22:16:07Z,12.013,8,Metinic
20574,2021-06-25T22:21:07Z,12.013,1,Metinic
20575,2021-06-25T22:26:07Z,12.013,1,Metinic
20576,2021-06-25T22:31:07Z,12.013,0,Metinic
20577,2021-06-25T22:36:07Z,12.013,11,Metinic
20578,2021-06-25T22:41:07Z,12.013,2,Metinic
20579,2021-06-25T22:46:07Z,12.013,5,Metinic
20580,2021-06-25T22:51:07Z,12.11,7,Metinic
20581,2021-06-25T22:56:07Z,12.013,0,Metinic
20582,2021-06-25T23:01:07Z,12.013,6,Metinic
20583,2021-06-25T23:06:07Z,11.916,1,Metinic
20584,2021-06-25T23:11:07Z,11.819,3,Metinic
20585,2021-06-25T23:16:07Z,11.916,3,Metinic
20586,2021-06-25T23:21:07Z,11.916,5,Metinic
20587,2021-06-25T23:26:07Z,11.916,3,Metinic
20588,2021-06-25T23:31:07Z,11.916,2,Metinic
20589,2021-06-25T23:36:07Z,11.916,2,Metinic
20590,2021-06-25T23:41:07Z,11.916,0,Metinic
20591,2021-06-25T23:46:07Z,12.013,1,Metinic
20592,2021-06-25T23:51:07Z,12.013,0,Metinic
20593,2021-06-25T23:56:07Z,12.013,0,Metinic
20594,2021-06-26T00:01:07Z,12.013,0,Metinic
20595,2021-06-26T00:06:07Z,12.013,0,Metinic
20596,2021-06-26T00:11:07Z,12.11,0,Metinic
20597,2021-06-26T00:16:07Z,12.11,0,Metinic
20598,2021-06-26T00:21:07Z,12.206999999999999,0,Metinic
20599,2021-06-26T00:26:07Z,12.206999999999999,0,Metinic
20600,2021-06-26T00:31:07Z,12.206999999999999,0,Metinic
20601,2021-06-26T00:36:07Z,12.11,0,Metinic
20602,2021-06-26T00:41:07Z,11.819,0,Metinic
20603,2021-06-26T00:46:07Z,11.527999999999999,0,Metinic
20604,2021-06-26T00:51:07Z,11.139,0,Metinic
20605,2021-06-26T00:56:07Z,11.040999999999999,0,Metinic
20606,2021-06-26T01:01:07Z,10.943999999999999,0,Metinic
20607,2021-06-26T01:06:07Z,10.943999999999999,0,Metinic
20608,2021-06-26T01:11:07Z,10.943999999999999,0,Metinic
20609,2021-06-26T01:16:07Z,10.943999999999999,0,Metinic
20610,2021-06-26T01:21:07Z,10.943999999999999,0,Metinic
20611,2021-06-26T01:26:07Z,11.040999999999999,0,Metinic
20612,2021-06-26T01:31:07Z,11.040999999999999,0,Metinic
20613,2021-06-26T01:36:07Z,11.040999999999999,0,Metinic
20614,2021-06-26T01:41:07Z,11.040999999999999,0,Metinic
20615,2021-06-26T01:46:07Z,11.040999999999999,0,Metinic
20616,2021-06-26T01:51:07Z,11.040999999999999,0,Metinic
20617,2021-06-26T01:56:07Z,11.040999999999999,0,Metinic
20618,2021-06-26T02:01:07Z,11.040999999999999,0,Metinic
20619,2021-06-26T02:06:07Z,11.139,0,Metinic
20620,2021-06-26T02:11:07Z,11.235999999999999,0,Metinic
20621,2021-06-26T02:16:07Z,11.334,0,Metinic
20622,2021-06-26T02:21:07Z,11.527999999999999,0,Metinic
20623,2021-06-26T02:26:07Z,11.819,0,Metinic
20624,2021-06-26T02:31:07Z,11.916,0,Metinic
20625,2021-06-26T02:36:07Z,12.11,0,Metinic
20626,2021-06-26T02:41:07Z,12.206999999999999,0,Metinic
20627,2021-06-26T02:46:07Z,12.304,0,Metinic
20628,2021-06-26T02:51:07Z,12.304,0,Metinic
20629,2021-06-26T02:56:07Z,12.401,0,Metinic
20630,2021-06-26T03:01:07Z,12.401,0,Metinic
20631,2021-06-26T03:06:07Z,12.497,0,Metinic
20632,2021-06-26T03:11:07Z,12.497,0,Metinic
20633,2021-06-26T03:16:07Z,12.497,0,Metinic
20634,2021-06-26T03:21:07Z,12.594,0,Metinic
20635,2021-06-26T03:26:07Z,12.594,0,Metinic
20636,2021-06-26T03:31:07Z,12.594,0,Metinic
20637,2021-06-26T03:36:07Z,12.594,0,Metinic
20638,2021-06-26T03:41:07Z,12.594,0,Metinic
20639,2021-06-26T03:46:07Z,12.594,0,Metinic
20640,2021-06-26T03:51:07Z,12.594,0,Metinic
20641,2021-06-26T03:56:07Z,12.594,0,Metinic
20642,2021-06-26T04:01:07Z,12.594,0,Metinic
20643,2021-06-26T04:06:07Z,12.594,0,Metinic
20644,2021-06-26T04:11:07Z,12.401,0,Metinic
20645,2021-06-26T04:16:07Z,12.013,0,Metinic
20646,2021-06-26T04:21:07Z,11.819,0,Metinic
20647,2021-06-26T04:26:07Z,11.819,0,Metinic
20648,2021-06-26T04:31:07Z,11.722,0,Metinic
20649,2021-06-26T04:36:07Z,11.819,0,Metinic
20650,2021-06-26T04:41:07Z,11.819,0,Metinic
20651,2021-06-26T04:46:07Z,11.819,0,Metinic
20652,2021-06-26T04:51:07Z,11.819,0,Metinic
20653,2021-06-26T04:56:07Z,11.819,0,Metinic
20654,2021-06-26T05:01:07Z,11.916,0,Metinic
20655,2021-06-26T05:06:07Z,11.916,0,Metinic
20656,2021-06-26T05:11:07Z,12.013,0,Metinic
20657,2021-06-26T05:16:07Z,12.013,0,Metinic
20658,2021-06-26T05:21:07Z,12.013,0,Metinic
20659,2021-06-26T05:26:07Z,12.11,0,Metinic
20660,2021-06-26T05:31:07Z,12.11,0,Metinic
20661,2021-06-26T05:36:07Z,12.11,0,Metinic
20662,2021-06-26T05:41:07Z,12.11,0,Metinic
20663,2021-06-26T05:46:07Z,12.11,0,Metinic
20664,2021-06-26T05:51:07Z,12.11,0,Metinic
20665,2021-06-26T05:56:07Z,12.11,0,Metinic
20666,2021-06-26T06:01:07Z,12.013,0,Metinic
20667,2021-06-26T06:06:07Z,12.11,0,Metinic
20668,2021-06-26T06:11:07Z,12.013,0,Metinic
20669,2021-06-26T06:16:07Z,12.013,0,Metinic
20670,2021-06-26T06:21:07Z,12.013,0,Metinic
20671,2021-06-26T06:26:07Z,12.013,0,Metinic
20672,2021-06-26T06:31:07Z,12.013,0,Metinic
20673,2021-06-26T06:36:07Z,12.013,0,Metinic
20674,2021-06-26T06:41:07Z,12.013,0,Metinic
20675,2021-06-26T06:46:07Z,11.916,0,Metinic
20676,2021-06-26T06:51:07Z,11.819,0,Metinic
20677,2021-06-26T06:56:07Z,11.819,0,Metinic
20678,2021-06-26T07:01:07Z,11.722,0,Metinic
20679,2021-06-26T07:06:07Z,11.625,0,Metinic
20680,2021-06-26T07:11:07Z,11.625,0,Metinic
20681,2021-06-26T07:16:07Z,11.625,0,Metinic
20682,2021-06-26T07:21:07Z,11.527999999999999,0,Metinic
20683,2021-06-26T07:26:07Z,11.527999999999999,0,Metinic
20684,2021-06-26T07:31:07Z,11.527999999999999,0,Metinic
20685,2021-06-26T07:36:07Z,11.527999999999999,0,Metinic
20686,2021-06-26T07:41:07Z,11.527999999999999,0,Metinic
20687,2021-06-26T07:46:07Z,11.527999999999999,0,Metinic
20688,2021-06-26T07:51:07Z,11.527999999999999,0,Metinic
20689,2021-06-26T07:56:07Z,11.527999999999999,0,Metinic
20690,2021-06-26T08:01:07Z,11.527999999999999,0,Metinic
20691,2021-06-26T08:06:07Z,11.527999999999999,0,Metinic
20692,2021-06-26T08:11:07Z,11.527999999999999,0,Metinic
20693,2021-06-26T08:16:07Z,11.527999999999999,0,Metinic
20694,2021-06-26T08:21:07Z,11.431,0,Metinic
20695,2021-06-26T08:26:07Z,11.334,0,Metinic
20696,2021-06-26T08:31:07Z,11.334,0,Metinic
20697,2021-06-26T08:36:07Z,11.334,0,Metinic
20698,2021-06-26T08:41:07Z,11.334,0,Metinic
20699,2021-06-26T08:46:07Z,11.334,0,Metinic
20700,2021-06-26T08:51:07Z,11.334,0,Metinic
20701,2021-06-26T08:56:07Z,11.334,0,Metinic
20702,2021-06-26T09:01:07Z,11.334,0,Metinic
20703,2021-06-26T09:06:07Z,11.334,0,Metinic
20704,2021-06-26T09:11:07Z,11.334,0,Metinic
20705,2021-06-26T09:16:07Z,11.431,0,Metinic
20706,2021-06-26T09:21:07Z,11.431,1,Metinic
20707,2021-06-26T09:26:07Z,11.431,0,Metinic
20708,2021-06-26T09:31:07Z,11.527999999999999,0,Metinic
20709,2021-06-26T09:36:07Z,11.527999999999999,0,Metinic
20710,2021-06-26T09:41:07Z,11.527999999999999,0,Metinic
20711,2021-06-26T09:46:07Z,11.527999999999999,0,Metinic
20712,2021-06-26T09:51:07Z,11.527999999999999,0,Metinic
20713,2021-06-26T09:56:07Z,11.527999999999999,3,Metinic
20714,2021-06-26T10:01:07Z,11.527999999999999,2,Metinic
20715,2021-06-26T10:06:07Z,11.527999999999999,1,Metinic
20716,2021-06-26T10:11:07Z,11.527999999999999,4,Metinic
20717,2021-06-26T10:16:07Z,11.527999999999999,6,Metinic
20718,2021-06-26T10:21:07Z,11.527999999999999,2,Metinic
20719,2021-06-26T10:26:07Z,11.625,5,Metinic
20720,2021-06-26T10:31:07Z,11.722,2,Metinic
20721,2021-06-26T10:36:07Z,11.722,12,Metinic
20722,2021-06-26T10:41:07Z,11.819,10,Metinic
20723,2021-06-26T10:46:07Z,11.819,13,Metinic
20724,2021-06-26T10:51:07Z,11.819,11,Metinic
20725,2021-06-26T10:56:07Z,11.819,8,Metinic
20726,2021-06-26T11:01:07Z,11.916,11,Metinic
20727,2021-06-26T11:06:07Z,11.916,39,Metinic
20728,2021-06-26T11:11:07Z,11.916,45,Metinic
20729,2021-06-26T11:16:07Z,11.916,40,Metinic
20730,2021-06-26T11:21:07Z,11.916,22,Metinic
20731,2021-06-26T11:26:07Z,11.916,21,Metinic
20732,2021-06-26T11:31:07Z,11.916,11,Metinic
20733,2021-06-26T11:36:07Z,11.916,9,Metinic
20734,2021-06-26T11:41:07Z,12.013,6,Metinic
20735,2021-06-26T11:46:07Z,12.013,29,Metinic
20736,2021-06-26T11:51:07Z,12.013,40,Metinic
20737,2021-06-26T11:56:07Z,11.916,28,Metinic
20738,2021-06-26T12:01:07Z,12.013,8,Metinic
20739,2021-06-26T12:06:07Z,11.916,31,Metinic
20740,2021-06-26T12:11:07Z,11.916,23,Metinic
20741,2021-06-26T12:16:07Z,12.013,2,Metinic
20742,2021-06-26T12:21:07Z,12.013,16,Metinic
20743,2021-06-26T12:26:07Z,11.916,20,Metinic
20744,2021-06-26T12:31:07Z,11.916,9,Metinic
20745,2021-06-26T12:36:07Z,11.819,35,Metinic
20746,2021-06-26T12:41:07Z,11.819,22,Metinic
20747,2021-06-26T12:46:07Z,11.722,44,Metinic
20748,2021-06-26T12:51:07Z,11.722,22,Metinic
20749,2021-06-26T12:56:07Z,11.625,18,Metinic
20750,2021-06-26T13:01:07Z,11.625,19,Metinic
20751,2021-06-26T13:06:07Z,11.527999999999999,4,Metinic
20752,2021-06-26T13:11:07Z,11.527999999999999,35,Metinic
20753,2021-06-26T13:16:07Z,11.431,5,Metinic
20754,2021-06-26T13:21:07Z,11.431,29,Metinic
20755,2021-06-26T13:26:07Z,11.431,28,Metinic
20756,2021-06-26T13:31:07Z,11.431,33,Metinic
20757,2021-06-26T13:36:07Z,11.527999999999999,54,Metinic
20758,2021-06-26T13:41:07Z,11.527999999999999,60,Metinic
20759,2021-06-26T13:46:07Z,11.527999999999999,42,Metinic
20760,2021-06-26T13:51:07Z,11.527999999999999,0,Metinic
20761,2021-06-26T13:56:07Z,11.625,55,Metinic
20762,2021-06-26T14:01:07Z,11.527999999999999,15,Metinic
20763,2021-06-26T14:06:07Z,11.527999999999999,38,Metinic
20764,2021-06-26T14:11:07Z,11.527999999999999,30,Metinic
20765,2021-06-26T14:16:07Z,11.625,23,Metinic
20766,2021-06-26T14:21:07Z,11.625,59,Metinic
20767,2021-06-26T14:26:07Z,11.625,44,Metinic
20768,2021-06-26T14:31:07Z,11.625,5,Metinic
20769,2021-06-26T14:36:07Z,11.527999999999999,11,Metinic
20770,2021-06-26T14:41:07Z,11.527999999999999,9,Metinic
20771,2021-06-26T14:46:07Z,11.431,23,Metinic
20772,2021-06-26T14:51:07Z,11.334,34,Metinic
20773,2021-06-26T14:56:07Z,11.334,34,Metinic
20774,2021-06-26T15:01:07Z,11.334,42,Metinic
20775,2021-06-26T15:06:07Z,11.334,39,Metinic
20776,2021-06-26T15:11:07Z,11.334,20,Metinic
20777,2021-06-26T15:16:07Z,11.334,75,Metinic
20778,2021-06-26T15:21:07Z,11.431,74,Metinic
20779,2021-06-26T15:26:07Z,11.625,80,Metinic
20780,2021-06-26T15:31:07Z,11.431,69,Metinic
20781,2021-06-26T15:36:07Z,11.527999999999999,4,Metinic
20782,2021-06-26T15:41:07Z,11.431,35,Metinic
20783,2021-06-26T15:46:07Z,11.625,27,Metinic
20784,2021-06-26T15:51:07Z,11.722,29,Metinic
20785,2021-06-26T15:56:07Z,11.916,19,Metinic
20786,2021-06-26T16:01:07Z,12.11,38,Metinic
20787,2021-06-26T16:06:07Z,12.11,40,Metinic
20788,2021-06-26T16:11:07Z,12.206999999999999,42,Metinic
20789,2021-06-26T16:16:07Z,12.304,44,Metinic
20790,2021-06-26T16:21:07Z,12.401,77,Metinic
20791,2021-06-26T16:26:07Z,12.401,38,Metinic
20792,2021-06-26T16:31:07Z,12.497,55,Metinic
20793,2021-06-26T16:36:07Z,12.401,52,Metinic
20794,2021-06-26T16:41:07Z,12.497,27,Metinic
20795,2021-06-26T16:46:07Z,12.594,37,Metinic
20796,2021-06-26T16:51:07Z,12.594,58,Metinic
20797,2021-06-26T16:56:07Z,12.497,46,Metinic
20798,2021-06-26T17:01:07Z,12.497,41,Metinic
20799,2021-06-26T17:06:07Z,12.497,33,Metinic
20800,2021-06-26T17:11:07Z,12.497,19,Metinic
20801,2021-06-26T17:16:07Z,12.69,68,Metinic
20802,2021-06-26T17:21:07Z,12.594,4,Metinic
20803,2021-06-26T17:26:07Z,12.594,65,Metinic
20804,2021-06-26T17:31:07Z,12.594,42,Metinic
20805,2021-06-26T17:36:07Z,12.594,45,Metinic
20806,2021-06-26T17:41:07Z,12.594,47,Metinic
20807,2021-06-26T17:46:07Z,12.594,32,Metinic
20808,2021-06-26T17:51:07Z,12.594,63,Metinic
20809,2021-06-26T17:56:07Z,12.594,39,Metinic
20810,2021-06-26T18:01:07Z,12.594,55,Metinic
20811,2021-06-26T18:06:07Z,12.401,61,Metinic
20812,2021-06-26T18:11:07Z,12.206999999999999,2,Metinic
20813,2021-06-26T18:16:07Z,12.206999999999999,59,Metinic
20814,2021-06-26T18:21:07Z,12.206999999999999,4,Metinic
20815,2021-06-26T18:26:07Z,12.11,56,Metinic
20816,2021-06-26T18:31:07Z,12.11,25,Metinic
20817,2021-06-26T18:36:07Z,12.013,54,Metinic
20818,2021-06-26T18:41:07Z,12.013,32,Metinic
20819,2021-06-26T18:46:07Z,12.013,60,Metinic
20820,2021-06-26T18:51:07Z,12.013,66,Metinic
20821,2021-06-26T18:56:07Z,12.013,55,Metinic
20822,2021-06-26T19:01:07Z,11.916,54,Metinic
20823,2021-06-26T19:06:07Z,12.013,12,Metinic
20824,2021-06-26T19:11:07Z,11.916,9,Metinic
20825,2021-06-26T19:16:07Z,11.916,34,Metinic
20826,2021-06-26T19:21:07Z,11.916,34,Metinic
20827,2021-06-26T19:26:07Z,11.916,32,Metinic
20828,2021-06-26T19:31:07Z,11.916,12,Metinic
20829,2021-06-26T19:36:07Z,11.916,27,Metinic
20830,2021-06-26T19:41:07Z,11.916,24,Metinic
20831,2021-06-26T19:46:07Z,11.916,31,Metinic
20832,2021-06-26T19:51:07Z,11.722,3,Metinic
20833,2021-06-26T19:56:07Z,11.722,20,Metinic
20834,2021-06-26T20:01:07Z,11.722,11,Metinic
20835,2021-06-26T20:06:07Z,11.625,12,Metinic
20836,2021-06-26T20:11:07Z,11.722,32,Metinic
20837,2021-06-26T20:16:07Z,11.819,30,Metinic
20838,2021-06-26T20:21:07Z,11.819,2,Metinic
20839,2021-06-26T20:26:07Z,11.722,8,Metinic
20840,2021-06-26T20:31:07Z,11.819,34,Metinic
20841,2021-06-26T20:36:07Z,11.916,37,Metinic
20842,2021-06-26T20:41:07Z,12.11,31,Metinic
20843,2021-06-26T20:46:07Z,12.206999999999999,30,Metinic
20844,2021-06-26T20:51:07Z,12.206999999999999,24,Metinic
20845,2021-06-26T20:56:07Z,12.206999999999999,32,Metinic
20846,2021-06-26T21:01:07Z,12.206999999999999,29,Metinic
20847,2021-06-26T21:06:07Z,12.206999999999999,6,Metinic
20848,2021-06-26T21:11:07Z,12.304,23,Metinic
20849,2021-06-26T21:16:07Z,12.206999999999999,7,Metinic
20850,2021-06-26T21:21:07Z,12.206999999999999,7,Metinic
20851,2021-06-26T21:26:07Z,12.11,23,Metinic
20852,2021-06-26T21:31:07Z,12.11,12,Metinic
20853,2021-06-26T21:36:07Z,12.206999999999999,13,Metinic
20854,2021-06-26T21:41:07Z,12.11,16,Metinic
20855,2021-06-26T21:46:07Z,11.916,14,Metinic
20856,2021-06-26T21:51:07Z,11.722,8,Metinic
20857,2021-06-26T21:56:07Z,11.819,12,Metinic
20858,2021-06-26T22:01:07Z,11.819,4,Metinic
20859,2021-06-26T22:06:07Z,11.819,7,Metinic
20860,2021-06-26T22:11:07Z,11.722,0,Metinic
20861,2021-06-26T22:16:07Z,11.819,9,Metinic
20862,2021-06-26T22:21:07Z,11.819,10,Metinic
20863,2021-06-26T22:26:07Z,11.819,11,Metinic
20864,2021-06-26T22:31:07Z,11.916,10,Metinic
20865,2021-06-26T22:36:07Z,11.916,0,Metinic
20866,2021-06-26T22:41:07Z,12.013,2,Metinic
20867,2021-06-26T22:46:07Z,12.11,1,Metinic
20868,2021-06-26T22:51:07Z,12.206999999999999,8,Metinic
20869,2021-06-26T22:56:07Z,12.206999999999999,8,Metinic
20870,2021-06-26T23:01:07Z,12.304,0,Metinic
20871,2021-06-26T23:06:07Z,12.304,6,Metinic
20872,2021-06-26T23:11:07Z,12.304,6,Metinic
20873,2021-06-26T23:16:07Z,12.304,6,Metinic
20874,2021-06-26T23:21:07Z,12.304,10,Metinic
20875,2021-06-26T23:26:07Z,12.206999999999999,9,Metinic
20876,2021-06-26T23:31:07Z,12.013,6,Metinic
20877,2021-06-26T23:36:07Z,11.819,3,Metinic
20878,2021-06-26T23:41:07Z,11.625,21,Metinic
20879,2021-06-26T23:46:07Z,11.527999999999999,5,Metinic
20880,2021-06-26T23:51:07Z,11.527999999999999,11,Metinic
20881,2021-06-26T23:56:07Z,11.431,9,Metinic
20882,2021-06-27T00:01:07Z,11.431,3,Metinic
20883,2021-06-27T00:06:07Z,11.431,0,Metinic
20884,2021-06-27T00:11:07Z,11.431,0,Metinic
20885,2021-06-27T00:16:07Z,11.431,0,Metinic
20886,2021-06-27T00:21:07Z,11.527999999999999,0,Metinic
20887,2021-06-27T00:26:07Z,11.431,0,Metinic
20888,2021-06-27T00:31:07Z,11.527999999999999,0,Metinic
20889,2021-06-27T00:36:07Z,11.527999999999999,0,Metinic
20890,2021-06-27T00:41:07Z,11.527999999999999,0,Metinic
20891,2021-06-27T00:46:07Z,11.625,0,Metinic
20892,2021-06-27T00:51:07Z,11.625,0,Metinic
20893,2021-06-27T00:56:07Z,11.625,0,Metinic
20894,2021-06-27T01:01:07Z,11.625,0,Metinic
20895,2021-06-27T01:06:07Z,11.625,0,Metinic
20896,2021-06-27T01:11:07Z,11.625,0,Metinic
20897,2021-06-27T01:16:07Z,11.625,0,Metinic
20898,2021-06-27T01:21:07Z,11.625,0,Metinic
20899,2021-06-27T01:26:07Z,11.625,0,Metinic
20900,2021-06-27T01:31:07Z,11.625,0,Metinic
20901,2021-06-27T01:36:07Z,11.625,0,Metinic
20902,2021-06-27T01:41:07Z,11.625,0,Metinic
20903,2021-06-27T01:46:07Z,11.625,0,Metinic
20904,2021-06-27T01:51:07Z,11.625,0,Metinic
20905,2021-06-27T01:56:07Z,11.625,0,Metinic
20906,2021-06-27T02:01:07Z,11.625,0,Metinic
20907,2021-06-27T02:06:07Z,11.625,0,Metinic
20908,2021-06-27T02:11:07Z,11.527999999999999,0,Metinic
20909,2021-06-27T02:16:07Z,11.527999999999999,0,Metinic
20910,2021-06-27T02:21:07Z,11.527999999999999,0,Metinic
20911,2021-06-27T02:26:07Z,11.527999999999999,0,Metinic
20912,2021-06-27T02:31:07Z,11.527999999999999,0,Metinic
20913,2021-06-27T02:36:07Z,11.334,0,Metinic
20914,2021-06-27T02:41:07Z,11.235999999999999,0,Metinic
20915,2021-06-27T02:46:07Z,11.139,0,Metinic
20916,2021-06-27T02:51:07Z,11.040999999999999,0,Metinic
20917,2021-06-27T02:56:07Z,11.040999999999999,0,Metinic
20918,2021-06-27T03:01:07Z,11.040999999999999,0,Metinic
20919,2021-06-27T03:06:07Z,11.040999999999999,0,Metinic
20920,2021-06-27T03:11:07Z,11.040999999999999,0,Metinic
20921,2021-06-27T03:16:07Z,10.943999999999999,0,Metinic
20922,2021-06-27T03:21:07Z,10.943999999999999,0,Metinic
20923,2021-06-27T03:26:07Z,10.943999999999999,0,Metinic
20924,2021-06-27T03:31:07Z,10.943999999999999,0,Metinic
20925,2021-06-27T03:36:07Z,10.943999999999999,0,Metinic
20926,2021-06-27T03:41:07Z,11.139,0,Metinic
20927,2021-06-27T03:46:07Z,11.235999999999999,0,Metinic
20928,2021-06-27T03:51:07Z,11.334,0,Metinic
20929,2021-06-27T03:56:07Z,11.527999999999999,0,Metinic
20930,2021-06-27T04:01:07Z,11.527999999999999,0,Metinic
20931,2021-06-27T04:06:07Z,11.527999999999999,0,Metinic
20932,2021-06-27T04:11:07Z,11.527999999999999,0,Metinic
20933,2021-06-27T04:16:07Z,11.527999999999999,0,Metinic
20934,2021-06-27T04:21:07Z,11.625,0,Metinic
20935,2021-06-27T04:26:07Z,11.625,0,Metinic
20936,2021-06-27T04:31:07Z,11.722,0,Metinic
20937,2021-06-27T04:36:07Z,11.722,0,Metinic
20938,2021-06-27T04:41:07Z,11.722,0,Metinic
20939,2021-06-27T04:46:07Z,11.722,0,Metinic
20940,2021-06-27T04:51:07Z,11.625,0,Metinic
20941,2021-06-27T04:56:07Z,11.625,0,Metinic
20942,2021-06-27T05:01:07Z,11.625,0,Metinic
20943,2021-06-27T05:06:07Z,11.527999999999999,0,Metinic
20944,2021-06-27T05:11:07Z,11.527999999999999,0,Metinic
20945,2021-06-27T05:16:07Z,11.527999999999999,0,Metinic
20946,2021-06-27T05:21:07Z,11.527999999999999,0,Metinic
20947,2021-06-27T05:26:07Z,11.527999999999999,0,Metinic
20948,2021-06-27T05:31:07Z,11.431,0,Metinic
20949,2021-06-27T05:36:07Z,11.431,0,Metinic
20950,2021-06-27T05:41:07Z,11.431,0,Metinic
20951,2021-06-27T05:46:07Z,11.431,0,Metinic
20952,2021-06-27T05:51:07Z,11.431,0,Metinic
20953,2021-06-27T05:56:07Z,11.431,0,Metinic
20954,2021-06-27T06:01:07Z,11.334,0,Metinic
20955,2021-06-27T06:06:07Z,11.235999999999999,0,Metinic
20956,2021-06-27T06:11:07Z,11.235999999999999,0,Metinic
20957,2021-06-27T06:16:07Z,11.139,0,Metinic
20958,2021-06-27T06:21:07Z,11.235999999999999,0,Metinic
20959,2021-06-27T06:26:07Z,11.235999999999999,0,Metinic
20960,2021-06-27T06:31:07Z,11.334,0,Metinic
20961,2021-06-27T06:36:07Z,11.334,0,Metinic
20962,2021-06-27T06:41:07Z,11.334,0,Metinic
20963,2021-06-27T06:46:07Z,11.334,0,Metinic
20964,2021-06-27T06:51:07Z,11.334,0,Metinic
20965,2021-06-27T06:56:07Z,11.334,0,Metinic
20966,2021-06-27T07:01:07Z,11.334,0,Metinic
20967,2021-06-27T07:06:07Z,11.334,0,Metinic
20968,2021-06-27T07:11:07Z,11.334,0,Metinic
20969,2021-06-27T07:16:07Z,11.334,0,Metinic
20970,2021-06-27T07:21:07Z,11.334,0,Metinic
20971,2021-06-27T07:26:07Z,11.334,0,Metinic
20972,2021-06-27T07:31:07Z,11.334,0,Metinic
20973,2021-06-27T07:36:07Z,11.334,0,Metinic
20974,2021-06-27T07:41:07Z,11.334,0,Metinic
20975,2021-06-27T07:46:07Z,11.431,0,Metinic
20976,2021-06-27T07:51:07Z,11.431,0,Metinic
20977,2021-06-27T07:56:07Z,11.334,0,Metinic
20978,2021-06-27T08:01:07Z,11.334,0,Metinic
20979,2021-06-27T08:06:07Z,11.334,0,Metinic
20980,2021-06-27T08:11:07Z,11.334,0,Metinic
20981,2021-06-27T08:16:07Z,11.334,0,Metinic
20982,2021-06-27T08:21:07Z,11.334,0,Metinic
20983,2021-06-27T08:26:07Z,11.334,0,Metinic
20984,2021-06-27T08:31:07Z,11.431,0,Metinic
20985,2021-06-27T08:36:07Z,11.527999999999999,0,Metinic
20986,2021-06-27T08:41:07Z,11.527999999999999,0,Metinic
20987,2021-06-27T08:46:07Z,11.625,0,Metinic
20988,2021-06-27T08:51:07Z,11.722,0,Metinic
20989,2021-06-27T08:56:07Z,11.722,0,Metinic
20990,2021-06-27T09:01:07Z,11.722,1,Metinic
20991,2021-06-27T09:06:07Z,11.819,0,Metinic
20992,2021-06-27T09:11:07Z,11.819,0,Metinic
20993,2021-06-27T09:16:07Z,11.819,14,Metinic
20994,2021-06-27T09:21:07Z,11.819,0,Metinic
20995,2021-06-27T09:26:07Z,11.819,0,Metinic
20996,2021-06-27T09:31:07Z,11.819,30,Metinic
20997,2021-06-27T09:36:07Z,11.819,0,Metinic
20998,2021-06-27T09:41:07Z,11.819,5,Metinic
20999,2021-06-27T09:46:07Z,11.819,33,Metinic
21000,2021-06-27T09:51:07Z,11.819,1,Metinic
21001,2021-06-27T09:56:07Z,11.819,50,Metinic
21002,2021-06-27T10:01:07Z,11.819,23,Metinic
21003,2021-06-27T10:06:07Z,11.819,16,Metinic
21004,2021-06-27T10:11:07Z,11.819,28,Metinic
21005,2021-06-27T10:16:07Z,11.819,128,Metinic
21006,2021-06-27T10:21:07Z,11.819,7,Metinic
21007,2021-06-27T10:26:07Z,11.722,5,Metinic
21008,2021-06-27T10:31:07Z,11.625,14,Metinic
21009,2021-06-27T10:36:07Z,11.431,76,Metinic
21010,2021-06-27T10:41:07Z,11.431,8,Metinic
21011,2021-06-27T10:46:07Z,11.431,9,Metinic
21012,2021-06-27T10:51:07Z,11.334,176,Metinic
21013,2021-06-27T10:56:07Z,11.334,34,Metinic
21014,2021-06-27T11:01:07Z,11.334,168,Metinic
21015,2021-06-27T11:06:07Z,11.334,8,Metinic
21016,2021-06-27T11:11:07Z,11.334,41,Metinic
21017,2021-06-27T11:16:07Z,11.334,200,Metinic
21018,2021-06-27T11:21:07Z,11.235999999999999,68,Metinic
21019,2021-06-27T11:26:07Z,11.334,21,Metinic
21020,2021-06-27T11:31:07Z,11.334,144,Metinic
21021,2021-06-27T11:36:07Z,11.235999999999999,47,Metinic
21022,2021-06-27T11:41:07Z,11.235999999999999,248,Metinic
21023,2021-06-27T11:46:07Z,11.235999999999999,2,Metinic
21024,2021-06-27T11:51:07Z,11.235999999999999,54,Metinic
21025,2021-06-27T11:56:07Z,11.235999999999999,50,Metinic
21026,2021-06-27T12:01:07Z,11.235999999999999,272,Metinic
21027,2021-06-27T12:06:07Z,11.235999999999999,384,Metinic
21028,2021-06-27T12:11:07Z,11.235999999999999,18,Metinic
21029,2021-06-27T12:16:07Z,11.235999999999999,102,Metinic
21030,2021-06-27T12:21:07Z,11.235999999999999,90,Metinic
21031,2021-06-27T12:26:07Z,11.334,608,Metinic
21032,2021-06-27T12:31:07Z,11.334,57,Metinic
21033,2021-06-27T12:36:07Z,11.334,18,Metinic
21034,2021-06-27T12:41:07Z,11.334,101,Metinic
21035,2021-06-27T12:46:07Z,11.431,29,Metinic
21036,2021-06-27T12:51:07Z,11.431,26,Metinic
21037,2021-06-27T12:56:07Z,11.334,320,Metinic
21038,2021-06-27T13:01:07Z,11.334,400,Metinic
21039,2021-06-27T13:06:07Z,11.431,37,Metinic
21040,2021-06-27T13:11:07Z,11.431,76,Metinic
21041,2021-06-27T13:16:07Z,11.334,48,Metinic
21042,2021-06-27T13:21:07Z,11.431,368,Metinic
21043,2021-06-27T13:26:07Z,11.527999999999999,14,Metinic
21044,2021-06-27T13:31:07Z,11.431,1088,Metinic
21045,2021-06-27T13:36:07Z,11.431,352,Metinic
21046,2021-06-27T13:41:07Z,11.431,30,Metinic
21047,2021-06-27T13:46:07Z,11.431,704,Metinic
21048,2021-06-27T13:51:07Z,11.527999999999999,1152,Metinic
21049,2021-06-27T13:56:07Z,11.527999999999999,1152,Metinic
21050,2021-06-27T14:01:07Z,11.527999999999999,93,Metinic
21051,2021-06-27T14:06:07Z,11.625,79,Metinic
21052,2021-06-27T14:11:07Z,11.527999999999999,288,Metinic
21053,2021-06-27T14:16:07Z,11.527999999999999,416,Metinic
21054,2021-06-27T14:21:07Z,11.527999999999999,75,Metinic
21055,2021-06-27T14:26:07Z,11.722,12,Metinic
21056,2021-06-27T14:31:07Z,11.625,512,Metinic
21057,2021-06-27T14:36:07Z,11.527999999999999,114,Metinic
21058,2021-06-27T14:41:07Z,11.625,480,Metinic
21059,2021-06-27T14:46:07Z,11.527999999999999,1408,Metinic
21060,2021-06-27T14:51:07Z,11.334,108,Metinic
21061,2021-06-27T14:56:07Z,11.235999999999999,800,Metinic
21062,2021-06-27T15:01:07Z,11.235999999999999,704,Metinic
21063,2021-06-27T15:06:07Z,11.235999999999999,87,Metinic
21064,2021-06-27T15:11:07Z,11.334,41,Metinic
21065,2021-06-27T15:16:07Z,11.334,960,Metinic
21066,2021-06-27T15:21:07Z,11.334,40,Metinic
21067,2021-06-27T15:26:07Z,11.139,1088,Metinic
21068,2021-06-27T15:31:07Z,11.040999999999999,608,Metinic
21069,2021-06-27T15:36:07Z,11.040999999999999,101,Metinic
21070,2021-06-27T15:41:07Z,10.943999999999999,576,Metinic
21071,2021-06-27T15:46:07Z,10.943999999999999,864,Metinic
21072,2021-06-27T15:51:07Z,10.943999999999999,52,Metinic
21073,2021-06-27T15:56:07Z,11.139,55,Metinic
21074,2021-06-27T16:01:07Z,11.040999999999999,768,Metinic
21075,2021-06-27T16:06:07Z,11.139,31,Metinic
21076,2021-06-27T16:11:07Z,10.846,124,Metinic
21077,2021-06-27T16:16:07Z,10.747999999999998,320,Metinic
21078,2021-06-27T16:21:07Z,10.747999999999998,53,Metinic
21079,2021-06-27T16:26:07Z,10.651,72,Metinic
21080,2021-06-27T16:31:07Z,10.846,72,Metinic
21081,2021-06-27T16:36:07Z,10.553,95,Metinic
21082,2021-06-27T16:41:07Z,10.747999999999998,12,Metinic
21083,2021-06-27T16:46:07Z,10.747999999999998,960,Metinic
21084,2021-06-27T16:51:07Z,10.651,960,Metinic
21085,2021-06-27T16:56:07Z,10.651,32,Metinic
21086,2021-06-27T17:01:07Z,10.553,1024,Metinic
21087,2021-06-27T17:06:07Z,10.553,480,Metinic
21088,2021-06-27T17:11:07Z,10.553,304,Metinic
21089,2021-06-27T17:16:07Z,10.553,224,Metinic
21090,2021-06-27T17:21:07Z,10.651,49,Metinic
21091,2021-06-27T17:26:07Z,10.553,36,Metinic
21092,2021-06-27T17:31:07Z,10.455000000000002,35,Metinic
21093,2021-06-27T17:36:07Z,10.651,608,Metinic
21094,2021-06-27T17:41:07Z,10.455000000000002,49,Metinic
21095,2021-06-27T17:46:07Z,10.455000000000002,65,Metinic
21096,2021-06-27T17:51:07Z,10.651,14,Metinic
21097,2021-06-27T17:56:07Z,10.651,512,Metinic
21098,2021-06-27T18:01:07Z,10.553,26,Metinic
21099,2021-06-27T18:06:07Z,10.651,704,Metinic
21100,2021-06-27T18:11:07Z,10.553,256,Metinic
21101,2021-06-27T18:16:07Z,10.651,432,Metinic
21102,2021-06-27T18:21:07Z,10.651,768,Metinic
21103,2021-06-27T18:26:07Z,10.651,32,Metinic
21104,2021-06-27T18:31:07Z,10.747999999999998,40,Metinic
21105,2021-06-27T18:36:07Z,10.651,5,Metinic
21106,2021-06-27T18:41:07Z,10.651,160,Metinic
21107,2021-06-27T18:46:07Z,10.651,288,Metinic
21108,2021-06-27T18:51:07Z,10.747999999999998,608,Metinic
21109,2021-06-27T18:56:07Z,10.747999999999998,36,Metinic
21110,2021-06-27T19:01:07Z,10.943999999999999,87,Metinic
21111,2021-06-27T19:06:07Z,10.943999999999999,304,Metinic
21112,2021-06-27T19:11:07Z,10.846,91,Metinic
21113,2021-06-27T19:16:07Z,10.943999999999999,3,Metinic
21114,2021-06-27T19:21:07Z,10.943999999999999,9,Metinic
21115,2021-06-27T19:26:07Z,10.943999999999999,51,Metinic
21116,2021-06-27T19:31:07Z,10.943999999999999,152,Metinic
21117,2021-06-27T19:36:07Z,10.943999999999999,22,Metinic
21118,2021-06-27T19:41:07Z,11.139,6,Metinic
21119,2021-06-27T19:46:07Z,11.334,304,Metinic
21120,2021-06-27T19:51:07Z,11.431,168,Metinic
21121,2021-06-27T19:56:07Z,11.431,57,Metinic
21122,2021-06-27T20:01:07Z,11.527999999999999,448,Metinic
21123,2021-06-27T20:06:07Z,11.625,152,Metinic
21124,2021-06-27T20:11:07Z,11.722,41,Metinic
21125,2021-06-27T20:16:07Z,11.722,29,Metinic
21126,2021-06-27T20:21:07Z,11.722,8,Metinic
21127,2021-06-27T20:26:07Z,11.722,336,Metinic
21128,2021-06-27T20:31:07Z,11.916,62,Metinic
21129,2021-06-27T20:36:07Z,11.916,384,Metinic
21130,2021-06-27T20:41:07Z,12.013,31,Metinic
21131,2021-06-27T20:46:07Z,12.11,32,Metinic
21132,2021-06-27T20:51:07Z,12.206999999999999,5,Metinic
21133,2021-06-27T20:56:07Z,12.304,2,Metinic
21134,2021-06-27T21:01:07Z,12.206999999999999,79,Metinic
21135,2021-06-27T21:06:07Z,12.11,12,Metinic
21136,2021-06-27T21:11:07Z,11.916,2,Metinic
21137,2021-06-27T21:16:07Z,11.916,14,Metinic
21138,2021-06-27T21:21:07Z,11.916,4,Metinic
21139,2021-06-27T21:26:07Z,12.013,10,Metinic
21140,2021-06-27T21:31:07Z,12.013,21,Metinic
21141,2021-06-27T21:36:07Z,12.11,11,Metinic
21142,2021-06-27T21:41:07Z,12.206999999999999,4,Metinic
21143,2021-06-27T21:46:07Z,12.304,21,Metinic
21144,2021-06-27T21:51:07Z,12.304,9,Metinic
21145,2021-06-27T21:56:07Z,12.401,1,Metinic
21146,2021-06-27T22:01:07Z,12.497,9,Metinic
21147,2021-06-27T22:06:07Z,12.497,13,Metinic
21148,2021-06-27T22:11:07Z,12.401,3,Metinic
21149,2021-06-27T22:16:07Z,12.401,19,Metinic
21150,2021-06-27T22:21:07Z,12.401,20,Metinic
21151,2021-06-27T22:26:07Z,12.401,16,Metinic
21152,2021-06-27T22:31:07Z,12.401,1,Metinic
21153,2021-06-27T22:36:07Z,12.304,0,Metinic
21154,2021-06-27T22:41:07Z,12.206999999999999,8,Metinic
21155,2021-06-27T22:46:07Z,11.916,4,Metinic
21156,2021-06-27T22:51:07Z,11.819,5,Metinic
21157,2021-06-27T22:56:07Z,11.722,6,Metinic
21158,2021-06-27T23:01:07Z,11.722,0,Metinic
21159,2021-06-27T23:06:07Z,11.625,7,Metinic
21160,2021-06-27T23:11:07Z,11.625,2,Metinic
21161,2021-06-27T23:16:07Z,11.625,6,Metinic
21162,2021-06-27T23:21:07Z,11.625,8,Metinic
21163,2021-06-27T23:26:07Z,11.527999999999999,3,Metinic
21164,2021-06-27T23:31:07Z,11.431,10,Metinic
21165,2021-06-27T23:36:07Z,11.334,9,Metinic
21166,2021-06-27T23:41:07Z,11.334,0,Metinic
21167,2021-06-27T23:46:07Z,11.334,6,Metinic
21168,2021-06-27T23:51:07Z,11.334,3,Metinic
21169,2021-06-27T23:56:07Z,11.235999999999999,1,Metinic
21170,2021-06-28T00:01:07Z,11.235999999999999,0,Metinic
21171,2021-06-28T00:06:07Z,11.235999999999999,1,Metinic
21172,2021-06-28T00:11:07Z,11.334,0,Metinic
21173,2021-06-28T00:16:07Z,11.235999999999999,0,Metinic
21174,2021-06-28T00:21:07Z,11.235999999999999,0,Metinic
21175,2021-06-28T00:26:07Z,11.235999999999999,0,Metinic
21176,2021-06-28T00:31:07Z,11.235999999999999,0,Metinic
21177,2021-06-28T00:36:07Z,11.235999999999999,0,Metinic
21178,2021-06-28T00:41:07Z,11.235999999999999,0,Metinic
21179,2021-06-28T00:46:07Z,11.334,0,Metinic
21180,2021-06-28T00:51:07Z,11.334,0,Metinic
21181,2021-06-28T00:56:07Z,11.334,0,Metinic
21182,2021-06-28T01:01:07Z,11.334,0,Metinic
21183,2021-06-28T01:06:07Z,11.334,0,Metinic
21184,2021-06-28T01:11:07Z,11.334,0,Metinic
21185,2021-06-28T01:16:07Z,11.334,0,Metinic
21186,2021-06-28T01:21:07Z,11.334,0,Metinic
21187,2021-06-28T01:26:07Z,11.334,0,Metinic
21188,2021-06-28T01:31:07Z,11.334,0,Metinic
21189,2021-06-28T01:36:07Z,11.334,0,Metinic
21190,2021-06-28T01:41:07Z,11.431,0,Metinic
21191,2021-06-28T01:46:07Z,11.431,0,Metinic
21192,2021-06-28T01:51:07Z,11.431,0,Metinic
21193,2021-06-28T01:56:07Z,11.527999999999999,0,Metinic
21194,2021-06-28T02:01:07Z,11.527999999999999,0,Metinic
21195,2021-06-28T02:06:07Z,11.527999999999999,0,Metinic
21196,2021-06-28T02:11:07Z,11.527999999999999,0,Metinic
21197,2021-06-28T02:16:07Z,11.527999999999999,0,Metinic
21198,2021-06-28T02:21:07Z,11.527999999999999,0,Metinic
21199,2021-06-28T02:26:07Z,11.527999999999999,0,Metinic
21200,2021-06-28T02:31:07Z,11.527999999999999,0,Metinic
21201,2021-06-28T02:36:07Z,11.527999999999999,0,Metinic
21202,2021-06-28T02:41:07Z,11.527999999999999,0,Metinic
21203,2021-06-28T02:46:07Z,11.527999999999999,0,Metinic
21204,2021-06-28T02:51:07Z,11.431,0,Metinic
21205,2021-06-28T02:56:07Z,11.431,0,Metinic
21206,2021-06-28T03:01:07Z,11.431,0,Metinic
21207,2021-06-28T03:06:07Z,11.235999999999999,0,Metinic
21208,2021-06-28T03:11:07Z,11.139,0,Metinic
21209,2021-06-28T03:16:07Z,10.943999999999999,0,Metinic
21210,2021-06-28T03:21:07Z,10.846,0,Metinic
21211,2021-06-28T03:26:07Z,10.747999999999998,0,Metinic
21212,2021-06-28T03:31:07Z,10.747999999999998,0,Metinic
21213,2021-06-28T03:36:07Z,10.651,0,Metinic
21214,2021-06-28T03:41:07Z,10.651,0,Metinic
21215,2021-06-28T03:46:07Z,10.651,0,Metinic
21216,2021-06-28T03:51:07Z,10.553,0,Metinic
21217,2021-06-28T03:56:07Z,10.553,0,Metinic
21218,2021-06-28T04:01:07Z,10.553,0,Metinic
21219,2021-06-28T04:06:07Z,10.553,0,Metinic
21220,2021-06-28T04:11:07Z,10.553,0,Metinic
21221,2021-06-28T04:16:07Z,10.455000000000002,0,Metinic
21222,2021-06-28T04:21:07Z,10.455000000000002,0,Metinic
21223,2021-06-28T04:26:07Z,10.455000000000002,0,Metinic
21224,2021-06-28T04:31:07Z,10.357000000000001,0,Metinic
21225,2021-06-28T04:36:07Z,10.357000000000001,0,Metinic
21226,2021-06-28T04:41:07Z,10.357000000000001,0,Metinic
21227,2021-06-28T04:46:07Z,10.259,0,Metinic
21228,2021-06-28T04:51:07Z,10.259,0,Metinic
21229,2021-06-28T04:56:07Z,10.259,0,Metinic
21230,2021-06-28T05:01:07Z,10.259,0,Metinic
21231,2021-06-28T05:06:07Z,10.259,0,Metinic
21232,2021-06-28T05:11:07Z,10.259,0,Metinic
21233,2021-06-28T05:16:07Z,10.161,0,Metinic
21234,2021-06-28T05:21:07Z,10.161,0,Metinic
21235,2021-06-28T05:26:07Z,10.161,0,Metinic
21236,2021-06-28T05:31:07Z,10.161,0,Metinic
21237,2021-06-28T05:36:07Z,10.161,0,Metinic
21238,2021-06-28T05:41:07Z,10.161,0,Metinic
21239,2021-06-28T05:46:07Z,10.161,0,Metinic
21240,2021-06-28T05:51:07Z,10.161,0,Metinic
21241,2021-06-28T05:56:07Z,10.161,0,Metinic
21242,2021-06-28T06:01:07Z,10.161,0,Metinic
21243,2021-06-28T06:06:07Z,10.161,0,Metinic
21244,2021-06-28T06:11:07Z,10.161,0,Metinic
21245,2021-06-28T06:16:07Z,10.161,0,Metinic
21246,2021-06-28T06:21:07Z,10.259,0,Metinic
21247,2021-06-28T06:26:07Z,10.259,0,Metinic
21248,2021-06-28T06:31:07Z,10.259,0,Metinic
21249,2021-06-28T06:36:07Z,10.357000000000001,0,Metinic
21250,2021-06-28T06:41:07Z,10.357000000000001,0,Metinic
21251,2021-06-28T06:46:07Z,10.357000000000001,0,Metinic
21252,2021-06-28T06:51:07Z,10.455000000000002,0,Metinic
21253,2021-06-28T06:56:07Z,10.553,0,Metinic
21254,2021-06-28T07:01:07Z,10.747999999999998,0,Metinic
21255,2021-06-28T07:06:07Z,10.846,0,Metinic
21256,2021-06-28T07:11:07Z,10.846,0,Metinic
21257,2021-06-28T07:16:07Z,11.040999999999999,0,Metinic
21258,2021-06-28T07:21:07Z,11.139,0,Metinic
21259,2021-06-28T07:26:07Z,11.235999999999999,0,Metinic
21260,2021-06-28T07:31:07Z,11.235999999999999,0,Metinic
21261,2021-06-28T07:36:07Z,11.139,0,Metinic
21262,2021-06-28T07:41:07Z,11.139,0,Metinic
21263,2021-06-28T07:46:07Z,11.040999999999999,0,Metinic
21264,2021-06-28T07:51:07Z,11.040999999999999,0,Metinic
21265,2021-06-28T07:56:07Z,11.040999999999999,0,Metinic
21266,2021-06-28T08:01:07Z,10.943999999999999,0,Metinic
21267,2021-06-28T08:06:07Z,10.943999999999999,0,Metinic
21268,2021-06-28T08:11:07Z,10.846,0,Metinic
21269,2021-06-28T08:16:07Z,10.747999999999998,0,Metinic
21270,2021-06-28T08:21:07Z,10.747999999999998,0,Metinic
21271,2021-06-28T08:26:07Z,10.747999999999998,0,Metinic
21272,2021-06-28T08:31:07Z,10.747999999999998,0,Metinic
21273,2021-06-28T08:36:07Z,10.747999999999998,0,Metinic
21274,2021-06-28T08:41:07Z,10.747999999999998,0,Metinic
21275,2021-06-28T08:46:07Z,10.747999999999998,0,Metinic
21276,2021-06-28T08:51:07Z,10.651,0,Metinic
21277,2021-06-28T08:56:07Z,10.651,0,Metinic
21278,2021-06-28T09:01:07Z,10.651,0,Metinic
21279,2021-06-28T09:06:07Z,10.747999999999998,3,Metinic
21280,2021-06-28T09:11:07Z,10.747999999999998,7,Metinic
21281,2021-06-28T09:16:07Z,10.747999999999998,17,Metinic
21282,2021-06-28T09:21:07Z,10.747999999999998,13,Metinic
21283,2021-06-28T09:26:07Z,10.747999999999998,0,Metinic
21284,2021-06-28T09:31:07Z,10.747999999999998,0,Metinic
21285,2021-06-28T09:36:07Z,10.747999999999998,24,Metinic
21286,2021-06-28T09:41:07Z,10.846,49,Metinic
21287,2021-06-28T09:46:07Z,10.943999999999999,47,Metinic
21288,2021-06-28T09:51:07Z,11.139,15,Metinic
21289,2021-06-28T09:56:07Z,11.139,4,Metinic
21290,2021-06-28T10:01:07Z,11.139,2,Metinic
21291,2021-06-28T10:06:07Z,11.139,3,Metinic
21292,2021-06-28T10:11:07Z,11.139,76,Metinic
21293,2021-06-28T10:16:07Z,11.040999999999999,20,Metinic
21294,2021-06-28T10:21:07Z,11.040999999999999,8,Metinic
21295,2021-06-28T10:26:07Z,10.943999999999999,8,Metinic
21296,2021-06-28T10:31:07Z,10.943999999999999,4,Metinic
21297,2021-06-28T10:36:07Z,10.943999999999999,80,Metinic
21298,2021-06-28T10:41:07Z,10.846,16,Metinic
21299,2021-06-28T10:46:07Z,10.846,60,Metinic
21300,2021-06-28T10:51:07Z,10.846,2,Metinic
21301,2021-06-28T10:56:07Z,10.747999999999998,18,Metinic
21302,2021-06-28T11:01:07Z,10.846,7,Metinic
21303,2021-06-28T11:06:07Z,10.846,10,Metinic
21304,2021-06-28T11:11:07Z,10.846,62,Metinic
21305,2021-06-28T11:16:07Z,10.846,73,Metinic
21306,2021-06-28T11:21:07Z,10.846,122,Metinic
21307,2021-06-28T11:26:07Z,10.943999999999999,26,Metinic
21308,2021-06-28T11:31:07Z,10.943999999999999,0,Metinic
21309,2021-06-28T11:36:07Z,10.943999999999999,368,Metinic
21310,2021-06-28T11:41:07Z,10.943999999999999,272,Metinic
21311,2021-06-28T11:46:07Z,11.040999999999999,45,Metinic
21312,2021-06-28T11:51:07Z,11.040999999999999,336,Metinic
21313,2021-06-28T11:56:07Z,11.139,15,Metinic
21314,2021-06-28T12:01:07Z,11.139,18,Metinic
21315,2021-06-28T12:06:07Z,11.040999999999999,28,Metinic
21316,2021-06-28T12:11:07Z,11.139,14,Metinic
21317,2021-06-28T12:16:07Z,11.139,11,Metinic
21318,2021-06-28T12:21:07Z,11.139,384,Metinic
21319,2021-06-28T12:26:07Z,11.139,1,Metinic
21320,2021-06-28T12:31:07Z,11.139,97,Metinic
21321,2021-06-28T12:36:07Z,11.139,94,Metinic
21322,2021-06-28T12:41:07Z,11.139,117,Metinic
21323,2021-06-28T12:46:07Z,11.235999999999999,80,Metinic
21324,2021-06-28T12:51:07Z,11.334,16,Metinic
21325,2021-06-28T12:56:07Z,11.235999999999999,896,Metinic
21326,2021-06-28T13:01:07Z,11.431,56,Metinic
21327,2021-06-28T13:06:07Z,11.334,32,Metinic
21328,2021-06-28T13:11:07Z,11.334,45,Metinic
21329,2021-06-28T13:16:07Z,11.235999999999999,992,Metinic
21330,2021-06-28T13:21:07Z,11.235999999999999,69,Metinic
21331,2021-06-28T13:26:07Z,11.235999999999999,272,Metinic
21332,2021-06-28T13:31:07Z,11.431,23,Metinic
21333,2021-06-28T13:36:07Z,11.431,96,Metinic
21334,2021-06-28T13:41:07Z,11.431,168,Metinic
21335,2021-06-28T13:46:07Z,11.334,304,Metinic
21336,2021-06-28T13:51:07Z,11.334,896,Metinic
21337,2021-06-28T13:56:07Z,11.334,1280,Metinic
21338,2021-06-28T14:01:07Z,11.334,336,Metinic
21339,2021-06-28T14:06:07Z,11.334,192,Metinic
21340,2021-06-28T14:11:07Z,11.334,53,Metinic
21341,2021-06-28T14:16:07Z,11.334,0,Metinic
21342,2021-06-28T14:21:07Z,11.235999999999999,256,Metinic
21343,2021-06-28T14:26:07Z,11.334,232,Metinic
21344,2021-06-28T14:31:07Z,11.527999999999999,1024,Metinic
21345,2021-06-28T14:36:07Z,11.431,704,Metinic
21346,2021-06-28T14:41:07Z,11.625,176,Metinic
21347,2021-06-28T14:46:07Z,11.334,168,Metinic
21348,2021-06-28T14:51:07Z,11.431,29,Metinic
21349,2021-06-28T14:56:07Z,11.334,86,Metinic
21350,2021-06-28T15:01:07Z,11.431,59,Metinic
21351,2021-06-28T15:06:07Z,11.431,448,Metinic
21352,2021-06-28T15:11:07Z,11.431,38,Metinic
21353,2021-06-28T15:16:07Z,11.334,2,Metinic
21354,2021-06-28T15:21:07Z,11.334,61,Metinic
21355,2021-06-28T15:26:07Z,11.527999999999999,2,Metinic
21356,2021-06-28T15:31:07Z,11.527999999999999,60,Metinic
21357,2021-06-28T15:36:07Z,11.431,34,Metinic
21358,2021-06-28T15:41:07Z,11.334,81,Metinic
21359,2021-06-28T15:46:07Z,11.431,75,Metinic
21360,2021-06-28T15:51:07Z,11.527999999999999,6,Metinic
21361,2021-06-28T15:56:07Z,11.527999999999999,66,Metinic
21362,2021-06-28T16:01:07Z,11.431,47,Metinic
21363,2021-06-28T16:06:07Z,11.431,512,Metinic
21364,2021-06-28T16:11:07Z,11.527999999999999,72,Metinic
21365,2021-06-28T16:16:07Z,11.334,92,Metinic
21366,2021-06-28T16:21:07Z,11.431,40,Metinic
21367,2021-06-28T16:26:07Z,11.334,56,Metinic
21368,2021-06-28T16:31:07Z,11.431,84,Metinic
21369,2021-06-28T16:36:07Z,11.334,69,Metinic
21370,2021-06-28T16:41:07Z,11.235999999999999,768,Metinic
21371,2021-06-28T16:46:07Z,11.235999999999999,90,Metinic
21372,2021-06-28T16:51:07Z,11.235999999999999,576,Metinic
21373,2021-06-28T16:56:07Z,11.235999999999999,168,Metinic
21374,2021-06-28T17:01:07Z,11.527999999999999,10,Metinic
21375,2021-06-28T17:06:07Z,11.334,1,Metinic
21376,2021-06-28T17:11:07Z,11.431,38,Metinic
21377,2021-06-28T17:16:07Z,11.431,33,Metinic
21378,2021-06-28T17:21:07Z,11.527999999999999,256,Metinic
21379,2021-06-28T17:26:07Z,11.625,336,Metinic
21380,2021-06-28T17:31:07Z,11.722,52,Metinic
21381,2021-06-28T17:36:07Z,11.722,336,Metinic
21382,2021-06-28T17:41:07Z,11.722,95,Metinic
21383,2021-06-28T17:46:07Z,11.819,144,Metinic
21384,2021-06-28T17:51:07Z,11.916,144,Metinic
21385,2021-06-28T17:56:07Z,11.916,23,Metinic
21386,2021-06-28T18:01:07Z,11.916,18,Metinic
21387,2021-06-28T18:06:07Z,11.916,128,Metinic
21388,2021-06-28T18:11:07Z,12.013,28,Metinic
21389,2021-06-28T18:16:07Z,12.013,59,Metinic
21390,2021-06-28T18:21:07Z,12.11,800,Metinic
21391,2021-06-28T18:26:07Z,12.206999999999999,352,Metinic
21392,2021-06-28T18:31:07Z,12.304,368,Metinic
21393,2021-06-28T18:36:07Z,12.497,704,Metinic
21394,2021-06-28T18:41:07Z,12.497,73,Metinic
21395,2021-06-28T18:46:07Z,12.497,61,Metinic
21396,2021-06-28T18:51:07Z,12.497,800,Metinic
21397,2021-06-28T18:56:07Z,12.497,176,Metinic
21398,2021-06-28T19:01:07Z,12.401,20,Metinic
21399,2021-06-28T19:06:07Z,12.497,17,Metinic
21400,2021-06-28T19:11:07Z,12.497,184,Metinic
21401,2021-06-28T19:16:07Z,12.497,248,Metinic
21402,2021-06-28T19:21:07Z,12.594,6,Metinic
21403,2021-06-28T19:26:07Z,12.594,40,Metinic
21404,2021-06-28T19:31:07Z,12.594,136,Metinic
21405,2021-06-28T19:36:07Z,12.497,288,Metinic
21406,2021-06-28T19:41:07Z,12.401,19,Metinic
21407,2021-06-28T19:46:07Z,12.304,16,Metinic
21408,2021-06-28T19:51:07Z,12.304,36,Metinic
21409,2021-06-28T19:56:07Z,12.304,44,Metinic
21410,2021-06-28T20:01:07Z,12.304,41,Metinic
21411,2021-06-28T20:06:07Z,12.304,31,Metinic
21412,2021-06-28T20:11:07Z,12.304,60,Metinic
21413,2021-06-28T20:16:07Z,12.206999999999999,2,Metinic
21414,2021-06-28T20:21:07Z,12.206999999999999,35,Metinic
21415,2021-06-28T20:26:07Z,12.401,4,Metinic
21416,2021-06-28T20:31:07Z,12.304,224,Metinic
21417,2021-06-28T20:36:07Z,12.304,16,Metinic
21418,2021-06-28T20:41:07Z,12.401,4,Metinic
21419,2021-06-28T20:46:07Z,12.401,2,Metinic
21420,2021-06-28T20:51:07Z,12.401,24,Metinic
21421,2021-06-28T20:56:07Z,12.401,128,Metinic
21422,2021-06-28T21:01:07Z,12.401,17,Metinic
21423,2021-06-28T21:06:07Z,12.401,21,Metinic
21424,2021-06-28T21:11:07Z,12.401,16,Metinic
21425,2021-06-28T21:16:07Z,12.401,11,Metinic
21426,2021-06-28T21:21:07Z,12.401,33,Metinic
21427,2021-06-28T21:26:07Z,12.401,48,Metinic
21428,2021-06-28T21:31:07Z,12.401,92,Metinic
21429,2021-06-28T21:36:07Z,12.304,17,Metinic
21430,2021-06-28T21:41:07Z,12.304,61,Metinic
21431,2021-06-28T21:46:07Z,12.304,54,Metinic
21432,2021-06-28T21:51:07Z,12.304,136,Metinic
21433,2021-06-28T21:56:07Z,12.401,27,Metinic
21434,2021-06-28T22:01:07Z,12.401,2,Metinic
21435,2021-06-28T22:06:07Z,12.401,4,Metinic
21436,2021-06-28T22:11:07Z,12.401,67,Metinic
21437,2021-06-28T22:16:07Z,12.401,160,Metinic
21438,2021-06-28T22:21:07Z,12.497,18,Metinic
21439,2021-06-28T22:26:07Z,12.401,3,Metinic
21440,2021-06-28T22:31:07Z,12.304,54,Metinic
21441,2021-06-28T22:36:07Z,12.206999999999999,39,Metinic
21442,2021-06-28T22:41:07Z,12.206999999999999,22,Metinic
21443,2021-06-28T22:46:07Z,12.206999999999999,52,Metinic
21444,2021-06-28T22:51:07Z,12.206999999999999,74,Metinic
21445,2021-06-28T22:56:07Z,12.304,67,Metinic
21446,2021-06-28T23:01:07Z,12.401,18,Metinic
21447,2021-06-28T23:06:07Z,12.497,7,Metinic
21448,2021-06-28T23:11:07Z,12.594,3,Metinic
21449,2021-06-28T23:16:07Z,12.594,1,Metinic
21450,2021-06-28T23:21:07Z,12.69,31,Metinic
21451,2021-06-28T23:26:07Z,12.69,4,Metinic
21452,2021-06-28T23:31:07Z,12.69,0,Metinic
21453,2021-06-28T23:36:07Z,12.69,0,Metinic
21454,2021-06-28T23:41:07Z,12.69,2,Metinic
21455,2021-06-28T23:46:07Z,12.69,1,Metinic
21456,2021-06-28T23:51:07Z,12.594,12,Metinic
21457,2021-06-28T23:56:07Z,12.69,3,Metinic
21458,2021-06-29T00:01:07Z,12.69,0,Metinic
21459,2021-06-29T00:06:07Z,12.69,0,Metinic
21460,2021-06-29T00:11:07Z,12.69,0,Metinic
21461,2021-06-29T00:16:07Z,12.69,1,Metinic
21462,2021-06-29T00:21:07Z,12.69,0,Metinic
21463,2021-06-29T00:26:07Z,12.594,0,Metinic
21464,2021-06-29T00:31:07Z,12.594,0,Metinic
21465,2021-06-29T00:36:07Z,12.594,0,Metinic
21466,2021-06-29T00:41:07Z,12.594,0,Metinic
21467,2021-06-29T00:46:07Z,12.594,0,Metinic
21468,2021-06-29T00:51:07Z,12.594,0,Metinic
21469,2021-06-29T00:56:07Z,12.497,0,Metinic
21470,2021-06-29T01:01:07Z,12.497,0,Metinic
21471,2021-06-29T01:06:07Z,12.497,0,Metinic
21472,2021-06-29T01:11:07Z,12.401,0,Metinic
21473,2021-06-29T01:16:07Z,12.401,0,Metinic
21474,2021-06-29T01:21:07Z,12.401,0,Metinic
21475,2021-06-29T01:26:07Z,12.401,0,Metinic
21476,2021-06-29T01:31:07Z,12.497,0,Metinic
21477,2021-06-29T01:36:07Z,12.497,0,Metinic
21478,2021-06-29T01:41:07Z,12.497,0,Metinic
21479,2021-06-29T01:46:07Z,12.497,0,Metinic
21480,2021-06-29T01:51:07Z,12.497,0,Metinic
21481,2021-06-29T01:56:07Z,12.594,0,Metinic
21482,2021-06-29T02:01:07Z,12.594,0,Metinic
21483,2021-06-29T02:06:07Z,12.594,0,Metinic
21484,2021-06-29T02:11:07Z,12.594,0,Metinic
21485,2021-06-29T02:16:07Z,12.594,0,Metinic
21486,2021-06-29T02:21:07Z,12.594,0,Metinic
21487,2021-06-29T02:26:07Z,12.497,0,Metinic
21488,2021-06-29T02:31:07Z,12.497,0,Metinic
21489,2021-06-29T02:36:07Z,12.497,0,Metinic
21490,2021-06-29T02:41:07Z,12.497,0,Metinic
21491,2021-06-29T02:46:07Z,12.497,0,Metinic
21492,2021-06-29T02:51:07Z,12.497,0,Metinic
21493,2021-06-29T02:56:07Z,12.401,0,Metinic
21494,2021-06-29T03:01:07Z,12.304,0,Metinic
21495,2021-06-29T03:06:07Z,12.013,0,Metinic
21496,2021-06-29T03:11:07Z,11.722,0,Metinic
21497,2021-06-29T03:16:07Z,11.431,0,Metinic
21498,2021-06-29T03:21:07Z,11.235999999999999,0,Metinic
21499,2021-06-29T03:26:07Z,11.040999999999999,0,Metinic
21500,2021-06-29T03:31:07Z,10.943999999999999,0,Metinic
21501,2021-06-29T03:36:07Z,10.846,0,Metinic
21502,2021-06-29T03:41:07Z,10.846,0,Metinic
21503,2021-06-29T03:46:07Z,10.846,0,Metinic
21504,2021-06-29T03:51:07Z,10.846,0,Metinic
21505,2021-06-29T03:56:07Z,10.846,0,Metinic
21506,2021-06-29T04:01:07Z,10.846,0,Metinic
21507,2021-06-29T04:06:07Z,10.846,0,Metinic
21508,2021-06-29T04:11:07Z,10.846,0,Metinic
21509,2021-06-29T04:16:07Z,10.846,0,Metinic
21510,2021-06-29T04:21:07Z,10.943999999999999,0,Metinic
21511,2021-06-29T04:26:07Z,10.943999999999999,0,Metinic
21512,2021-06-29T04:31:07Z,10.943999999999999,0,Metinic
21513,2021-06-29T04:36:07Z,10.943999999999999,0,Metinic
21514,2021-06-29T04:41:07Z,11.040999999999999,0,Metinic
21515,2021-06-29T04:46:07Z,11.139,0,Metinic
21516,2021-06-29T04:51:07Z,11.334,0,Metinic
21517,2021-06-29T04:56:07Z,11.527999999999999,0,Metinic
21518,2021-06-29T05:01:07Z,11.527999999999999,0,Metinic
21519,2021-06-29T05:06:07Z,11.722,0,Metinic
21520,2021-06-29T05:11:07Z,11.819,0,Metinic
21521,2021-06-29T05:16:07Z,11.916,0,Metinic
21522,2021-06-29T05:21:07Z,11.916,0,Metinic
21523,2021-06-29T05:26:07Z,11.916,0,Metinic
21524,2021-06-29T05:31:07Z,12.013,0,Metinic
21525,2021-06-29T05:36:07Z,12.013,0,Metinic
21526,2021-06-29T05:41:07Z,12.11,0,Metinic
21527,2021-06-29T05:46:07Z,12.11,0,Metinic
21528,2021-06-29T05:51:07Z,12.11,0,Metinic
21529,2021-06-29T05:56:07Z,12.11,0,Metinic
21530,2021-06-29T06:01:07Z,12.11,0,Metinic
21531,2021-06-29T06:06:07Z,12.11,0,Metinic
21532,2021-06-29T06:11:07Z,12.206999999999999,0,Metinic
21533,2021-06-29T06:16:07Z,12.206999999999999,0,Metinic
21534,2021-06-29T06:21:07Z,12.206999999999999,0,Metinic
21535,2021-06-29T06:26:07Z,12.304,0,Metinic
21536,2021-06-29T06:31:07Z,12.304,0,Metinic
21537,2021-06-29T06:36:07Z,12.304,0,Metinic
21538,2021-06-29T06:41:07Z,12.401,0,Metinic
21539,2021-06-29T06:46:07Z,12.401,0,Metinic
21540,2021-06-29T06:51:07Z,12.401,0,Metinic
21541,2021-06-29T06:56:07Z,12.497,0,Metinic
21542,2021-06-29T07:01:07Z,12.594,0,Metinic
21543,2021-06-29T07:06:07Z,12.69,0,Metinic
21544,2021-06-29T07:11:07Z,12.69,0,Metinic
21545,2021-06-29T07:16:07Z,12.69,0,Metinic
21546,2021-06-29T07:21:07Z,12.69,0,Metinic
21547,2021-06-29T07:26:07Z,12.69,0,Metinic
21548,2021-06-29T07:31:07Z,12.69,0,Metinic
21549,2021-06-29T07:36:07Z,12.69,0,Metinic
21550,2021-06-29T07:41:07Z,12.69,0,Metinic
21551,2021-06-29T07:46:07Z,12.69,0,Metinic
21552,2021-06-29T07:51:07Z,12.69,0,Metinic
21553,2021-06-29T07:56:07Z,12.69,0,Metinic
21554,2021-06-29T08:01:07Z,12.69,0,Metinic
21555,2021-06-29T08:06:07Z,12.69,0,Metinic
21556,2021-06-29T08:11:07Z,12.69,0,Metinic
21557,2021-06-29T08:16:07Z,12.69,0,Metinic
21558,2021-06-29T08:21:07Z,12.69,0,Metinic
21559,2021-06-29T08:26:07Z,12.69,0,Metinic
21560,2021-06-29T08:31:07Z,12.69,0,Metinic
21561,2021-06-29T08:36:07Z,12.69,0,Metinic
21562,2021-06-29T08:41:07Z,12.69,0,Metinic
21563,2021-06-29T08:46:07Z,12.69,0,Metinic
21564,2021-06-29T08:51:07Z,12.69,0,Metinic
21565,2021-06-29T08:56:07Z,12.69,2,Metinic
21566,2021-06-29T09:01:07Z,12.69,2,Metinic
21567,2021-06-29T09:06:07Z,12.69,5,Metinic
21568,2021-06-29T09:11:07Z,12.69,5,Metinic
21569,2021-06-29T09:16:07Z,12.69,3,Metinic
21570,2021-06-29T09:21:07Z,12.69,0,Metinic
21571,2021-06-29T09:26:07Z,12.69,12,Metinic
21572,2021-06-29T09:31:07Z,12.69,4,Metinic
21573,2021-06-29T09:36:07Z,12.69,0,Metinic
21574,2021-06-29T09:41:07Z,12.69,1,Metinic
21575,2021-06-29T09:46:07Z,12.69,2,Metinic
21576,2021-06-29T09:51:07Z,12.69,1,Metinic
21577,2021-06-29T09:56:07Z,12.69,0,Metinic
21578,2021-06-29T10:01:07Z,12.69,34,Metinic
21579,2021-06-29T10:06:07Z,12.69,62,Metinic
21580,2021-06-29T10:11:07Z,12.69,1,Metinic
21581,2021-06-29T10:16:07Z,12.594,8,Metinic
21582,2021-06-29T10:21:07Z,12.594,3,Metinic
21583,2021-06-29T10:26:07Z,12.594,4,Metinic
21584,2021-06-29T10:31:07Z,12.594,8,Metinic
21585,2021-06-29T10:36:07Z,12.497,47,Metinic
21586,2021-06-29T10:41:07Z,12.497,116,Metinic
21587,2021-06-29T10:46:07Z,12.401,120,Metinic
21588,2021-06-29T10:51:07Z,12.304,13,Metinic
21589,2021-06-29T10:56:07Z,12.304,5,Metinic
21590,2021-06-29T11:01:07Z,12.11,19,Metinic
21591,2021-06-29T11:06:07Z,12.013,40,Metinic
21592,2021-06-29T11:11:07Z,11.916,10,Metinic
21593,2021-06-29T11:16:07Z,11.916,121,Metinic
21594,2021-06-29T11:21:07Z,12.013,136,Metinic
21595,2021-06-29T11:26:07Z,12.11,57,Metinic
21596,2021-06-29T11:31:07Z,12.11,168,Metinic
21597,2021-06-29T11:36:07Z,12.206999999999999,13,Metinic
21598,2021-06-29T11:41:07Z,12.206999999999999,400,Metinic
21599,2021-06-29T11:46:07Z,12.304,42,Metinic
21600,2021-06-29T11:51:07Z,12.401,60,Metinic
21601,2021-06-29T11:56:07Z,12.497,34,Metinic
21602,2021-06-29T12:01:07Z,12.497,7,Metinic
21603,2021-06-29T12:06:07Z,12.594,59,Metinic
21604,2021-06-29T12:11:07Z,12.69,15,Metinic
21605,2021-06-29T12:16:07Z,12.69,480,Metinic
21606,2021-06-29T12:21:07Z,12.69,66,Metinic
21607,2021-06-29T12:26:07Z,12.786999999999999,16,Metinic
21608,2021-06-29T12:31:07Z,12.69,480,Metinic
21609,2021-06-29T12:36:07Z,12.69,86,Metinic
21610,2021-06-29T12:41:07Z,12.69,107,Metinic
21611,2021-06-29T12:46:07Z,12.69,576,Metinic
21612,2021-06-29T12:51:07Z,12.69,256,Metinic
21613,2021-06-29T12:56:07Z,12.786999999999999,15,Metinic
21614,2021-06-29T13:01:07Z,12.69,17,Metinic
21615,2021-06-29T13:06:07Z,12.69,60,Metinic
21616,2021-06-29T13:11:07Z,12.883000000000001,7,Metinic
21617,2021-06-29T13:16:07Z,12.883000000000001,128,Metinic
21618,2021-06-29T13:21:07Z,12.883000000000001,768,Metinic
21619,2021-06-29T13:26:07Z,12.883000000000001,1344,Metinic
21620,2021-06-29T13:31:07Z,13.076,6,Metinic
21621,2021-06-29T13:36:07Z,13.076,18,Metinic
21622,2021-06-29T13:41:07Z,12.69,152,Metinic
21623,2021-06-29T13:46:07Z,12.497,1280,Metinic
21624,2021-06-29T13:51:07Z,12.497,11,Metinic
21625,2021-06-29T13:56:07Z,12.401,34,Metinic
21626,2021-06-29T14:01:07Z,12.304,75,Metinic
21627,2021-06-29T14:06:07Z,12.401,368,Metinic
21628,2021-06-29T14:11:07Z,12.304,1024,Metinic
21629,2021-06-29T14:16:07Z,12.304,1600,Metinic
21630,2021-06-29T14:21:07Z,12.304,192,Metinic
21631,2021-06-29T14:26:07Z,12.497,7,Metinic
21632,2021-06-29T14:31:07Z,12.497,768,Metinic
21633,2021-06-29T14:36:07Z,12.304,1216,Metinic
21634,2021-06-29T14:41:07Z,12.594,24,Metinic
21635,2021-06-29T14:46:07Z,12.401,44,Metinic
21636,2021-06-29T14:51:07Z,12.401,176,Metinic
21637,2021-06-29T14:56:07Z,12.304,1152,Metinic
21638,2021-06-29T15:01:07Z,12.497,117,Metinic
21639,2021-06-29T15:06:07Z,12.304,1152,Metinic
21640,2021-06-29T15:11:07Z,12.206999999999999,65,Metinic
21641,2021-06-29T15:16:07Z,12.401,56,Metinic
21642,2021-06-29T15:21:07Z,12.206999999999999,896,Metinic
21643,2021-06-29T15:26:07Z,12.206999999999999,1536,Metinic
21644,2021-06-29T15:31:07Z,12.304,47,Metinic
21645,2021-06-29T15:36:07Z,12.11,52,Metinic
21646,2021-06-29T15:41:07Z,11.916,256,Metinic
21647,2021-06-29T15:46:07Z,12.013,68,Metinic
21648,2021-06-29T15:51:07Z,11.819,1344,Metinic
21649,2021-06-29T15:56:07Z,12.013,10,Metinic
21650,2021-06-29T16:01:07Z,11.916,416,Metinic
21651,2021-06-29T16:06:07Z,11.819,896,Metinic
21652,2021-06-29T16:11:07Z,11.819,320,Metinic
21653,2021-06-29T16:16:07Z,11.916,200,Metinic
21654,2021-06-29T16:21:07Z,12.013,90,Metinic
21655,2021-06-29T16:26:07Z,11.819,200,Metinic
21656,2021-06-29T16:31:07Z,11.819,96,Metinic
21657,2021-06-29T16:36:07Z,11.819,58,Metinic
21658,2021-06-29T16:41:07Z,11.916,52,Metinic
21659,2021-06-29T16:46:07Z,12.013,200,Metinic
21660,2021-06-29T16:51:07Z,11.819,1344,Metinic
21661,2021-06-29T16:56:07Z,11.916,17,Metinic
21662,2021-06-29T17:01:07Z,11.819,21,Metinic
21663,2021-06-29T17:06:07Z,11.819,79,Metinic
21664,2021-06-29T17:11:07Z,11.819,224,Metinic
21665,2021-06-29T17:16:07Z,11.916,448,Metinic
21666,2021-06-29T17:21:07Z,12.11,67,Metinic
21667,2021-06-29T17:26:07Z,12.206999999999999,992,Metinic
21668,2021-06-29T17:31:07Z,12.304,864,Metinic
21669,2021-06-29T17:36:07Z,12.401,184,Metinic
21670,2021-06-29T17:41:07Z,12.594,88,Metinic
21671,2021-06-29T17:46:07Z,12.69,18,Metinic
21672,2021-06-29T17:51:07Z,12.883000000000001,14,Metinic
21673,2021-06-29T17:56:07Z,12.69,6,Metinic
21674,2021-06-29T18:01:07Z,12.69,36,Metinic
21675,2021-06-29T18:06:07Z,12.401,136,Metinic
21676,2021-06-29T18:11:07Z,12.013,45,Metinic
21677,2021-06-29T18:16:07Z,12.013,336,Metinic
21678,2021-06-29T18:21:07Z,11.916,11,Metinic
21679,2021-06-29T18:26:07Z,12.013,896,Metinic
21680,2021-06-29T18:31:07Z,12.11,17,Metinic
21681,2021-06-29T18:36:07Z,12.497,496,Metinic
21682,2021-06-29T18:41:07Z,12.69,65,Metinic
21683,2021-06-29T18:46:07Z,12.594,99,Metinic
21684,2021-06-29T18:51:07Z,12.594,480,Metinic
21685,2021-06-29T18:56:07Z,12.883000000000001,90,Metinic
21686,2021-06-29T19:01:07Z,12.883000000000001,32,Metinic
21687,2021-06-29T19:06:07Z,12.98,216,Metinic
21688,2021-06-29T19:11:07Z,13.076,48,Metinic
21689,2021-06-29T19:16:07Z,12.98,108,Metinic
21690,2021-06-29T19:21:07Z,12.98,288,Metinic
21691,2021-06-29T19:26:07Z,12.98,512,Metinic
21692,2021-06-29T19:31:07Z,12.98,144,Metinic
21693,2021-06-29T19:36:07Z,12.98,512,Metinic
21694,2021-06-29T19:41:07Z,13.076,54,Metinic
21695,2021-06-29T19:46:07Z,12.98,368,Metinic
21696,2021-06-29T19:51:07Z,12.98,47,Metinic
21697,2021-06-29T19:56:07Z,13.076,304,Metinic
21698,2021-06-29T20:01:07Z,13.076,17,Metinic
21699,2021-06-29T20:06:07Z,13.076,50,Metinic
21700,2021-06-29T20:11:07Z,13.076,50,Metinic
21701,2021-06-29T20:16:07Z,13.076,6,Metinic
21702,2021-06-29T20:21:07Z,12.98,31,Metinic
21703,2021-06-29T20:26:07Z,12.98,34,Metinic
21704,2021-06-29T20:31:07Z,12.883000000000001,216,Metinic
21705,2021-06-29T20:36:07Z,12.883000000000001,248,Metinic
21706,2021-06-29T20:41:07Z,12.883000000000001,184,Metinic
21707,2021-06-29T20:46:07Z,12.883000000000001,136,Metinic
21708,2021-06-29T20:51:07Z,12.883000000000001,8,Metinic
21709,2021-06-29T20:56:07Z,12.883000000000001,42,Metinic
21710,2021-06-29T21:01:07Z,12.786999999999999,75,Metinic
21711,2021-06-29T21:06:07Z,12.883000000000001,11,Metinic
21712,2021-06-29T21:11:07Z,12.883000000000001,136,Metinic
21713,2021-06-29T21:16:07Z,12.786999999999999,88,Metinic
21714,2021-06-29T21:21:07Z,12.786999999999999,160,Metinic
21715,2021-06-29T21:26:07Z,12.786999999999999,3,Metinic
21716,2021-06-29T21:31:07Z,12.786999999999999,6,Metinic
21717,2021-06-29T21:36:07Z,12.786999999999999,18,Metinic
21718,2021-06-29T21:41:07Z,12.69,34,Metinic
21719,2021-06-29T21:46:07Z,12.594,112,Metinic
21720,2021-06-29T21:51:07Z,12.594,224,Metinic
21721,2021-06-29T21:56:07Z,12.594,208,Metinic
21722,2021-06-29T22:01:07Z,12.594,4,Metinic
21723,2021-06-29T22:06:07Z,12.594,5,Metinic
21724,2021-06-29T22:11:07Z,12.594,112,Metinic
21725,2021-06-29T22:16:07Z,12.594,13,Metinic
21726,2021-06-29T22:21:07Z,12.594,18,Metinic
21727,2021-06-29T22:26:07Z,12.594,10,Metinic
21728,2021-06-29T22:31:07Z,12.69,36,Metinic
21729,2021-06-29T22:36:07Z,12.69,5,Metinic
21730,2021-06-29T22:41:07Z,12.69,6,Metinic
21731,2021-06-29T22:46:07Z,12.69,0,Metinic
21732,2021-06-29T22:51:07Z,12.69,10,Metinic
21733,2021-06-29T22:56:07Z,12.69,2,Metinic
21734,2021-06-29T23:01:07Z,12.69,5,Metinic
21735,2021-06-29T23:06:07Z,12.69,7,Metinic
21736,2021-06-29T23:11:07Z,12.69,3,Metinic
21737,2021-06-29T23:16:07Z,12.69,63,Metinic
21738,2021-06-29T23:21:07Z,12.69,0,Metinic
21739,2021-06-29T23:26:07Z,12.69,2,Metinic
21740,2021-06-29T23:31:07Z,12.594,2,Metinic
21741,2021-06-29T23:36:07Z,12.497,1,Metinic
21742,2021-06-29T23:41:07Z,12.304,8,Metinic
21743,2021-06-29T23:46:07Z,12.206999999999999,1,Metinic
21744,2021-06-29T23:51:07Z,12.11,9,Metinic
21745,2021-06-29T23:56:07Z,12.11,10,Metinic
21746,2021-06-30T00:01:07Z,12.11,4,Metinic
21747,2021-06-30T00:06:07Z,12.11,0,Metinic
21748,2021-06-30T00:11:07Z,12.11,0,Metinic
21749,2021-06-30T00:16:07Z,12.11,0,Metinic
21750,2021-06-30T00:21:07Z,12.11,0,Metinic
21751,2021-06-30T00:26:07Z,12.11,0,Metinic
21752,2021-06-30T00:31:07Z,12.11,0,Metinic
21753,2021-06-30T00:36:07Z,12.013,0,Metinic
21754,2021-06-30T00:41:07Z,12.013,0,Metinic
21755,2021-06-30T00:46:07Z,12.013,0,Metinic
21756,2021-06-30T00:51:07Z,12.013,0,Metinic
21757,2021-06-30T00:56:07Z,12.11,0,Metinic
21758,2021-06-30T01:01:07Z,12.11,0,Metinic
21759,2021-06-30T01:06:07Z,12.206999999999999,0,Metinic
21760,2021-06-30T01:11:07Z,12.206999999999999,0,Metinic
21761,2021-06-30T01:16:07Z,12.304,0,Metinic
21762,2021-06-30T01:21:07Z,12.304,0,Metinic
21763,2021-06-30T01:26:07Z,12.304,0,Metinic
21764,2021-06-30T01:31:07Z,12.304,0,Metinic
21765,2021-06-30T01:36:07Z,12.206999999999999,0,Metinic
21766,2021-06-30T01:41:07Z,12.206999999999999,0,Metinic
21767,2021-06-30T01:46:07Z,12.206999999999999,0,Metinic
21768,2021-06-30T01:51:07Z,12.304,0,Metinic
21769,2021-06-30T01:56:07Z,12.304,0,Metinic
21770,2021-06-30T02:01:07Z,12.304,0,Metinic
21771,2021-06-30T02:06:07Z,12.401,0,Metinic
21772,2021-06-30T02:11:07Z,12.401,0,Metinic
21773,2021-06-30T02:16:07Z,12.497,0,Metinic
21774,2021-06-30T02:21:07Z,12.497,0,Metinic
21775,2021-06-30T02:26:07Z,12.594,0,Metinic
21776,2021-06-30T02:31:07Z,12.594,0,Metinic
21777,2021-06-30T02:36:07Z,12.594,0,Metinic
21778,2021-06-30T02:41:07Z,12.594,0,Metinic
21779,2021-06-30T02:46:07Z,12.497,0,Metinic
21780,2021-06-30T02:51:07Z,12.497,0,Metinic
21781,2021-06-30T02:56:07Z,12.401,0,Metinic
21782,2021-06-30T03:01:07Z,12.401,0,Metinic
21783,2021-06-30T03:06:07Z,12.401,0,Metinic
21784,2021-06-30T03:11:07Z,12.401,0,Metinic
21785,2021-06-30T03:16:07Z,12.304,0,Metinic
21786,2021-06-30T03:21:07Z,12.304,0,Metinic
21787,2021-06-30T03:26:07Z,12.304,0,Metinic
21788,2021-06-30T03:31:07Z,12.206999999999999,0,Metinic
21789,2021-06-30T03:36:07Z,12.206999999999999,0,Metinic
21790,2021-06-30T03:41:07Z,12.11,0,Metinic
21791,2021-06-30T03:46:07Z,12.013,0,Metinic
21792,2021-06-30T03:51:07Z,11.819,0,Metinic
21793,2021-06-30T03:56:07Z,11.722,0,Metinic
21794,2021-06-30T04:01:07Z,11.625,0,Metinic
21795,2021-06-30T04:06:07Z,11.625,0,Metinic
21796,2021-06-30T04:11:07Z,11.527999999999999,0,Metinic
21797,2021-06-30T04:16:07Z,11.431,0,Metinic
21798,2021-06-30T04:21:07Z,11.431,0,Metinic
21799,2021-06-30T04:26:07Z,11.431,0,Metinic
21800,2021-06-30T04:31:07Z,11.431,0,Metinic
21801,2021-06-30T04:36:07Z,11.431,0,Metinic
21802,2021-06-30T04:41:07Z,11.431,0,Metinic
21803,2021-06-30T04:46:07Z,11.431,0,Metinic
21804,2021-06-30T04:51:07Z,11.431,0,Metinic
21805,2021-06-30T04:56:07Z,11.431,0,Metinic
21806,2021-06-30T05:01:07Z,11.431,0,Metinic
21807,2021-06-30T05:06:07Z,11.431,0,Metinic
21808,2021-06-30T05:11:07Z,11.431,0,Metinic
21809,2021-06-30T05:16:07Z,11.431,0,Metinic
21810,2021-06-30T05:21:07Z,11.431,0,Metinic
21811,2021-06-30T05:26:07Z,11.431,0,Metinic
21812,2021-06-30T05:31:07Z,11.431,0,Metinic
21813,2021-06-30T05:36:07Z,11.431,0,Metinic
21814,2021-06-30T05:41:07Z,11.527999999999999,0,Metinic
21815,2021-06-30T05:46:07Z,11.527999999999999,0,Metinic
21816,2021-06-30T05:51:07Z,11.527999999999999,0,Metinic
21817,2021-06-30T05:56:07Z,11.527999999999999,0,Metinic
21818,2021-06-30T06:01:07Z,11.527999999999999,0,Metinic
21819,2021-06-30T06:06:07Z,11.527999999999999,0,Metinic
21820,2021-06-30T06:11:07Z,11.527999999999999,0,Metinic
21821,2021-06-30T06:16:07Z,11.527999999999999,0,Metinic
21822,2021-06-30T06:21:07Z,11.527999999999999,0,Metinic
21823,2021-06-30T06:26:07Z,11.527999999999999,0,Metinic
21824,2021-06-30T06:31:07Z,11.527999999999999,0,Metinic
21825,2021-06-30T06:36:07Z,11.527999999999999,0,Metinic
21826,2021-06-30T06:41:07Z,11.527999999999999,0,Metinic
21827,2021-06-30T06:46:07Z,11.527999999999999,0,Metinic
21828,2021-06-30T06:51:07Z,11.527999999999999,0,Metinic
21829,2021-06-30T06:56:07Z,11.527999999999999,0,Metinic
21830,2021-06-30T07:01:07Z,11.625,0,Metinic
21831,2021-06-30T07:06:07Z,11.625,0,Metinic
21832,2021-06-30T07:11:07Z,11.625,0,Metinic
21833,2021-06-30T07:16:07Z,11.625,0,Metinic
21834,2021-06-30T07:21:07Z,11.625,0,Metinic
21835,2021-06-30T07:26:07Z,11.625,0,Metinic
21836,2021-06-30T07:31:07Z,11.722,0,Metinic
21837,2021-06-30T07:36:07Z,11.819,0,Metinic
21838,2021-06-30T07:41:07Z,11.916,0,Metinic
21839,2021-06-30T07:46:07Z,12.013,0,Metinic
21840,2021-06-30T07:51:07Z,12.206999999999999,0,Metinic
21841,2021-06-30T07:56:07Z,12.304,0,Metinic
21842,2021-06-30T08:01:07Z,12.401,0,Metinic
21843,2021-06-30T08:06:07Z,12.497,0,Metinic
21844,2021-06-30T08:11:07Z,12.497,0,Metinic
21845,2021-06-30T08:16:07Z,12.594,0,Metinic
21846,2021-06-30T08:21:07Z,12.69,0,Metinic
21847,2021-06-30T08:26:07Z,12.786999999999999,0,Metinic
21848,2021-06-30T08:31:07Z,12.883000000000001,0,Metinic
21849,2021-06-30T08:36:07Z,12.883000000000001,0,Metinic
21850,2021-06-30T08:41:07Z,12.883000000000001,0,Metinic
21851,2021-06-30T08:46:07Z,12.98,0,Metinic
21852,2021-06-30T08:51:07Z,12.883000000000001,0,Metinic
21853,2021-06-30T08:56:07Z,12.786999999999999,1,Metinic
21854,2021-06-30T09:01:07Z,12.786999999999999,0,Metinic
21855,2021-06-30T09:06:07Z,12.883000000000001,0,Metinic
21856,2021-06-30T09:11:07Z,12.883000000000001,5,Metinic
21857,2021-06-30T09:16:07Z,12.883000000000001,6,Metinic
21858,2021-06-30T09:21:07Z,12.98,2,Metinic
21859,2021-06-30T09:26:07Z,12.98,1,Metinic
21860,2021-06-30T09:31:07Z,12.98,1,Metinic
21861,2021-06-30T09:36:07Z,12.98,1,Metinic
21862,2021-06-30T09:41:07Z,12.98,26,Metinic
21863,2021-06-30T09:46:07Z,12.98,8,Metinic
21864,2021-06-30T09:51:07Z,12.98,11,Metinic
21865,2021-06-30T09:56:07Z,12.98,5,Metinic
21866,2021-06-30T10:01:07Z,12.98,1,Metinic
21867,2021-06-30T10:06:07Z,12.98,5,Metinic
21868,2021-06-30T10:11:07Z,12.883000000000001,35,Metinic
21869,2021-06-30T10:16:07Z,12.883000000000001,11,Metinic
21870,2021-06-30T10:21:07Z,12.883000000000001,26,Metinic
21871,2021-06-30T10:26:07Z,12.883000000000001,3,Metinic
21872,2021-06-30T10:31:07Z,12.883000000000001,1,Metinic
21873,2021-06-30T10:36:07Z,12.883000000000001,6,Metinic
21874,2021-06-30T10:41:07Z,12.883000000000001,22,Metinic
21875,2021-06-30T10:46:07Z,12.883000000000001,16,Metinic
21876,2021-06-30T10:51:07Z,12.883000000000001,11,Metinic
21877,2021-06-30T10:56:07Z,12.883000000000001,36,Metinic
21878,2021-06-30T11:01:07Z,12.883000000000001,14,Metinic
21879,2021-06-30T11:06:07Z,12.883000000000001,20,Metinic
21880,2021-06-30T11:11:07Z,12.786999999999999,27,Metinic
21881,2021-06-30T11:16:07Z,12.786999999999999,25,Metinic
21882,2021-06-30T11:21:07Z,12.69,18,Metinic
21883,2021-06-30T11:26:07Z,12.786999999999999,13,Metinic
21884,2021-06-30T11:31:07Z,12.69,31,Metinic
21885,2021-06-30T11:36:07Z,12.69,2,Metinic
21886,2021-06-30T11:41:07Z,12.497,176,Metinic
21887,2021-06-30T11:46:07Z,12.401,19,Metinic
21888,2021-06-30T11:51:07Z,12.304,44,Metinic
21889,2021-06-30T11:56:07Z,12.206999999999999,3,Metinic
21890,2021-06-30T12:01:07Z,12.206999999999999,26,Metinic
21891,2021-06-30T12:06:07Z,12.206999999999999,512,Metinic
21892,2021-06-30T12:11:07Z,12.206999999999999,512,Metinic
21893,2021-06-30T12:16:07Z,12.206999999999999,79,Metinic
21894,2021-06-30T12:21:07Z,12.206999999999999,216,Metinic
21895,2021-06-30T12:26:07Z,12.11,30,Metinic
21896,2021-06-30T12:31:07Z,12.206999999999999,480,Metinic
21897,2021-06-30T12:36:07Z,12.206999999999999,464,Metinic
21898,2021-06-30T12:41:07Z,12.206999999999999,116,Metinic
21899,2021-06-30T12:46:07Z,12.304,60,Metinic
21900,2021-06-30T12:51:07Z,12.206999999999999,152,Metinic
21901,2021-06-30T12:56:07Z,12.304,52,Metinic
21902,2021-06-30T13:01:07Z,12.304,416,Metinic
21903,2021-06-30T13:06:07Z,12.304,176,Metinic
21904,2021-06-30T13:11:07Z,12.497,19,Metinic
21905,2021-06-30T13:16:07Z,12.401,152,Metinic
21906,2021-06-30T13:21:07Z,12.401,992,Metinic
21907,2021-06-30T13:26:07Z,12.401,1152,Metinic
21908,2021-06-30T13:31:07Z,12.497,1344,Metinic
21909,2021-06-30T13:36:07Z,12.497,30,Metinic
21910,2021-06-30T13:41:07Z,12.594,608,Metinic
21911,2021-06-30T13:46:07Z,12.497,1664,Metinic
21912,2021-06-30T13:51:07Z,12.594,352,Metinic
21913,2021-06-30T13:56:07Z,12.69,70,Metinic
21914,2021-06-30T14:01:07Z,12.69,67,Metinic
21915,2021-06-30T14:06:07Z,12.786999999999999,104,Metinic
21916,2021-06-30T14:11:07Z,13.076,37,Metinic
21917,2021-06-30T14:16:07Z,13.076,95,Metinic
21918,2021-06-30T14:21:07Z,12.98,83,Metinic
21919,2021-06-30T14:26:07Z,13.173,7,Metinic
21920,2021-06-30T14:31:07Z,13.365000000000002,62,Metinic
21921,2021-06-30T14:36:07Z,13.365000000000002,78,Metinic
21922,2021-06-30T14:41:07Z,13.173,496,Metinic
21923,2021-06-30T14:46:07Z,13.269,51,Metinic
21924,2021-06-30T14:51:07Z,12.98,73,Metinic
21925,2021-06-30T14:56:07Z,12.98,42,Metinic
21926,2021-06-30T15:01:07Z,12.497,53,Metinic
21927,2021-06-30T15:06:07Z,12.206999999999999,39,Metinic
21928,2021-06-30T15:11:07Z,12.013,288,Metinic
21929,2021-06-30T15:16:07Z,11.916,480,Metinic
21930,2021-06-30T15:21:07Z,11.916,73,Metinic
21931,2021-06-30T15:26:07Z,11.916,2,Metinic
21932,2021-06-30T15:31:07Z,11.819,8,Metinic
21933,2021-06-30T15:36:07Z,11.916,24,Metinic
21934,2021-06-30T15:41:07Z,11.819,20,Metinic
21935,2021-06-30T15:46:07Z,11.916,232,Metinic
21936,2021-06-30T15:51:07Z,11.916,768,Metinic
21937,2021-06-30T15:56:07Z,12.206999999999999,216,Metinic
21938,2021-06-30T16:01:07Z,12.206999999999999,47,Metinic
21939,2021-06-30T16:06:07Z,11.916,336,Metinic
21940,2021-06-30T16:11:07Z,11.819,208,Metinic
21941,2021-06-30T16:16:07Z,11.819,480,Metinic
21942,2021-06-30T16:21:07Z,12.11,113,Metinic
21943,2021-06-30T16:26:07Z,11.819,368,Metinic
21944,2021-06-30T16:31:07Z,12.013,864,Metinic
21945,2021-06-30T16:36:07Z,12.013,54,Metinic
21946,2021-06-30T16:41:07Z,12.401,1344,Metinic
21947,2021-06-30T16:46:07Z,12.69,184,Metinic
21948,2021-06-30T16:51:07Z,12.401,248,Metinic
21949,2021-06-30T16:56:07Z,12.594,864,Metinic
21950,2021-06-30T17:01:07Z,12.497,352,Metinic
21951,2021-06-30T17:06:07Z,12.98,38,Metinic
21952,2021-06-30T17:11:07Z,12.98,19,Metinic
21953,2021-06-30T17:16:07Z,13.076,27,Metinic
21954,2021-06-30T17:21:07Z,13.076,18,Metinic
21955,2021-06-30T17:26:07Z,13.076,27,Metinic
21956,2021-06-30T17:31:07Z,12.98,22,Metinic
21957,2021-06-30T17:36:07Z,13.173,34,Metinic
21958,2021-06-30T17:41:07Z,13.076,8,Metinic
21959,2021-06-30T17:46:07Z,13.173,20,Metinic
21960,2021-06-30T17:51:07Z,13.269,18,Metinic
21961,2021-06-30T17:56:07Z,13.269,38,Metinic
21962,2021-06-30T18:01:07Z,13.365000000000002,14,Metinic
21963,2021-06-30T18:06:07Z,13.461,15,Metinic
21964,2021-06-30T18:11:07Z,13.461,8,Metinic
21965,2021-06-30T18:16:07Z,13.269,32,Metinic
21966,2021-06-30T18:21:07Z,13.269,3,Metinic
21967,2021-06-30T18:26:07Z,13.269,19,Metinic
21968,2021-06-30T18:31:07Z,13.173,28,Metinic
21969,2021-06-30T18:36:07Z,13.076,19,Metinic
21970,2021-06-30T18:41:07Z,13.076,12,Metinic
21971,2021-06-30T18:46:07Z,13.076,26,Metinic
21972,2021-06-30T18:51:07Z,13.076,5,Metinic
21973,2021-06-30T18:56:07Z,12.98,23,Metinic
21974,2021-06-30T19:01:07Z,12.883000000000001,17,Metinic
21975,2021-06-30T19:06:07Z,12.883000000000001,8,Metinic
21976,2021-06-30T19:11:07Z,12.883000000000001,11,Metinic
21977,2021-06-30T19:16:07Z,12.69,216,Metinic
21978,2021-06-30T19:21:07Z,12.594,62,Metinic
21979,2021-06-30T19:26:07Z,12.594,136,Metinic
21980,2021-06-30T19:31:07Z,12.497,288,Metinic
21981,2021-06-30T19:36:07Z,12.304,184,Metinic
21982,2021-06-30T19:41:07Z,12.11,90,Metinic
21983,2021-06-30T19:46:07Z,12.11,6,Metinic
21984,2021-06-30T19:51:07Z,12.013,35,Metinic
21985,2021-06-30T19:56:07Z,11.916,6,Metinic
21986,2021-06-30T20:01:07Z,12.013,15,Metinic
21987,2021-06-30T20:06:07Z,12.013,2,Metinic
21988,2021-06-30T20:11:07Z,11.916,15,Metinic
21989,2021-06-30T20:16:07Z,11.916,43,Metinic
21990,2021-06-30T20:21:07Z,11.916,9,Metinic
21991,2021-06-30T20:26:07Z,11.819,160,Metinic
21992,2021-06-30T20:31:07Z,11.722,0,Metinic
21993,2021-06-30T20:36:07Z,11.722,6,Metinic
21994,2021-06-30T20:41:07Z,11.625,6,Metinic
21995,2021-06-30T20:46:07Z,11.722,6,Metinic
21996,2021-06-30T20:51:07Z,11.722,6,Metinic
21997,2021-06-30T20:56:07Z,11.722,4,Metinic
21998,2021-06-30T21:01:07Z,11.722,30,Metinic
21999,2021-06-30T21:06:07Z,11.722,0,Metinic
22000,2021-06-30T21:11:07Z,11.625,1,Metinic
22001,2021-06-30T21:16:07Z,11.625,1,Metinic
22002,2021-06-30T21:21:07Z,11.527999999999999,15,Metinic
22003,2021-06-30T21:26:07Z,11.527999999999999,3,Metinic
22004,2021-06-30T21:31:07Z,11.527999999999999,2,Metinic
22005,2021-06-30T21:36:07Z,11.527999999999999,3,Metinic
22006,2021-06-30T21:41:07Z,11.527999999999999,1,Metinic
22007,2021-06-30T21:46:07Z,11.625,2,Metinic
22008,2021-06-30T21:51:07Z,11.625,0,Metinic
22009,2021-06-30T21:56:07Z,11.625,0,Metinic
22010,2021-06-30T22:01:07Z,11.625,1,Metinic
22011,2021-06-30T22:06:07Z,11.625,1,Metinic
22012,2021-06-30T22:11:07Z,11.625,1,Metinic
22013,2021-06-30T22:16:07Z,11.722,0,Metinic
22014,2021-06-30T22:21:07Z,11.722,6,Metinic
22015,2021-06-30T22:26:07Z,11.819,1,Metinic
22016,2021-06-30T22:31:07Z,11.819,0,Metinic
22017,2021-06-30T22:36:07Z,11.819,0,Metinic
22018,2021-06-30T22:41:07Z,11.916,1,Metinic
22019,2021-06-30T22:46:07Z,11.916,0,Metinic
22020,2021-06-30T22:51:07Z,11.916,5,Metinic
22021,2021-06-30T22:56:07Z,11.916,0,Metinic
22022,2021-06-30T23:01:07Z,12.013,0,Metinic
22023,2021-06-30T23:06:07Z,12.11,7,Metinic
22024,2021-06-30T23:11:07Z,12.206999999999999,3,Metinic
22025,2021-06-30T23:16:07Z,12.206999999999999,3,Metinic
22026,2021-06-30T23:21:07Z,12.206999999999999,3,Metinic
22027,2021-06-30T23:26:07Z,12.206999999999999,5,Metinic
22028,2021-06-30T23:31:07Z,12.304,6,Metinic
22029,2021-06-30T23:36:07Z,12.304,17,Metinic
22030,2021-06-30T23:41:07Z,12.206999999999999,42,Metinic
22031,2021-06-30T23:46:07Z,12.11,11,Metinic
22032,2021-06-30T23:51:07Z,12.013,0,Metinic
22033,2021-06-30T23:56:07Z,12.013,1,Metinic
22034,2021-07-01T00:01:07Z,11.916,0,Metinic
22035,2021-07-01T00:06:07Z,11.916,1,Metinic
22036,2021-07-01T00:11:07Z,11.916,0,Metinic
22037,2021-07-01T00:16:07Z,12.013,0,Metinic
22038,2021-07-01T00:21:07Z,12.013,0,Metinic
22039,2021-07-01T00:26:07Z,12.013,0,Metinic
22040,2021-07-01T00:31:07Z,12.013,0,Metinic
22041,2021-07-01T00:36:07Z,12.013,0,Metinic
22042,2021-07-01T00:41:07Z,12.013,0,Metinic
22043,2021-07-01T00:46:07Z,12.11,0,Metinic
22044,2021-07-01T00:51:07Z,12.206999999999999,0,Metinic
22045,2021-07-01T00:56:07Z,12.304,0,Metinic
22046,2021-07-01T01:01:07Z,12.401,0,Metinic
22047,2021-07-01T01:06:07Z,12.401,0,Metinic
22048,2021-07-01T01:11:07Z,12.401,0,Metinic
22049,2021-07-01T01:16:07Z,12.401,0,Metinic
22050,2021-07-01T01:21:07Z,12.206999999999999,0,Metinic
22051,2021-07-01T01:26:07Z,12.11,0,Metinic
22052,2021-07-01T01:31:07Z,12.11,0,Metinic
22053,2021-07-01T01:36:07Z,12.11,0,Metinic
22054,2021-07-01T01:41:07Z,12.206999999999999,0,Metinic
22055,2021-07-01T01:46:07Z,12.304,0,Metinic
22056,2021-07-01T01:51:07Z,12.304,0,Metinic
22057,2021-07-01T01:56:07Z,12.401,0,Metinic
22058,2021-07-01T02:01:07Z,12.497,0,Metinic
22059,2021-07-01T02:06:07Z,12.497,0,Metinic
22060,2021-07-01T02:11:07Z,12.497,0,Metinic
22061,2021-07-01T02:16:07Z,12.497,0,Metinic
22062,2021-07-01T02:21:07Z,12.497,0,Metinic
22063,2021-07-01T02:26:07Z,12.497,0,Metinic
22064,2021-07-01T02:31:07Z,12.304,0,Metinic
22065,2021-07-01T02:36:07Z,12.206999999999999,0,Metinic
22066,2021-07-01T02:41:07Z,12.11,0,Metinic
22067,2021-07-01T02:46:07Z,11.916,0,Metinic
22068,2021-07-01T02:51:07Z,11.722,0,Metinic
22069,2021-07-01T02:56:07Z,11.625,0,Metinic
22070,2021-07-01T03:01:07Z,11.625,0,Metinic
22071,2021-07-01T03:06:07Z,11.722,0,Metinic
22072,2021-07-01T03:11:07Z,11.819,0,Metinic
22073,2021-07-01T03:16:07Z,11.916,0,Metinic
22074,2021-07-01T03:21:07Z,11.916,0,Metinic
22075,2021-07-01T03:26:07Z,12.013,0,Metinic
22076,2021-07-01T03:31:07Z,12.013,0,Metinic
22077,2021-07-01T03:36:07Z,12.013,0,Metinic
22078,2021-07-01T03:41:07Z,12.013,0,Metinic
22079,2021-07-01T03:46:07Z,12.11,0,Metinic
22080,2021-07-01T03:51:07Z,12.11,0,Metinic
22081,2021-07-01T03:56:07Z,12.11,0,Metinic
22082,2021-07-01T04:01:07Z,12.11,0,Metinic
22083,2021-07-01T04:06:07Z,12.11,0,Metinic
22084,2021-07-01T04:11:07Z,12.206999999999999,0,Metinic
22085,2021-07-01T04:16:07Z,12.206999999999999,0,Metinic
22086,2021-07-01T04:21:07Z,12.206999999999999,0,Metinic
22087,2021-07-01T04:26:07Z,12.11,0,Metinic
22088,2021-07-01T04:31:07Z,11.916,0,Metinic
22089,2021-07-01T04:36:07Z,11.819,0,Metinic
22090,2021-07-01T04:41:07Z,11.722,0,Metinic
22091,2021-07-01T04:46:07Z,11.625,0,Metinic
22092,2021-07-01T04:51:07Z,11.527999999999999,0,Metinic
22093,2021-07-01T04:56:07Z,11.527999999999999,0,Metinic
22094,2021-07-01T05:01:07Z,11.431,0,Metinic
22095,2021-07-01T05:06:07Z,11.431,0,Metinic
22096,2021-07-01T05:11:07Z,11.431,0,Metinic
22097,2021-07-01T05:16:07Z,11.431,0,Metinic
22098,2021-07-01T05:21:07Z,11.431,0,Metinic
22099,2021-07-01T05:26:07Z,11.431,0,Metinic
22100,2021-07-01T05:31:07Z,11.431,0,Metinic
22101,2021-07-01T05:36:07Z,11.527999999999999,0,Metinic
22102,2021-07-01T05:41:07Z,11.527999999999999,0,Metinic
22103,2021-07-01T05:46:07Z,11.527999999999999,0,Metinic
22104,2021-07-01T05:51:07Z,11.527999999999999,0,Metinic
22105,2021-07-01T05:56:07Z,11.527999999999999,0,Metinic
22106,2021-07-01T06:01:07Z,11.527999999999999,0,Metinic
22107,2021-07-01T06:06:07Z,11.527999999999999,0,Metinic
22108,2021-07-01T06:11:07Z,11.527999999999999,0,Metinic
22109,2021-07-01T06:16:07Z,11.431,0,Metinic
22110,2021-07-01T06:21:07Z,11.431,0,Metinic
22111,2021-07-01T06:26:07Z,11.431,0,Metinic
22112,2021-07-01T06:31:07Z,11.334,0,Metinic
22113,2021-07-01T06:36:07Z,11.334,0,Metinic
22114,2021-07-01T06:41:07Z,11.334,0,Metinic
22115,2021-07-01T06:46:07Z,11.334,0,Metinic
22116,2021-07-01T06:51:07Z,11.334,0,Metinic
22117,2021-07-01T06:56:07Z,11.334,0,Metinic
22118,2021-07-01T07:01:07Z,11.334,0,Metinic
22119,2021-07-01T07:06:07Z,11.334,0,Metinic
22120,2021-07-01T07:11:07Z,11.431,0,Metinic
22121,2021-07-01T07:16:07Z,11.431,0,Metinic
22122,2021-07-01T07:21:07Z,11.431,0,Metinic
22123,2021-07-01T07:26:07Z,11.334,0,Metinic
22124,2021-07-01T07:31:07Z,11.334,0,Metinic
22125,2021-07-01T07:36:07Z,11.431,0,Metinic
22126,2021-07-01T07:41:07Z,11.527999999999999,0,Metinic
22127,2021-07-01T07:46:07Z,11.527999999999999,0,Metinic
22128,2021-07-01T07:51:07Z,11.527999999999999,0,Metinic
22129,2021-07-01T07:56:07Z,11.527999999999999,0,Metinic
22130,2021-07-01T08:01:07Z,11.527999999999999,0,Metinic
22131,2021-07-01T08:06:07Z,11.527999999999999,0,Metinic
22132,2021-07-01T08:11:07Z,11.625,0,Metinic
22133,2021-07-01T08:16:07Z,11.527999999999999,0,Metinic
22134,2021-07-01T08:21:07Z,11.527999999999999,0,Metinic
22135,2021-07-01T08:26:07Z,11.527999999999999,0,Metinic
22136,2021-07-01T08:31:07Z,11.527999999999999,0,Metinic
22137,2021-07-01T08:36:07Z,11.527999999999999,0,Metinic
22138,2021-07-01T08:41:07Z,11.431,0,Metinic
22139,2021-07-01T08:46:07Z,11.334,0,Metinic
22140,2021-07-01T08:51:07Z,11.334,0,Metinic
22141,2021-07-01T08:56:07Z,11.235999999999999,0,Metinic
22142,2021-07-01T09:01:07Z,11.235999999999999,0,Metinic
22143,2021-07-01T09:06:07Z,11.235999999999999,0,Metinic
22144,2021-07-01T09:11:07Z,11.139,0,Metinic
22145,2021-07-01T09:16:07Z,11.139,0,Metinic
22146,2021-07-01T09:21:07Z,11.139,0,Metinic
22147,2021-07-01T09:26:07Z,11.139,0,Metinic
22148,2021-07-01T09:31:07Z,11.139,0,Metinic
22149,2021-07-01T09:36:07Z,11.139,8,Metinic
22150,2021-07-01T09:41:07Z,11.235999999999999,1,Metinic
22151,2021-07-01T09:46:07Z,11.235999999999999,1,Metinic
22152,2021-07-01T09:51:07Z,11.334,0,Metinic
22153,2021-07-01T09:56:07Z,11.431,1,Metinic
22154,2021-07-01T10:01:07Z,11.431,10,Metinic
22155,2021-07-01T10:06:07Z,11.527999999999999,2,Metinic
22156,2021-07-01T10:11:07Z,11.527999999999999,1,Metinic
22157,2021-07-01T10:16:07Z,11.527999999999999,0,Metinic
22158,2021-07-01T10:21:07Z,11.527999999999999,0,Metinic
22159,2021-07-01T10:26:07Z,11.527999999999999,2,Metinic
22160,2021-07-01T10:31:07Z,11.527999999999999,1,Metinic
22161,2021-07-01T10:36:07Z,11.527999999999999,5,Metinic
22162,2021-07-01T10:41:07Z,11.527999999999999,35,Metinic
22163,2021-07-01T10:46:07Z,11.431,23,Metinic
22164,2021-07-01T10:51:07Z,11.334,62,Metinic
22165,2021-07-01T10:56:07Z,11.334,70,Metinic
22166,2021-07-01T11:01:07Z,11.334,106,Metinic
22167,2021-07-01T11:06:07Z,11.334,2,Metinic
22168,2021-07-01T11:11:07Z,11.334,40,Metinic
22169,2021-07-01T11:16:07Z,11.334,2,Metinic
22170,2021-07-01T11:21:07Z,11.431,5,Metinic
22171,2021-07-01T11:26:07Z,11.431,93,Metinic
22172,2021-07-01T11:31:07Z,11.431,102,Metinic
22173,2021-07-01T11:36:07Z,11.527999999999999,6,Metinic
22174,2021-07-01T11:41:07Z,11.431,30,Metinic
22175,2021-07-01T11:46:07Z,11.527999999999999,184,Metinic
22176,2021-07-01T11:51:07Z,11.625,52,Metinic
22177,2021-07-01T11:56:07Z,11.625,11,Metinic
22178,2021-07-01T12:01:07Z,11.625,7,Metinic
22179,2021-07-01T12:06:07Z,11.625,176,Metinic
22180,2021-07-01T12:11:07Z,11.527999999999999,4,Metinic
22181,2021-07-01T12:16:07Z,11.431,304,Metinic
22182,2021-07-01T12:21:07Z,11.334,110,Metinic
22183,2021-07-01T12:26:07Z,11.334,144,Metinic
22184,2021-07-01T12:31:07Z,11.334,33,Metinic
22185,2021-07-01T12:36:07Z,11.334,59,Metinic
22186,2021-07-01T12:41:07Z,11.334,368,Metinic
22187,2021-07-01T12:46:07Z,11.235999999999999,128,Metinic
22188,2021-07-01T12:51:07Z,11.334,4,Metinic
22189,2021-07-01T12:56:07Z,11.431,19,Metinic
22190,2021-07-01T13:01:07Z,11.527999999999999,44,Metinic
22191,2021-07-01T13:06:07Z,11.431,336,Metinic
22192,2021-07-01T13:11:07Z,11.431,288,Metinic
22193,2021-07-01T13:16:07Z,11.431,54,Metinic
22194,2021-07-01T13:21:07Z,11.527999999999999,46,Metinic
22195,2021-07-01T13:26:07Z,11.722,33,Metinic
22196,2021-07-01T13:31:07Z,11.625,208,Metinic
22197,2021-07-01T13:36:07Z,11.722,12,Metinic
22198,2021-07-01T13:41:07Z,11.722,160,Metinic
22199,2021-07-01T13:46:07Z,11.722,41,Metinic
22200,2021-07-01T13:51:07Z,11.722,272,Metinic
22201,2021-07-01T13:56:07Z,11.819,10,Metinic
22202,2021-07-01T14:01:07Z,11.819,21,Metinic
22203,2021-07-01T14:06:07Z,11.819,27,Metinic
22204,2021-07-01T14:11:07Z,11.819,432,Metinic
22205,2021-07-01T14:16:07Z,11.916,128,Metinic
22206,2021-07-01T14:21:07Z,11.819,20,Metinic
22207,2021-07-01T14:26:07Z,11.916,768,Metinic
22208,2021-07-01T14:31:07Z,12.11,44,Metinic
22209,2021-07-01T14:36:07Z,12.11,22,Metinic
22210,2021-07-01T14:41:07Z,12.206999999999999,33,Metinic
22211,2021-07-01T14:46:07Z,12.206999999999999,384,Metinic
22212,2021-07-01T14:51:07Z,12.11,56,Metinic
22213,2021-07-01T14:56:07Z,12.304,43,Metinic
22214,2021-07-01T15:01:07Z,12.206999999999999,30,Metinic
22215,2021-07-01T15:06:07Z,12.206999999999999,47,Metinic
22216,2021-07-01T15:11:07Z,12.401,14,Metinic
22217,2021-07-01T15:16:07Z,12.304,608,Metinic
22218,2021-07-01T15:21:07Z,12.304,336,Metinic
22219,2021-07-01T15:26:07Z,12.304,29,Metinic
22220,2021-07-01T15:31:07Z,12.304,33,Metinic
22221,2021-07-01T15:36:07Z,12.401,4,Metinic
22222,2021-07-01T15:41:07Z,12.497,70,Metinic
22223,2021-07-01T15:46:07Z,12.594,60,Metinic
22224,2021-07-01T15:51:07Z,12.69,55,Metinic
22225,2021-07-01T15:56:07Z,12.497,21,Metinic
22226,2021-07-01T16:01:07Z,12.594,26,Metinic
22227,2021-07-01T16:06:07Z,12.497,32,Metinic
22228,2021-07-01T16:11:07Z,12.497,59,Metinic
22229,2021-07-01T16:16:07Z,12.594,288,Metinic
22230,2021-07-01T16:21:07Z,12.594,608,Metinic
22231,2021-07-01T16:26:07Z,12.786999999999999,22,Metinic
22232,2021-07-01T16:31:07Z,12.69,58,Metinic
22233,2021-07-01T16:36:07Z,12.594,288,Metinic
22234,2021-07-01T16:41:07Z,12.497,480,Metinic
22235,2021-07-01T16:46:07Z,12.401,256,Metinic
22236,2021-07-01T16:51:07Z,12.497,992,Metinic
22237,2021-07-01T16:56:07Z,12.497,48,Metinic
22238,2021-07-01T17:01:07Z,12.497,464,Metinic
22239,2021-07-01T17:06:07Z,12.594,11,Metinic
22240,2021-07-01T17:11:07Z,12.497,79,Metinic
22241,2021-07-01T17:16:07Z,12.401,168,Metinic
22242,2021-07-01T17:21:07Z,12.304,20,Metinic
22243,2021-07-01T17:26:07Z,12.304,7,Metinic
22244,2021-07-01T17:31:07Z,12.206999999999999,176,Metinic
22245,2021-07-01T17:36:07Z,12.013,12,Metinic
22246,2021-07-01T17:41:07Z,11.819,17,Metinic
22247,2021-07-01T17:46:07Z,11.819,36,Metinic
22248,2021-07-01T17:51:07Z,11.722,18,Metinic
22249,2021-07-01T17:56:07Z,11.527999999999999,4,Metinic
22250,2021-07-01T18:01:07Z,11.527999999999999,11,Metinic
22251,2021-07-01T18:06:07Z,11.431,240,Metinic
22252,2021-07-01T18:11:07Z,11.527999999999999,21,Metinic
22253,2021-07-01T18:16:07Z,11.527999999999999,144,Metinic
22254,2021-07-01T18:21:07Z,11.625,6,Metinic
22255,2021-07-01T18:26:07Z,11.625,352,Metinic
22256,2021-07-01T18:31:07Z,11.625,304,Metinic
22257,2021-07-01T18:36:07Z,11.722,184,Metinic
22258,2021-07-01T18:41:07Z,11.819,6,Metinic
22259,2021-07-01T18:46:07Z,11.916,93,Metinic
22260,2021-07-01T18:51:07Z,11.916,168,Metinic
22261,2021-07-01T18:56:07Z,12.11,2,Metinic
22262,2021-07-01T19:01:07Z,12.206999999999999,37,Metinic
22263,2021-07-01T19:06:07Z,12.304,11,Metinic
22264,2021-07-01T19:11:07Z,12.401,16,Metinic
22265,2021-07-01T19:16:07Z,12.497,11,Metinic
22266,2021-07-01T19:21:07Z,12.594,14,Metinic
22267,2021-07-01T19:26:07Z,12.594,9,Metinic
22268,2021-07-01T19:31:07Z,12.594,1,Metinic
22269,2021-07-01T19:36:07Z,12.594,8,Metinic
22270,2021-07-01T19:41:07Z,12.594,8,Metinic
22271,2021-07-01T19:46:07Z,12.69,4,Metinic
22272,2021-07-01T19:51:07Z,12.69,7,Metinic
22273,2021-07-01T19:56:07Z,12.69,7,Metinic
22274,2021-07-01T20:01:07Z,12.69,61,Metinic
22275,2021-07-01T20:06:07Z,12.786999999999999,35,Metinic
22276,2021-07-01T20:11:07Z,12.883000000000001,23,Metinic
22277,2021-07-01T20:16:07Z,12.883000000000001,7,Metinic
22278,2021-07-01T20:21:07Z,12.786999999999999,8,Metinic
22279,2021-07-01T20:26:07Z,12.69,3,Metinic
22280,2021-07-01T20:31:07Z,12.69,10,Metinic
22281,2021-07-01T20:36:07Z,12.69,21,Metinic
22282,2021-07-01T20:41:07Z,12.69,47,Metinic
22283,2021-07-01T20:46:07Z,12.786999999999999,5,Metinic
22284,2021-07-01T20:51:07Z,12.69,37,Metinic
22285,2021-07-01T20:56:07Z,12.69,4,Metinic
22286,2021-07-01T21:01:07Z,12.69,7,Metinic
22287,2021-07-01T21:06:07Z,12.69,5,Metinic
22288,2021-07-01T21:11:07Z,12.69,5,Metinic
22289,2021-07-01T21:16:07Z,12.786999999999999,3,Metinic
22290,2021-07-01T21:21:07Z,12.883000000000001,3,Metinic
22291,2021-07-01T21:26:07Z,12.98,10,Metinic
22292,2021-07-01T21:31:07Z,13.076,5,Metinic
22293,2021-07-01T21:36:07Z,13.173,4,Metinic
22294,2021-07-01T21:41:07Z,13.173,6,Metinic
22295,2021-07-01T21:46:07Z,13.269,45,Metinic
22296,2021-07-01T21:51:07Z,13.269,4,Metinic
22297,2021-07-01T21:56:07Z,13.365000000000002,62,Metinic
22298,2021-07-01T22:01:07Z,13.365000000000002,37,Metinic
22299,2021-07-01T22:06:07Z,13.365000000000002,3,Metinic
22300,2021-07-01T22:11:07Z,13.365000000000002,59,Metinic
22301,2021-07-01T22:16:07Z,13.365000000000002,2,Metinic
22302,2021-07-01T22:21:07Z,13.269,58,Metinic
22303,2021-07-01T22:26:07Z,13.365000000000002,1,Metinic
22304,2021-07-01T22:31:07Z,13.365000000000002,4,Metinic
22305,2021-07-01T22:36:07Z,13.365000000000002,3,Metinic
22306,2021-07-01T22:41:07Z,13.269,1,Metinic
22307,2021-07-01T22:46:07Z,13.269,0,Metinic
22308,2021-07-01T22:51:07Z,13.269,30,Metinic
22309,2021-07-01T22:56:07Z,13.269,15,Metinic
22310,2021-07-01T23:01:07Z,13.269,1,Metinic
22311,2021-07-01T23:06:07Z,13.269,1,Metinic
22312,2021-07-01T23:11:07Z,13.269,0,Metinic
22313,2021-07-01T23:16:07Z,13.365000000000002,0,Metinic
22314,2021-07-01T23:21:07Z,13.365000000000002,0,Metinic
22315,2021-07-01T23:26:07Z,13.365000000000002,0,Metinic
22316,2021-07-01T23:31:07Z,13.365000000000002,0,Metinic
22317,2021-07-01T23:36:07Z,13.269,0,Metinic
22318,2021-07-01T23:41:07Z,13.269,0,Metinic
22319,2021-07-01T23:46:07Z,13.269,0,Metinic
22320,2021-07-01T23:51:07Z,13.269,0,Metinic
22321,2021-07-01T23:56:07Z,13.269,0,Metinic
22322,2021-07-02T00:01:07Z,13.269,0,Metinic
22323,2021-07-02T00:06:07Z,13.269,2,Metinic
22324,2021-07-02T00:11:07Z,13.365000000000002,0,Metinic
22325,2021-07-02T00:16:07Z,13.365000000000002,0,Metinic
22326,2021-07-02T00:21:07Z,13.365000000000002,0,Metinic
22327,2021-07-02T00:26:07Z,13.365000000000002,0,Metinic
22328,2021-07-02T00:31:07Z,13.365000000000002,0,Metinic
22329,2021-07-02T00:36:07Z,13.365000000000002,0,Metinic
22330,2021-07-02T00:41:07Z,13.365000000000002,0,Metinic
22331,2021-07-02T00:46:07Z,13.365000000000002,0,Metinic
22332,2021-07-02T00:51:07Z,13.269,0,Metinic
22333,2021-07-02T00:56:07Z,13.269,0,Metinic
22334,2021-07-02T01:01:07Z,13.269,0,Metinic
22335,2021-07-02T01:06:07Z,13.269,0,Metinic
22336,2021-07-02T01:11:07Z,13.269,0,Metinic
22337,2021-07-02T01:16:07Z,13.269,0,Metinic
22338,2021-07-02T01:21:07Z,13.269,0,Metinic
22339,2021-07-02T01:26:07Z,13.173,0,Metinic
22340,2021-07-02T01:31:07Z,13.173,0,Metinic
22341,2021-07-02T01:36:07Z,13.173,0,Metinic
22342,2021-07-02T01:41:07Z,13.173,0,Metinic
22343,2021-07-02T01:46:07Z,13.173,0,Metinic
22344,2021-07-02T01:51:07Z,13.173,0,Metinic
22345,2021-07-02T01:56:07Z,13.173,0,Metinic
22346,2021-07-02T02:01:07Z,13.173,0,Metinic
22347,2021-07-02T02:06:07Z,13.173,0,Metinic
22348,2021-07-02T02:11:07Z,13.076,0,Metinic
22349,2021-07-02T02:16:07Z,13.076,0,Metinic
22350,2021-07-02T02:21:07Z,13.076,0,Metinic
22351,2021-07-02T02:26:07Z,12.98,0,Metinic
22352,2021-07-02T02:31:07Z,12.98,0,Metinic
22353,2021-07-02T02:36:07Z,12.98,0,Metinic
22354,2021-07-02T02:41:07Z,12.883000000000001,0,Metinic
22355,2021-07-02T02:46:07Z,12.883000000000001,0,Metinic
22356,2021-07-02T02:51:07Z,12.883000000000001,0,Metinic
22357,2021-07-02T02:56:07Z,12.786999999999999,0,Metinic
22358,2021-07-02T03:01:07Z,12.786999999999999,0,Metinic
22359,2021-07-02T03:06:07Z,12.786999999999999,0,Metinic
22360,2021-07-02T03:11:07Z,12.786999999999999,0,Metinic
22361,2021-07-02T03:16:07Z,12.786999999999999,0,Metinic
22362,2021-07-02T03:21:07Z,12.883000000000001,0,Metinic
22363,2021-07-02T03:26:07Z,12.883000000000001,0,Metinic
22364,2021-07-02T03:31:07Z,12.883000000000001,0,Metinic
22365,2021-07-02T03:36:07Z,12.883000000000001,0,Metinic
22366,2021-07-02T03:41:07Z,12.883000000000001,0,Metinic
22367,2021-07-02T03:46:07Z,12.883000000000001,0,Metinic
22368,2021-07-02T03:51:07Z,12.883000000000001,0,Metinic
22369,2021-07-02T03:56:07Z,12.883000000000001,0,Metinic
22370,2021-07-02T04:01:07Z,12.883000000000001,0,Metinic
22371,2021-07-02T04:06:07Z,12.883000000000001,0,Metinic
22372,2021-07-02T04:11:07Z,12.883000000000001,0,Metinic
22373,2021-07-02T04:16:07Z,12.786999999999999,0,Metinic
22374,2021-07-02T04:21:07Z,12.69,0,Metinic
22375,2021-07-02T04:26:07Z,12.69,0,Metinic
22376,2021-07-02T04:31:07Z,12.594,0,Metinic
22377,2021-07-02T04:36:07Z,12.497,0,Metinic
22378,2021-07-02T04:41:07Z,12.497,0,Metinic
22379,2021-07-02T04:46:07Z,12.497,0,Metinic
22380,2021-07-02T04:51:07Z,12.401,0,Metinic
22381,2021-07-02T04:56:07Z,12.401,0,Metinic
22382,2021-07-02T05:01:07Z,12.304,0,Metinic
22383,2021-07-02T05:06:07Z,12.304,0,Metinic
22384,2021-07-02T05:11:07Z,12.206999999999999,0,Metinic
22385,2021-07-02T05:16:07Z,12.206999999999999,0,Metinic
22386,2021-07-02T05:21:07Z,12.11,0,Metinic
22387,2021-07-02T05:26:07Z,12.11,0,Metinic
22388,2021-07-02T05:31:07Z,12.013,0,Metinic
22389,2021-07-02T05:36:07Z,12.013,0,Metinic
22390,2021-07-02T05:41:07Z,12.013,0,Metinic
22391,2021-07-02T05:46:07Z,12.013,0,Metinic
22392,2021-07-02T05:51:07Z,11.916,0,Metinic
22393,2021-07-02T05:56:07Z,11.916,0,Metinic
22394,2021-07-02T06:01:07Z,11.916,0,Metinic
22395,2021-07-02T06:06:07Z,11.819,0,Metinic
22396,2021-07-02T06:11:07Z,11.819,0,Metinic
22397,2021-07-02T06:16:07Z,11.819,0,Metinic
22398,2021-07-02T06:21:07Z,11.722,0,Metinic
22399,2021-07-02T06:26:07Z,11.722,0,Metinic
22400,2021-07-02T06:31:07Z,11.722,0,Metinic
22401,2021-07-02T06:36:07Z,11.722,0,Metinic
22402,2021-07-02T06:41:07Z,11.722,0,Metinic
22403,2021-07-02T06:46:07Z,11.625,0,Metinic
22404,2021-07-02T06:51:07Z,11.625,0,Metinic
22405,2021-07-02T06:56:07Z,11.722,0,Metinic
22406,2021-07-02T07:01:07Z,11.722,0,Metinic
22407,2021-07-02T07:06:07Z,11.722,0,Metinic
22408,2021-07-02T07:11:07Z,11.722,0,Metinic
22409,2021-07-02T07:16:07Z,11.819,0,Metinic
22410,2021-07-02T07:21:07Z,12.013,0,Metinic
22411,2021-07-02T07:26:07Z,12.11,0,Metinic
22412,2021-07-02T07:31:07Z,12.11,0,Metinic
22413,2021-07-02T07:36:07Z,12.206999999999999,0,Metinic
22414,2021-07-02T07:41:07Z,12.304,0,Metinic
22415,2021-07-02T07:46:07Z,12.401,0,Metinic
22416,2021-07-02T07:51:07Z,12.497,0,Metinic
22417,2021-07-02T07:56:07Z,12.594,0,Metinic
22418,2021-07-02T08:01:07Z,12.69,0,Metinic
22419,2021-07-02T08:06:07Z,12.883000000000001,0,Metinic
22420,2021-07-02T08:11:07Z,12.98,0,Metinic
22421,2021-07-02T08:16:07Z,12.98,0,Metinic
22422,2021-07-02T08:21:07Z,12.98,0,Metinic
22423,2021-07-02T08:26:07Z,12.98,0,Metinic
22424,2021-07-02T08:31:07Z,12.98,0,Metinic
22425,2021-07-02T08:36:07Z,12.98,0,Metinic
22426,2021-07-02T08:41:07Z,12.98,0,Metinic
22427,2021-07-02T08:46:07Z,12.98,0,Metinic
22428,2021-07-02T08:51:07Z,12.98,0,Metinic
22429,2021-07-02T08:56:07Z,12.98,0,Metinic
22430,2021-07-02T09:01:07Z,12.98,0,Metinic
22431,2021-07-02T09:06:07Z,12.98,1,Metinic
22432,2021-07-02T09:11:07Z,12.98,0,Metinic
22433,2021-07-02T09:16:07Z,12.98,0,Metinic
22434,2021-07-02T09:21:07Z,12.98,1,Metinic
22435,2021-07-02T09:26:07Z,12.98,0,Metinic
22436,2021-07-02T09:31:07Z,12.98,0,Metinic
22437,2021-07-02T09:36:07Z,12.98,4,Metinic
22438,2021-07-02T09:41:07Z,12.98,0,Metinic
22439,2021-07-02T09:46:07Z,12.98,6,Metinic
22440,2021-07-02T09:51:07Z,12.98,3,Metinic
22441,2021-07-02T09:56:07Z,12.98,0,Metinic
22442,2021-07-02T10:01:07Z,12.98,0,Metinic
22443,2021-07-02T10:06:07Z,12.98,8,Metinic
22444,2021-07-02T10:11:07Z,12.883000000000001,0,Metinic
22445,2021-07-02T10:16:07Z,12.883000000000001,0,Metinic
22446,2021-07-02T10:21:07Z,12.883000000000001,8,Metinic
22447,2021-07-02T10:26:07Z,12.883000000000001,0,Metinic
22448,2021-07-02T10:31:07Z,12.883000000000001,0,Metinic
22449,2021-07-02T10:36:07Z,12.883000000000001,0,Metinic
22450,2021-07-02T10:41:07Z,12.883000000000001,0,Metinic
22451,2021-07-02T10:46:07Z,12.883000000000001,4,Metinic
22452,2021-07-02T10:51:07Z,12.883000000000001,0,Metinic
22453,2021-07-02T10:56:07Z,12.883000000000001,1,Metinic
22454,2021-07-02T11:01:07Z,12.98,0,Metinic
22455,2021-07-02T11:06:07Z,12.883000000000001,0,Metinic
22456,2021-07-02T11:11:07Z,12.883000000000001,7,Metinic
22457,2021-07-02T11:16:07Z,12.98,0,Metinic
22458,2021-07-02T11:21:07Z,12.98,0,Metinic
22459,2021-07-02T11:26:07Z,12.98,0,Metinic
22460,2021-07-02T11:31:07Z,12.883000000000001,10,Metinic
22461,2021-07-02T11:36:07Z,12.883000000000001,1,Metinic
22462,2021-07-02T11:41:07Z,12.883000000000001,31,Metinic
22463,2021-07-02T11:46:07Z,12.98,0,Metinic
22464,2021-07-02T11:51:07Z,12.883000000000001,1,Metinic
22465,2021-07-02T11:56:07Z,12.98,21,Metinic
22466,2021-07-02T12:01:07Z,12.98,29,Metinic
22467,2021-07-02T12:06:07Z,12.98,15,Metinic
22468,2021-07-02T12:11:07Z,12.883000000000001,42,Metinic
22469,2021-07-02T12:16:07Z,12.98,21,Metinic
22470,2021-07-02T12:21:07Z,12.98,0,Metinic
22471,2021-07-02T12:26:07Z,12.98,3,Metinic
22472,2021-07-02T12:31:07Z,12.98,1,Metinic
22473,2021-07-02T12:36:07Z,12.98,3,Metinic
22474,2021-07-02T12:41:07Z,12.98,2,Metinic
22475,2021-07-02T12:46:07Z,12.98,14,Metinic
22476,2021-07-02T12:51:07Z,12.98,13,Metinic
22477,2021-07-02T12:56:07Z,12.98,20,Metinic
22478,2021-07-02T13:01:07Z,12.98,108,Metinic
22479,2021-07-02T13:06:07Z,12.98,11,Metinic
22480,2021-07-02T13:11:07Z,12.98,40,Metinic
22481,2021-07-02T13:16:07Z,12.98,1,Metinic
22482,2021-07-02T13:21:07Z,12.98,32,Metinic
22483,2021-07-02T13:26:07Z,12.98,7,Metinic
22484,2021-07-02T13:31:07Z,12.98,50,Metinic
22485,2021-07-02T13:36:07Z,12.98,5,Metinic
22486,2021-07-02T13:41:07Z,12.98,94,Metinic
22487,2021-07-02T13:46:07Z,12.98,4,Metinic
22488,2021-07-02T13:51:07Z,12.98,113,Metinic
22489,2021-07-02T13:56:07Z,12.98,22,Metinic
22490,2021-07-02T14:01:07Z,12.98,48,Metinic
22491,2021-07-02T14:06:07Z,12.98,37,Metinic
22492,2021-07-02T14:11:07Z,12.98,2,Metinic
22493,2021-07-02T14:16:07Z,12.98,4,Metinic
22494,2021-07-02T14:21:07Z,12.98,33,Metinic
22495,2021-07-02T14:26:07Z,12.98,3,Metinic
22496,2021-07-02T14:31:07Z,12.98,136,Metinic
22497,2021-07-02T14:36:07Z,12.98,55,Metinic
22498,2021-07-02T14:41:07Z,12.98,42,Metinic
22499,2021-07-02T14:46:07Z,12.98,106,Metinic
22500,2021-07-02T14:51:07Z,12.883000000000001,62,Metinic
22501,2021-07-02T14:56:07Z,12.98,18,Metinic
22502,2021-07-02T15:01:07Z,12.883000000000001,44,Metinic
22503,2021-07-02T15:06:07Z,12.883000000000001,100,Metinic
22504,2021-07-02T15:11:07Z,12.883000000000001,192,Metinic
22505,2021-07-02T15:16:07Z,12.883000000000001,110,Metinic
22506,2021-07-02T15:21:07Z,12.883000000000001,6,Metinic
22507,2021-07-02T15:26:07Z,12.883000000000001,13,Metinic
22508,2021-07-02T15:31:07Z,12.883000000000001,110,Metinic
22509,2021-07-02T15:36:07Z,12.883000000000001,34,Metinic
22510,2021-07-02T15:41:07Z,12.883000000000001,256,Metinic
22511,2021-07-02T15:46:07Z,12.883000000000001,5,Metinic
22512,2021-07-02T15:51:07Z,12.883000000000001,57,Metinic
22513,2021-07-02T15:56:07Z,12.883000000000001,16,Metinic
22514,2021-07-02T16:01:07Z,12.883000000000001,160,Metinic
22515,2021-07-02T16:06:07Z,12.98,46,Metinic
22516,2021-07-02T16:11:07Z,12.883000000000001,8,Metinic
22517,2021-07-02T16:16:07Z,12.883000000000001,272,Metinic
22518,2021-07-02T16:21:07Z,12.883000000000001,2,Metinic
22519,2021-07-02T16:26:07Z,12.883000000000001,37,Metinic
22520,2021-07-02T16:31:07Z,12.883000000000001,11,Metinic
22521,2021-07-02T16:36:07Z,12.883000000000001,48,Metinic
22522,2021-07-02T16:41:07Z,12.883000000000001,416,Metinic
22523,2021-07-02T16:46:07Z,12.98,29,Metinic
22524,2021-07-02T16:51:07Z,12.883000000000001,672,Metinic
22525,2021-07-02T16:56:07Z,12.883000000000001,75,Metinic
22526,2021-07-02T17:01:07Z,12.883000000000001,512,Metinic
22527,2021-07-02T17:06:07Z,12.883000000000001,4,Metinic
22528,2021-07-02T17:11:07Z,12.883000000000001,78,Metinic
22529,2021-07-02T17:16:07Z,12.883000000000001,15,Metinic
22530,2021-07-02T17:21:07Z,12.883000000000001,152,Metinic
22531,2021-07-02T17:26:07Z,12.98,60,Metinic
22532,2021-07-02T17:31:07Z,12.883000000000001,448,Metinic
22533,2021-07-02T17:36:07Z,12.786999999999999,432,Metinic
22534,2021-07-02T17:41:07Z,12.883000000000001,27,Metinic
22535,2021-07-02T17:46:07Z,12.786999999999999,30,Metinic
22536,2021-07-02T17:51:07Z,12.69,16,Metinic
22537,2021-07-02T17:56:07Z,12.594,2,Metinic
22538,2021-07-02T18:01:07Z,12.594,13,Metinic
22539,2021-07-02T18:06:07Z,12.594,9,Metinic
22540,2021-07-02T18:11:07Z,12.594,10,Metinic
22541,2021-07-02T18:16:07Z,12.497,37,Metinic
22542,2021-07-02T18:21:07Z,12.497,22,Metinic
22543,2021-07-02T18:26:07Z,12.497,6,Metinic
22544,2021-07-02T18:31:07Z,12.497,12,Metinic
22545,2021-07-02T18:36:07Z,12.497,25,Metinic
22546,2021-07-02T18:41:07Z,12.401,61,Metinic
22547,2021-07-02T18:46:07Z,12.401,19,Metinic
22548,2021-07-02T18:51:07Z,12.401,38,Metinic
22549,2021-07-02T18:56:07Z,12.497,8,Metinic
22550,2021-07-02T19:01:07Z,12.401,2,Metinic
22551,2021-07-02T19:06:07Z,12.401,9,Metinic
22552,2021-07-02T19:11:07Z,12.401,9,Metinic
22553,2021-07-02T19:16:07Z,12.401,6,Metinic
22554,2021-07-02T19:21:07Z,12.401,2,Metinic
22555,2021-07-02T19:26:07Z,12.401,9,Metinic
22556,2021-07-02T19:31:07Z,12.401,26,Metinic
22557,2021-07-02T19:36:07Z,12.401,5,Metinic
22558,2021-07-02T19:41:07Z,12.401,3,Metinic
22559,2021-07-02T19:46:07Z,12.401,10,Metinic
22560,2021-07-02T19:51:07Z,12.401,0,Metinic
22561,2021-07-02T19:56:07Z,12.401,4,Metinic
22562,2021-07-02T20:01:07Z,12.401,110,Metinic
22563,2021-07-02T20:06:07Z,12.401,5,Metinic
22564,2021-07-02T20:11:07Z,12.401,2,Metinic
22565,2021-07-02T20:16:07Z,12.401,12,Metinic
22566,2021-07-02T20:21:07Z,12.401,38,Metinic
22567,2021-07-02T20:26:07Z,12.401,12,Metinic
22568,2021-07-02T20:31:07Z,12.401,4,Metinic
22569,2021-07-02T20:36:07Z,12.401,118,Metinic
22570,2021-07-02T20:41:07Z,12.401,3,Metinic
22571,2021-07-02T20:46:07Z,12.401,4,Metinic
22572,2021-07-02T20:51:07Z,12.401,1,Metinic
22573,2021-07-02T20:56:07Z,12.401,15,Metinic
22574,2021-07-02T21:01:07Z,12.401,47,Metinic
22575,2021-07-02T21:06:07Z,12.401,12,Metinic
22576,2021-07-02T21:11:07Z,12.401,72,Metinic
22577,2021-07-02T21:16:07Z,12.401,33,Metinic
22578,2021-07-02T21:21:07Z,12.401,11,Metinic
22579,2021-07-02T21:26:07Z,12.401,57,Metinic
22580,2021-07-02T21:31:07Z,12.401,1,Metinic
22581,2021-07-02T21:36:07Z,12.401,3,Metinic
22582,2021-07-02T21:41:07Z,12.401,16,Metinic
22583,2021-07-02T21:46:07Z,12.497,83,Metinic
22584,2021-07-02T21:51:07Z,12.497,2,Metinic
22585,2021-07-02T21:56:07Z,12.497,1,Metinic
22586,2021-07-02T22:01:07Z,12.497,1,Metinic
22587,2021-07-02T22:06:07Z,12.594,70,Metinic
22588,2021-07-02T22:11:07Z,12.594,2,Metinic
22589,2021-07-02T22:16:07Z,12.594,36,Metinic
22590,2021-07-02T22:21:07Z,12.594,20,Metinic
22591,2021-07-02T22:26:07Z,12.594,10,Metinic
22592,2021-07-02T22:31:07Z,12.594,1,Metinic
22593,2021-07-02T22:36:07Z,12.594,37,Metinic
22594,2021-07-02T22:41:07Z,12.594,4,Metinic
22595,2021-07-02T22:46:07Z,12.594,0,Metinic
22596,2021-07-02T22:51:07Z,12.497,0,Metinic
22597,2021-07-02T22:56:07Z,12.497,3,Metinic
22598,2021-07-02T23:01:07Z,12.497,11,Metinic
22599,2021-07-02T23:06:07Z,12.594,16,Metinic
22600,2021-07-02T23:11:07Z,12.594,5,Metinic
22601,2021-07-02T23:16:07Z,12.594,0,Metinic
22602,2021-07-02T23:21:07Z,12.69,0,Metinic
22603,2021-07-02T23:26:07Z,12.69,8,Metinic
22604,2021-07-02T23:31:07Z,12.69,0,Metinic
22605,2021-07-02T23:36:07Z,12.69,0,Metinic
22606,2021-07-02T23:41:07Z,12.69,0,Metinic
22607,2021-07-02T23:46:07Z,12.69,0,Metinic
22608,2021-07-02T23:51:07Z,12.69,1,Metinic
22609,2021-07-02T23:56:07Z,12.69,0,Metinic
22610,2021-07-03T00:01:07Z,12.69,0,Metinic
22611,2021-07-03T00:06:07Z,12.69,0,Metinic
22612,2021-07-03T00:11:07Z,12.594,0,Metinic
22613,2021-07-03T00:16:07Z,12.594,0,Metinic
22614,2021-07-03T00:21:07Z,12.594,0,Metinic
22615,2021-07-03T00:26:07Z,12.594,0,Metinic
22616,2021-07-03T00:31:07Z,12.594,0,Metinic
22617,2021-07-03T00:36:07Z,12.594,0,Metinic
22618,2021-07-03T00:41:07Z,12.594,0,Metinic
22619,2021-07-03T00:46:07Z,12.594,0,Metinic
22620,2021-07-03T00:51:07Z,12.594,0,Metinic
22621,2021-07-03T00:56:07Z,12.594,0,Metinic
22622,2021-07-03T01:01:07Z,12.594,0,Metinic
22623,2021-07-03T01:06:07Z,12.594,0,Metinic
22624,2021-07-03T01:11:07Z,12.594,0,Metinic
22625,2021-07-03T01:16:07Z,12.594,0,Metinic
22626,2021-07-03T01:21:07Z,12.594,0,Metinic
22627,2021-07-03T01:26:07Z,12.594,0,Metinic
22628,2021-07-03T01:31:07Z,12.594,0,Metinic
22629,2021-07-03T01:36:07Z,12.594,0,Metinic
22630,2021-07-03T01:41:07Z,12.594,0,Metinic
22631,2021-07-03T01:46:07Z,12.594,0,Metinic
22632,2021-07-03T01:51:07Z,12.497,0,Metinic
22633,2021-07-03T01:56:07Z,12.497,0,Metinic
22634,2021-07-03T02:01:07Z,12.497,0,Metinic
22635,2021-07-03T02:06:07Z,12.497,0,Metinic
22636,2021-07-03T02:11:07Z,12.497,0,Metinic
22637,2021-07-03T02:16:07Z,12.497,0,Metinic
22638,2021-07-03T02:21:07Z,12.497,0,Metinic
22639,2021-07-03T02:26:07Z,12.497,0,Metinic
22640,2021-07-03T02:31:07Z,12.497,0,Metinic
22641,2021-07-03T02:36:07Z,12.497,0,Metinic
22642,2021-07-03T02:41:07Z,12.497,0,Metinic
22643,2021-07-03T02:46:07Z,12.497,0,Metinic
22644,2021-07-03T02:51:07Z,12.497,0,Metinic
22645,2021-07-03T02:56:07Z,12.497,0,Metinic
22646,2021-07-03T03:01:07Z,12.497,0,Metinic
22647,2021-07-03T03:06:07Z,12.497,0,Metinic
22648,2021-07-03T03:11:07Z,12.497,0,Metinic
22649,2021-07-03T03:16:07Z,12.497,0,Metinic
22650,2021-07-03T03:21:07Z,12.497,0,Metinic
22651,2021-07-03T03:26:07Z,12.497,0,Metinic
22652,2021-07-03T03:31:07Z,12.497,0,Metinic
22653,2021-07-03T03:36:07Z,12.497,0,Metinic
22654,2021-07-03T03:41:07Z,12.401,0,Metinic
22655,2021-07-03T03:46:07Z,12.401,0,Metinic
22656,2021-07-03T03:51:07Z,12.401,0,Metinic
22657,2021-07-03T03:56:07Z,12.401,0,Metinic
22658,2021-07-03T04:01:07Z,12.401,0,Metinic
22659,2021-07-03T04:06:07Z,12.401,0,Metinic
22660,2021-07-03T04:11:07Z,12.401,0,Metinic
22661,2021-07-03T04:16:07Z,12.401,0,Metinic
22662,2021-07-03T04:21:07Z,12.401,0,Metinic
22663,2021-07-03T04:26:07Z,12.304,0,Metinic
22664,2021-07-03T04:31:07Z,12.304,0,Metinic
22665,2021-07-03T04:36:07Z,12.304,0,Metinic
22666,2021-07-03T04:41:07Z,12.304,0,Metinic
22667,2021-07-03T04:46:07Z,12.304,0,Metinic
22668,2021-07-03T04:51:07Z,12.304,0,Metinic
22669,2021-07-03T04:56:07Z,12.304,0,Metinic
22670,2021-07-03T05:01:07Z,12.304,0,Metinic
22671,2021-07-03T05:06:07Z,12.304,0,Metinic
22672,2021-07-03T05:11:07Z,12.304,0,Metinic
22673,2021-07-03T05:16:07Z,12.206999999999999,0,Metinic
22674,2021-07-03T05:21:07Z,12.206999999999999,0,Metinic
22675,2021-07-03T05:26:07Z,12.206999999999999,0,Metinic
22676,2021-07-03T05:31:07Z,12.11,0,Metinic
22677,2021-07-03T05:36:07Z,12.013,0,Metinic
22678,2021-07-03T05:41:07Z,12.013,0,Metinic
22679,2021-07-03T05:46:07Z,12.013,0,Metinic
22680,2021-07-03T05:51:07Z,12.013,0,Metinic
22681,2021-07-03T05:56:07Z,12.013,0,Metinic
22682,2021-07-03T06:01:07Z,12.013,0,Metinic
22683,2021-07-03T06:06:07Z,12.013,0,Metinic
22684,2021-07-03T06:11:07Z,12.013,0,Metinic
22685,2021-07-03T06:16:07Z,12.013,0,Metinic
22686,2021-07-03T06:21:07Z,12.013,0,Metinic
22687,2021-07-03T06:26:07Z,12.013,0,Metinic
22688,2021-07-03T06:31:07Z,12.013,0,Metinic
22689,2021-07-03T06:36:07Z,12.013,0,Metinic
22690,2021-07-03T06:41:07Z,12.013,0,Metinic
22691,2021-07-03T06:46:07Z,12.013,0,Metinic
22692,2021-07-03T06:51:07Z,12.013,0,Metinic
22693,2021-07-03T06:56:07Z,12.013,0,Metinic
22694,2021-07-03T07:01:07Z,12.013,0,Metinic
22695,2021-07-03T07:06:07Z,12.11,0,Metinic
22696,2021-07-03T07:11:07Z,12.11,0,Metinic
22697,2021-07-03T07:16:07Z,12.11,0,Metinic
22698,2021-07-03T07:21:07Z,12.11,0,Metinic
22699,2021-07-03T07:26:07Z,12.11,0,Metinic
22700,2021-07-03T07:31:07Z,12.206999999999999,0,Metinic
22701,2021-07-03T07:36:07Z,12.206999999999999,0,Metinic
22702,2021-07-03T07:41:07Z,12.206999999999999,0,Metinic
22703,2021-07-03T07:46:07Z,12.206999999999999,0,Metinic
22704,2021-07-03T07:51:07Z,12.206999999999999,0,Metinic
22705,2021-07-03T07:56:07Z,12.206999999999999,0,Metinic
22706,2021-07-03T08:01:07Z,12.206999999999999,0,Metinic
22707,2021-07-03T08:06:07Z,12.206999999999999,0,Metinic
22708,2021-07-03T08:11:07Z,12.206999999999999,0,Metinic
22709,2021-07-03T08:16:07Z,12.206999999999999,0,Metinic
22710,2021-07-03T08:21:07Z,12.206999999999999,0,Metinic
22711,2021-07-03T08:26:07Z,12.206999999999999,0,Metinic
22712,2021-07-03T08:31:07Z,12.206999999999999,0,Metinic
22713,2021-07-03T08:36:07Z,12.206999999999999,0,Metinic
22714,2021-07-03T08:41:07Z,12.206999999999999,0,Metinic
22715,2021-07-03T08:46:07Z,12.206999999999999,0,Metinic
22716,2021-07-03T08:51:07Z,12.206999999999999,0,Metinic
22717,2021-07-03T08:56:07Z,12.206999999999999,0,Metinic
22718,2021-07-03T09:01:07Z,12.206999999999999,0,Metinic
22719,2021-07-03T09:06:07Z,12.206999999999999,0,Metinic
22720,2021-07-03T09:11:07Z,12.206999999999999,0,Metinic
22721,2021-07-03T09:16:07Z,12.206999999999999,0,Metinic
22722,2021-07-03T09:21:07Z,12.206999999999999,0,Metinic
22723,2021-07-03T09:26:07Z,12.11,1,Metinic
22724,2021-07-03T09:31:07Z,12.11,1,Metinic
22725,2021-07-03T09:36:07Z,12.11,1,Metinic
22726,2021-07-03T09:41:07Z,12.11,1,Metinic
22727,2021-07-03T09:46:07Z,12.11,2,Metinic
22728,2021-07-03T09:51:07Z,12.11,0,Metinic
22729,2021-07-03T09:56:07Z,12.11,4,Metinic
22730,2021-07-03T10:01:07Z,12.11,4,Metinic
22731,2021-07-03T10:06:07Z,12.11,7,Metinic
22732,2021-07-03T10:11:07Z,12.11,0,Metinic
22733,2021-07-03T10:16:07Z,12.11,0,Metinic
22734,2021-07-03T10:21:07Z,12.11,0,Metinic
22735,2021-07-03T10:26:07Z,12.11,2,Metinic
22736,2021-07-03T10:31:07Z,12.11,3,Metinic
22737,2021-07-03T10:36:07Z,12.11,0,Metinic
22738,2021-07-03T10:41:07Z,12.11,11,Metinic
22739,2021-07-03T10:46:07Z,12.11,0,Metinic
22740,2021-07-03T10:51:07Z,12.11,29,Metinic
22741,2021-07-03T10:56:07Z,12.206999999999999,4,Metinic
22742,2021-07-03T11:01:07Z,12.206999999999999,5,Metinic
22743,2021-07-03T11:06:07Z,12.206999999999999,5,Metinic
22744,2021-07-03T11:11:07Z,12.206999999999999,23,Metinic
22745,2021-07-03T11:16:07Z,12.206999999999999,42,Metinic
22746,2021-07-03T11:21:07Z,12.206999999999999,11,Metinic
22747,2021-07-03T11:26:07Z,12.206999999999999,11,Metinic
22748,2021-07-03T11:31:07Z,12.206999999999999,20,Metinic
22749,2021-07-03T11:36:07Z,12.206999999999999,0,Metinic
22750,2021-07-03T11:41:07Z,12.304,1,Metinic
22751,2021-07-03T11:46:07Z,12.304,42,Metinic
22752,2021-07-03T11:51:07Z,12.304,4,Metinic
22753,2021-07-03T11:56:07Z,12.304,0,Metinic
22754,2021-07-03T12:01:07Z,12.304,9,Metinic
22755,2021-07-03T12:06:07Z,12.304,15,Metinic
22756,2021-07-03T12:11:07Z,12.304,1,Metinic
22757,2021-07-03T12:16:07Z,12.304,0,Metinic
22758,2021-07-03T12:21:07Z,12.304,46,Metinic
22759,2021-07-03T12:26:07Z,12.304,59,Metinic
22760,2021-07-03T12:31:07Z,12.304,90,Metinic
22761,2021-07-03T12:36:07Z,12.304,3,Metinic
22762,2021-07-03T12:41:07Z,12.304,8,Metinic
22763,2021-07-03T12:46:07Z,12.304,18,Metinic
22764,2021-07-03T12:51:07Z,12.401,2,Metinic
22765,2021-07-03T12:56:07Z,12.304,58,Metinic
22766,2021-07-03T13:01:07Z,12.304,208,Metinic
22767,2021-07-03T13:06:07Z,12.304,4,Metinic
22768,2021-07-03T13:11:07Z,12.304,40,Metinic
22769,2021-07-03T13:16:07Z,12.304,4,Metinic
22770,2021-07-03T13:21:07Z,12.304,1,Metinic
22771,2021-07-03T13:26:07Z,12.304,3,Metinic
22772,2021-07-03T13:31:07Z,12.304,120,Metinic
22773,2021-07-03T13:36:07Z,12.304,16,Metinic
22774,2021-07-03T13:41:07Z,12.304,0,Metinic
22775,2021-07-03T13:46:07Z,12.304,25,Metinic
22776,2021-07-03T13:51:07Z,12.304,9,Metinic
22777,2021-07-03T13:56:07Z,12.304,1,Metinic
22778,2021-07-03T14:01:07Z,12.304,26,Metinic
22779,2021-07-03T14:06:07Z,12.401,10,Metinic
22780,2021-07-03T14:11:07Z,12.304,31,Metinic
22781,2021-07-03T14:16:07Z,12.304,8,Metinic
22782,2021-07-03T14:21:07Z,12.304,115,Metinic
22783,2021-07-03T14:26:07Z,12.304,16,Metinic
22784,2021-07-03T14:31:07Z,12.304,21,Metinic
22785,2021-07-03T14:36:07Z,12.304,8,Metinic
22786,2021-07-03T14:41:07Z,12.304,320,Metinic
22787,2021-07-03T14:46:07Z,12.304,216,Metinic
22788,2021-07-03T14:51:07Z,12.304,192,Metinic
22789,2021-07-03T14:56:07Z,12.304,3,Metinic
22790,2021-07-03T15:01:07Z,12.304,29,Metinic
22791,2021-07-03T15:06:07Z,12.304,124,Metinic
22792,2021-07-03T15:11:07Z,12.304,2,Metinic
22793,2021-07-03T15:16:07Z,12.206999999999999,248,Metinic
22794,2021-07-03T15:21:07Z,12.206999999999999,18,Metinic
22795,2021-07-03T15:26:07Z,12.304,28,Metinic
22796,2021-07-03T15:31:07Z,12.206999999999999,101,Metinic
22797,2021-07-03T15:36:07Z,12.206999999999999,240,Metinic
22798,2021-07-03T15:41:07Z,12.11,384,Metinic
22799,2021-07-03T15:46:07Z,12.206999999999999,29,Metinic
22800,2021-07-03T15:51:07Z,12.206999999999999,18,Metinic
22801,2021-07-03T15:56:07Z,12.11,87,Metinic
22802,2021-07-03T16:01:07Z,12.206999999999999,28,Metinic
22803,2021-07-03T16:06:07Z,12.11,40,Metinic
22804,2021-07-03T16:11:07Z,12.11,74,Metinic
22805,2021-07-03T16:16:07Z,12.11,4,Metinic
22806,2021-07-03T16:21:07Z,12.11,1,Metinic
22807,2021-07-03T16:26:07Z,12.11,40,Metinic
22808,2021-07-03T16:31:07Z,12.11,7,Metinic
22809,2021-07-03T16:36:07Z,12.11,9,Metinic
22810,2021-07-03T16:41:07Z,12.11,8,Metinic
22811,2021-07-03T16:46:07Z,12.206999999999999,10,Metinic
22812,2021-07-03T16:51:07Z,12.11,11,Metinic
22813,2021-07-03T16:56:07Z,12.206999999999999,23,Metinic
22814,2021-07-03T17:01:07Z,12.206999999999999,16,Metinic
22815,2021-07-03T17:06:07Z,12.206999999999999,8,Metinic
22816,2021-07-03T17:11:07Z,12.11,21,Metinic
22817,2021-07-03T17:16:07Z,12.11,1,Metinic
22818,2021-07-03T17:21:07Z,12.206999999999999,70,Metinic
22819,2021-07-03T17:26:07Z,12.206999999999999,4,Metinic
22820,2021-07-03T17:31:07Z,12.11,81,Metinic
22821,2021-07-03T17:36:07Z,12.206999999999999,152,Metinic
22822,2021-07-03T17:41:07Z,12.206999999999999,12,Metinic
22823,2021-07-03T17:46:07Z,12.206999999999999,8,Metinic
22824,2021-07-03T17:51:07Z,12.206999999999999,0,Metinic
22825,2021-07-03T17:56:07Z,12.206999999999999,152,Metinic
22826,2021-07-03T18:01:07Z,12.206999999999999,18,Metinic
22827,2021-07-03T18:06:07Z,12.206999999999999,10,Metinic
22828,2021-07-03T18:11:07Z,12.206999999999999,152,Metinic
22829,2021-07-03T18:16:07Z,12.206999999999999,10,Metinic
22830,2021-07-03T18:21:07Z,12.206999999999999,1,Metinic
22831,2021-07-03T18:26:07Z,12.206999999999999,85,Metinic
22832,2021-07-03T18:31:07Z,12.206999999999999,36,Metinic
22833,2021-07-03T18:36:07Z,12.206999999999999,5,Metinic
22834,2021-07-03T18:41:07Z,12.206999999999999,26,Metinic
22835,2021-07-03T18:46:07Z,12.206999999999999,92,Metinic
22836,2021-07-03T18:51:07Z,12.206999999999999,118,Metinic
22837,2021-07-03T18:56:07Z,12.206999999999999,85,Metinic
22838,2021-07-03T19:01:07Z,12.206999999999999,128,Metinic
22839,2021-07-03T19:06:07Z,12.206999999999999,47,Metinic
22840,2021-07-03T19:11:07Z,12.206999999999999,6,Metinic
22841,2021-07-03T19:16:07Z,12.206999999999999,1,Metinic
22842,2021-07-03T19:21:07Z,12.206999999999999,3,Metinic
22843,2021-07-03T19:26:07Z,12.206999999999999,12,Metinic
22844,2021-07-03T19:31:07Z,12.206999999999999,7,Metinic
22845,2021-07-03T19:36:07Z,12.206999999999999,68,Metinic
22846,2021-07-03T19:41:07Z,12.206999999999999,2,Metinic
22847,2021-07-03T19:46:07Z,12.206999999999999,78,Metinic
22848,2021-07-03T19:51:07Z,12.206999999999999,0,Metinic
22849,2021-07-03T19:56:07Z,12.206999999999999,24,Metinic
22850,2021-07-03T20:01:07Z,12.206999999999999,79,Metinic
22851,2021-07-03T20:06:07Z,12.206999999999999,1,Metinic
22852,2021-07-03T20:11:07Z,12.206999999999999,5,Metinic
22853,2021-07-03T20:16:07Z,12.206999999999999,4,Metinic
22854,2021-07-03T20:21:07Z,12.206999999999999,1,Metinic
22855,2021-07-03T20:26:07Z,12.206999999999999,8,Metinic
22856,2021-07-03T20:31:07Z,12.206999999999999,1,Metinic
22857,2021-07-03T20:36:07Z,12.206999999999999,4,Metinic
22858,2021-07-03T20:41:07Z,12.206999999999999,1,Metinic
22859,2021-07-03T20:46:07Z,12.206999999999999,2,Metinic
22860,2021-07-03T20:51:07Z,12.206999999999999,3,Metinic
22861,2021-07-03T20:56:07Z,12.206999999999999,0,Metinic
22862,2021-07-03T21:01:07Z,12.206999999999999,3,Metinic
22863,2021-07-03T21:06:07Z,12.206999999999999,1,Metinic
22864,2021-07-03T21:11:07Z,12.206999999999999,1,Metinic
22865,2021-07-03T21:16:07Z,12.206999999999999,3,Metinic
22866,2021-07-03T21:21:07Z,12.206999999999999,0,Metinic
22867,2021-07-03T21:26:07Z,12.206999999999999,3,Metinic
22868,2021-07-03T21:31:07Z,12.206999999999999,4,Metinic
22869,2021-07-03T21:36:07Z,12.206999999999999,1,Metinic
22870,2021-07-03T21:41:07Z,12.206999999999999,5,Metinic
22871,2021-07-03T21:46:07Z,12.206999999999999,0,Metinic
22872,2021-07-03T21:51:07Z,12.206999999999999,3,Metinic
22873,2021-07-03T21:56:07Z,12.206999999999999,5,Metinic
22874,2021-07-03T22:01:07Z,12.206999999999999,1,Metinic
22875,2021-07-03T22:06:07Z,12.206999999999999,4,Metinic
22876,2021-07-03T22:11:07Z,12.206999999999999,4,Metinic
22877,2021-07-03T22:16:07Z,12.206999999999999,2,Metinic
22878,2021-07-03T22:21:07Z,12.206999999999999,2,Metinic
22879,2021-07-03T22:26:07Z,12.206999999999999,1,Metinic
22880,2021-07-03T22:31:07Z,12.206999999999999,3,Metinic
22881,2021-07-03T22:36:07Z,12.206999999999999,3,Metinic
22882,2021-07-03T22:41:07Z,12.304,1,Metinic
22883,2021-07-03T22:46:07Z,12.304,1,Metinic
22884,2021-07-03T22:51:07Z,12.304,0,Metinic
22885,2021-07-03T22:56:07Z,12.304,0,Metinic
22886,2021-07-03T23:01:07Z,12.304,1,Metinic
22887,2021-07-03T23:06:07Z,12.304,0,Metinic
22888,2021-07-03T23:11:07Z,12.304,0,Metinic
22889,2021-07-03T23:16:07Z,12.304,0,Metinic
22890,2021-07-03T23:21:07Z,12.304,0,Metinic
22891,2021-07-03T23:26:07Z,12.304,0,Metinic
22892,2021-07-03T23:31:07Z,12.304,0,Metinic
22893,2021-07-03T23:36:07Z,12.401,0,Metinic
22894,2021-07-03T23:41:07Z,12.401,0,Metinic
22895,2021-07-03T23:46:07Z,12.401,0,Metinic
22896,2021-07-03T23:51:07Z,12.401,0,Metinic
22897,2021-07-03T23:56:07Z,12.401,0,Metinic
22898,2021-07-04T00:01:07Z,12.401,0,Metinic
22899,2021-07-04T00:06:07Z,12.401,0,Metinic
22900,2021-07-04T00:11:07Z,12.401,0,Metinic
22901,2021-07-04T00:16:07Z,12.401,0,Metinic
22902,2021-07-04T00:21:07Z,12.401,0,Metinic
22903,2021-07-04T00:26:07Z,12.497,0,Metinic
22904,2021-07-04T00:31:07Z,12.497,0,Metinic
22905,2021-07-04T00:36:07Z,12.497,0,Metinic
22906,2021-07-04T00:41:07Z,12.497,0,Metinic
22907,2021-07-04T00:46:07Z,12.594,0,Metinic
22908,2021-07-04T00:51:07Z,12.69,0,Metinic
22909,2021-07-04T00:56:07Z,12.69,0,Metinic
22910,2021-07-04T01:01:07Z,12.594,0,Metinic
22911,2021-07-04T01:06:07Z,12.594,0,Metinic
22912,2021-07-04T01:11:07Z,12.594,0,Metinic
22913,2021-07-04T01:16:07Z,12.594,0,Metinic
22914,2021-07-04T01:21:07Z,12.594,0,Metinic
22915,2021-07-04T01:26:07Z,12.594,0,Metinic
22916,2021-07-04T01:31:07Z,12.594,0,Metinic
22917,2021-07-04T01:36:07Z,12.594,0,Metinic
22918,2021-07-04T01:41:07Z,12.497,0,Metinic
22919,2021-07-04T01:46:07Z,12.497,0,Metinic
22920,2021-07-04T01:51:07Z,12.401,0,Metinic
22921,2021-07-04T01:56:07Z,12.401,0,Metinic
22922,2021-07-04T02:01:07Z,12.401,0,Metinic
22923,2021-07-04T02:06:07Z,12.401,0,Metinic
22924,2021-07-04T02:11:07Z,12.401,0,Metinic
22925,2021-07-04T02:16:07Z,12.401,0,Metinic
22926,2021-07-04T02:21:07Z,12.401,0,Metinic
22927,2021-07-04T02:26:07Z,12.401,0,Metinic
22928,2021-07-04T02:31:07Z,12.401,0,Metinic
22929,2021-07-04T02:36:07Z,12.401,0,Metinic
22930,2021-07-04T02:41:07Z,12.401,0,Metinic
22931,2021-07-04T02:46:07Z,12.401,0,Metinic
22932,2021-07-04T02:51:07Z,12.401,0,Metinic
22933,2021-07-04T02:56:07Z,12.401,0,Metinic
22934,2021-07-04T03:01:07Z,12.401,0,Metinic
22935,2021-07-04T03:06:07Z,12.401,0,Metinic
22936,2021-07-04T03:11:07Z,12.401,0,Metinic
22937,2021-07-04T03:16:07Z,12.304,0,Metinic
22938,2021-07-04T03:21:07Z,12.304,0,Metinic
22939,2021-07-04T03:26:07Z,12.304,0,Metinic
22940,2021-07-04T03:31:07Z,12.304,0,Metinic
22941,2021-07-04T03:36:07Z,12.304,0,Metinic
22942,2021-07-04T03:41:07Z,12.304,0,Metinic
22943,2021-07-04T03:46:07Z,12.304,0,Metinic
22944,2021-07-04T03:51:07Z,12.304,0,Metinic
22945,2021-07-04T03:56:07Z,12.304,0,Metinic
22946,2021-07-04T04:01:07Z,12.304,0,Metinic
22947,2021-07-04T04:06:07Z,12.304,0,Metinic
22948,2021-07-04T04:11:07Z,12.304,0,Metinic
22949,2021-07-04T04:16:07Z,12.304,0,Metinic
22950,2021-07-04T04:21:07Z,12.304,0,Metinic
22951,2021-07-04T04:26:07Z,12.304,0,Metinic
22952,2021-07-04T04:31:07Z,12.304,0,Metinic
22953,2021-07-04T04:36:07Z,12.304,0,Metinic
22954,2021-07-04T04:41:07Z,12.304,0,Metinic
22955,2021-07-04T04:46:07Z,12.304,0,Metinic
22956,2021-07-04T04:51:07Z,12.304,0,Metinic
22957,2021-07-04T04:56:07Z,12.304,0,Metinic
22958,2021-07-04T05:01:07Z,12.304,0,Metinic
22959,2021-07-04T05:06:07Z,12.401,0,Metinic
22960,2021-07-04T05:11:07Z,12.401,0,Metinic
22961,2021-07-04T05:16:07Z,12.401,0,Metinic
22962,2021-07-04T05:21:07Z,12.401,0,Metinic
22963,2021-07-04T05:26:07Z,12.401,0,Metinic
22964,2021-07-04T05:31:07Z,12.401,0,Metinic
22965,2021-07-04T05:36:07Z,12.401,0,Metinic
22966,2021-07-04T05:41:07Z,12.401,0,Metinic
22967,2021-07-04T05:46:07Z,12.401,0,Metinic
22968,2021-07-04T05:51:07Z,12.401,0,Metinic
22969,2021-07-04T05:56:07Z,12.401,0,Metinic
22970,2021-07-04T06:01:07Z,12.401,0,Metinic
22971,2021-07-04T06:06:07Z,12.401,0,Metinic
22972,2021-07-04T06:11:07Z,12.401,0,Metinic
22973,2021-07-04T06:16:07Z,12.401,0,Metinic
22974,2021-07-04T06:21:07Z,12.304,0,Metinic
22975,2021-07-04T06:26:07Z,12.304,0,Metinic
22976,2021-07-04T06:31:07Z,12.304,0,Metinic
22977,2021-07-04T06:36:07Z,12.304,0,Metinic
22978,2021-07-04T06:41:07Z,12.304,0,Metinic
22979,2021-07-04T06:46:07Z,12.304,0,Metinic
22980,2021-07-04T06:51:07Z,12.206999999999999,0,Metinic
22981,2021-07-04T06:56:07Z,12.304,0,Metinic
22982,2021-07-04T07:01:07Z,12.304,0,Metinic
22983,2021-07-04T07:06:07Z,12.401,0,Metinic
22984,2021-07-04T07:11:07Z,12.401,0,Metinic
22985,2021-07-04T07:16:07Z,12.401,0,Metinic
22986,2021-07-04T07:21:07Z,12.304,0,Metinic
22987,2021-07-04T07:26:07Z,12.304,0,Metinic
22988,2021-07-04T07:31:07Z,12.304,0,Metinic
22989,2021-07-04T07:36:07Z,12.401,0,Metinic
22990,2021-07-04T07:41:07Z,12.401,0,Metinic
22991,2021-07-04T07:46:07Z,12.401,0,Metinic
22992,2021-07-04T07:51:07Z,12.401,0,Metinic
22993,2021-07-04T07:56:07Z,12.401,0,Metinic
22994,2021-07-04T08:01:07Z,12.401,0,Metinic
22995,2021-07-04T08:06:07Z,12.401,0,Metinic
22996,2021-07-04T08:11:07Z,12.401,0,Metinic
22997,2021-07-04T08:16:07Z,12.401,0,Metinic
22998,2021-07-04T08:21:07Z,12.497,0,Metinic
22999,2021-07-04T08:26:07Z,12.497,0,Metinic
23000,2021-07-04T08:31:07Z,12.497,0,Metinic
23001,2021-07-04T08:36:07Z,12.497,0,Metinic
23002,2021-07-04T08:41:07Z,12.497,0,Metinic
23003,2021-07-04T08:46:07Z,12.497,0,Metinic
23004,2021-07-04T08:51:07Z,12.497,0,Metinic
23005,2021-07-04T08:56:07Z,12.497,0,Metinic
23006,2021-07-04T09:01:07Z,12.497,0,Metinic
23007,2021-07-04T09:06:07Z,12.497,0,Metinic
23008,2021-07-04T09:11:07Z,12.497,0,Metinic
23009,2021-07-04T09:16:07Z,12.497,0,Metinic
23010,2021-07-04T09:21:07Z,12.497,0,Metinic
23011,2021-07-04T09:26:07Z,12.497,0,Metinic
23012,2021-07-04T09:31:07Z,12.497,0,Metinic
23013,2021-07-04T09:36:07Z,12.497,0,Metinic
23014,2021-07-04T09:41:07Z,12.497,0,Metinic
23015,2021-07-04T09:46:07Z,12.497,0,Metinic
23016,2021-07-04T09:51:07Z,12.497,0,Metinic
23017,2021-07-04T09:56:07Z,12.497,0,Metinic
23018,2021-07-04T10:01:07Z,12.497,0,Metinic
23019,2021-07-04T10:06:07Z,12.401,0,Metinic
23020,2021-07-04T10:11:07Z,12.497,0,Metinic
23021,2021-07-04T10:16:07Z,12.401,0,Metinic
23022,2021-07-04T10:21:07Z,12.304,1,Metinic
23023,2021-07-04T10:26:07Z,12.401,1,Metinic
23024,2021-07-04T10:31:07Z,12.304,0,Metinic
23025,2021-07-04T10:36:07Z,12.304,2,Metinic
23026,2021-07-04T10:41:07Z,12.304,0,Metinic
23027,2021-07-04T10:46:07Z,12.401,2,Metinic
23028,2021-07-04T10:51:07Z,12.497,2,Metinic
23029,2021-07-04T10:56:07Z,12.594,1,Metinic
23030,2021-07-04T11:01:07Z,12.594,0,Metinic
23031,2021-07-04T11:06:07Z,12.594,0,Metinic
23032,2021-07-04T11:11:07Z,12.594,0,Metinic
23033,2021-07-04T11:16:07Z,12.69,2,Metinic
23034,2021-07-04T11:21:07Z,12.69,3,Metinic
23035,2021-07-04T11:26:07Z,12.69,1,Metinic
23036,2021-07-04T11:31:07Z,12.69,3,Metinic
23037,2021-07-04T11:36:07Z,12.69,2,Metinic
23038,2021-07-04T11:41:07Z,12.69,0,Metinic
23039,2021-07-04T11:46:07Z,12.69,0,Metinic
23040,2021-07-04T11:51:07Z,12.69,4,Metinic
23041,2021-07-04T11:56:07Z,12.69,0,Metinic
23042,2021-07-04T12:01:07Z,12.69,2,Metinic
23043,2021-07-04T12:06:07Z,12.69,1,Metinic
23044,2021-07-04T12:11:07Z,12.69,0,Metinic
23045,2021-07-04T12:16:07Z,12.69,3,Metinic
23046,2021-07-04T12:21:07Z,12.69,2,Metinic
23047,2021-07-04T12:26:07Z,12.69,3,Metinic
23048,2021-07-04T12:31:07Z,12.69,4,Metinic
23049,2021-07-04T12:36:07Z,12.69,0,Metinic
23050,2021-07-04T12:41:07Z,12.69,5,Metinic
23051,2021-07-04T12:46:07Z,12.69,3,Metinic
23052,2021-07-04T12:51:07Z,12.69,1,Metinic
23053,2021-07-04T12:56:07Z,12.69,1,Metinic
23054,2021-07-04T13:01:07Z,12.786999999999999,9,Metinic
23055,2021-07-04T13:06:07Z,12.786999999999999,11,Metinic
23056,2021-07-04T13:11:07Z,12.786999999999999,9,Metinic
23057,2021-07-04T13:16:07Z,12.786999999999999,13,Metinic
23058,2021-07-04T13:21:07Z,12.786999999999999,0,Metinic
23059,2021-07-04T13:26:07Z,12.883000000000001,16,Metinic
23060,2021-07-04T13:31:07Z,12.883000000000001,15,Metinic
23061,2021-07-04T13:36:07Z,12.883000000000001,15,Metinic
23062,2021-07-04T13:41:07Z,12.883000000000001,18,Metinic
23063,2021-07-04T13:46:07Z,12.69,16,Metinic
23064,2021-07-04T13:51:07Z,12.883000000000001,10,Metinic
23065,2021-07-04T13:56:07Z,12.69,0,Metinic
23066,2021-07-04T14:01:07Z,12.69,8,Metinic
23067,2021-07-04T14:06:07Z,12.69,9,Metinic
23068,2021-07-04T14:11:07Z,12.594,23,Metinic
23069,2021-07-04T14:16:07Z,12.594,20,Metinic
23070,2021-07-04T14:21:07Z,12.594,17,Metinic
23071,2021-07-04T14:26:07Z,12.594,29,Metinic
23072,2021-07-04T14:31:07Z,12.497,31,Metinic
23073,2021-07-04T14:36:07Z,12.497,0,Metinic
23074,2021-07-04T14:41:07Z,12.594,18,Metinic
23075,2021-07-04T14:46:07Z,12.497,28,Metinic
23076,2021-07-04T14:51:07Z,12.594,14,Metinic
23077,2021-07-04T14:56:07Z,12.594,3,Metinic
23078,2021-07-04T15:01:07Z,12.594,25,Metinic
23079,2021-07-04T15:06:07Z,12.497,81,Metinic
23080,2021-07-04T15:11:07Z,12.497,33,Metinic
23081,2021-07-04T15:16:07Z,12.497,22,Metinic
23082,2021-07-04T15:21:07Z,12.401,320,Metinic
23083,2021-07-04T15:26:07Z,12.401,7,Metinic
23084,2021-07-04T15:31:07Z,12.401,61,Metinic
23085,2021-07-04T15:36:07Z,12.304,12,Metinic
23086,2021-07-04T15:41:07Z,12.401,272,Metinic
23087,2021-07-04T15:46:07Z,12.304,1,Metinic
23088,2021-07-04T15:51:07Z,12.304,9,Metinic
23089,2021-07-04T15:56:07Z,12.304,3,Metinic
23090,2021-07-04T16:01:07Z,12.304,160,Metinic
23091,2021-07-04T16:06:07Z,12.304,30,Metinic
23092,2021-07-04T16:11:07Z,12.304,104,Metinic
23093,2021-07-04T16:16:07Z,12.304,15,Metinic
23094,2021-07-04T16:21:07Z,12.304,18,Metinic
23095,2021-07-04T16:26:07Z,12.304,79,Metinic
23096,2021-07-04T16:31:07Z,12.304,3,Metinic
23097,2021-07-04T16:36:07Z,12.304,10,Metinic
23098,2021-07-04T16:41:07Z,12.206999999999999,68,Metinic
23099,2021-07-04T16:46:07Z,12.206999999999999,105,Metinic
23100,2021-07-04T16:51:07Z,12.206999999999999,5,Metinic
23101,2021-07-04T16:56:07Z,12.304,8,Metinic
23102,2021-07-04T17:01:07Z,12.206999999999999,36,Metinic
23103,2021-07-04T17:06:07Z,12.206999999999999,136,Metinic
23104,2021-07-04T17:11:07Z,12.206999999999999,35,Metinic
23105,2021-07-04T17:16:07Z,12.304,144,Metinic
23106,2021-07-04T17:21:07Z,12.304,119,Metinic
23107,2021-07-04T17:26:07Z,12.304,5,Metinic
23108,2021-07-04T17:31:07Z,12.401,6,Metinic
23109,2021-07-04T17:36:07Z,12.401,15,Metinic
23110,2021-07-04T17:41:07Z,12.401,53,Metinic
23111,2021-07-04T17:46:07Z,12.304,34,Metinic
23112,2021-07-04T17:51:07Z,12.401,19,Metinic
23113,2021-07-04T17:56:07Z,12.401,1,Metinic
23114,2021-07-04T18:01:07Z,12.401,20,Metinic
23115,2021-07-04T18:06:07Z,12.401,72,Metinic
23116,2021-07-04T18:11:07Z,12.497,67,Metinic
23117,2021-07-04T18:16:07Z,12.497,272,Metinic
23118,2021-07-04T18:21:07Z,12.497,152,Metinic
23119,2021-07-04T18:26:07Z,12.497,28,Metinic
23120,2021-07-04T18:31:07Z,12.497,7,Metinic
23121,2021-07-04T18:36:07Z,12.594,94,Metinic
23122,2021-07-04T18:41:07Z,12.594,87,Metinic
23123,2021-07-04T18:46:07Z,12.69,272,Metinic
23124,2021-07-04T18:51:07Z,12.786999999999999,7,Metinic
23125,2021-07-04T18:56:07Z,12.69,45,Metinic
23126,2021-07-04T19:01:07Z,12.69,41,Metinic
23127,2021-07-04T19:06:07Z,12.69,2,Metinic
23128,2021-07-04T19:11:07Z,12.69,6,Metinic
23129,2021-07-04T19:16:07Z,12.786999999999999,216,Metinic
23130,2021-07-04T19:21:07Z,12.786999999999999,19,Metinic
23131,2021-07-04T19:26:07Z,12.69,22,Metinic
23132,2021-07-04T19:31:07Z,12.786999999999999,136,Metinic
23133,2021-07-04T19:36:07Z,12.786999999999999,58,Metinic
23134,2021-07-04T19:41:07Z,12.786999999999999,8,Metinic
23135,2021-07-04T19:46:07Z,12.786999999999999,35,Metinic
23136,2021-07-04T19:51:07Z,12.786999999999999,45,Metinic
23137,2021-07-04T19:56:07Z,12.883000000000001,3,Metinic
23138,2021-07-04T20:01:07Z,12.883000000000001,4,Metinic
23139,2021-07-04T20:06:07Z,12.883000000000001,4,Metinic
23140,2021-07-04T20:11:07Z,12.786999999999999,30,Metinic
23141,2021-07-04T20:16:07Z,12.883000000000001,9,Metinic
23142,2021-07-04T20:21:07Z,12.786999999999999,17,Metinic
23143,2021-07-04T20:26:07Z,12.883000000000001,9,Metinic
23144,2021-07-04T20:31:07Z,12.883000000000001,39,Metinic
23145,2021-07-04T20:36:07Z,12.786999999999999,91,Metinic
23146,2021-07-04T20:41:07Z,12.786999999999999,0,Metinic
23147,2021-07-04T20:46:07Z,12.786999999999999,38,Metinic
23148,2021-07-04T20:51:07Z,12.786999999999999,15,Metinic
23149,2021-07-04T20:56:07Z,12.786999999999999,160,Metinic
23150,2021-07-04T21:01:07Z,12.786999999999999,106,Metinic
23151,2021-07-04T21:06:07Z,12.786999999999999,25,Metinic
23152,2021-07-04T21:11:07Z,12.786999999999999,50,Metinic
23153,2021-07-04T21:16:07Z,12.786999999999999,31,Metinic
23154,2021-07-04T21:21:07Z,12.786999999999999,1,Metinic
23155,2021-07-04T21:26:07Z,12.786999999999999,1,Metinic
23156,2021-07-04T21:31:07Z,12.69,57,Metinic
23157,2021-07-04T21:36:07Z,12.69,6,Metinic
23158,2021-07-04T21:41:07Z,12.69,18,Metinic
23159,2021-07-04T21:46:07Z,12.69,31,Metinic
23160,2021-07-04T21:51:07Z,12.594,27,Metinic
23161,2021-07-04T21:56:07Z,12.497,55,Metinic
23162,2021-07-04T22:01:07Z,12.497,9,Metinic
23163,2021-07-04T22:06:07Z,12.497,3,Metinic
23164,2021-07-04T22:11:07Z,12.497,15,Metinic
23165,2021-07-04T22:16:07Z,12.497,67,Metinic
23166,2021-07-04T22:21:07Z,12.497,22,Metinic
23167,2021-07-04T22:26:07Z,12.594,71,Metinic
23168,2021-07-04T22:31:07Z,12.594,0,Metinic
23169,2021-07-04T22:36:07Z,12.594,36,Metinic
23170,2021-07-04T22:41:07Z,12.497,43,Metinic
23171,2021-07-04T22:46:07Z,12.594,14,Metinic
23172,2021-07-04T22:51:07Z,12.497,0,Metinic
23173,2021-07-04T22:56:07Z,12.497,20,Metinic
23174,2021-07-04T23:01:07Z,12.497,18,Metinic
23175,2021-07-04T23:06:07Z,12.594,0,Metinic
23176,2021-07-04T23:11:07Z,12.497,0,Metinic
23177,2021-07-04T23:16:07Z,12.497,8,Metinic
23178,2021-07-04T23:21:07Z,12.594,23,Metinic
23179,2021-07-04T23:26:07Z,12.594,0,Metinic
23180,2021-07-04T23:31:07Z,12.594,16,Metinic
23181,2021-07-04T23:36:07Z,12.594,0,Metinic
23182,2021-07-04T23:41:07Z,12.594,6,Metinic
23183,2021-07-04T23:46:07Z,12.594,0,Metinic
23184,2021-07-04T23:51:07Z,12.497,6,Metinic
23185,2021-07-04T23:56:07Z,12.497,0,Metinic
23186,2021-07-05T00:01:07Z,12.497,2,Metinic
23187,2021-07-05T00:06:07Z,12.497,1,Metinic
23188,2021-07-05T00:11:07Z,12.497,1,Metinic
23189,2021-07-05T00:16:07Z,12.594,0,Metinic
23190,2021-07-05T00:21:07Z,12.594,0,Metinic
23191,2021-07-05T00:26:07Z,12.594,0,Metinic
23192,2021-07-05T00:31:07Z,12.594,0,Metinic
23193,2021-07-05T00:36:07Z,12.497,0,Metinic
23194,2021-07-05T00:41:07Z,12.497,0,Metinic
23195,2021-07-05T00:46:07Z,12.594,0,Metinic
23196,2021-07-05T00:51:07Z,12.594,0,Metinic
23197,2021-07-05T00:56:07Z,12.69,0,Metinic
23198,2021-07-05T01:01:07Z,12.69,0,Metinic
23199,2021-07-05T01:06:07Z,12.594,0,Metinic
23200,2021-07-05T01:11:07Z,12.69,0,Metinic
23201,2021-07-05T01:16:07Z,12.69,0,Metinic
23202,2021-07-05T01:21:07Z,12.69,0,Metinic
23203,2021-07-05T01:26:07Z,12.69,0,Metinic
23204,2021-07-05T01:31:07Z,12.69,0,Metinic
23205,2021-07-05T01:36:07Z,12.786999999999999,0,Metinic
23206,2021-07-05T01:41:07Z,12.69,0,Metinic
23207,2021-07-05T01:46:07Z,12.69,0,Metinic
23208,2021-07-05T01:51:07Z,12.69,0,Metinic
23209,2021-07-05T01:56:07Z,12.594,0,Metinic
23210,2021-07-05T02:01:07Z,12.594,0,Metinic
23211,2021-07-05T02:06:07Z,12.497,0,Metinic
23212,2021-07-05T02:11:07Z,12.497,0,Metinic
23213,2021-07-05T02:16:07Z,12.497,0,Metinic
23214,2021-07-05T02:21:07Z,12.497,0,Metinic
23215,2021-07-05T02:26:07Z,12.497,0,Metinic
23216,2021-07-05T02:31:07Z,12.401,0,Metinic
23217,2021-07-05T02:36:07Z,12.401,0,Metinic
23218,2021-07-05T02:41:07Z,12.401,0,Metinic
23219,2021-07-05T02:46:07Z,12.401,0,Metinic
23220,2021-07-05T02:51:07Z,12.304,0,Metinic
23221,2021-07-05T02:56:07Z,12.304,0,Metinic
23222,2021-07-05T03:01:07Z,12.304,0,Metinic
23223,2021-07-05T03:06:07Z,12.304,0,Metinic
23224,2021-07-05T03:11:07Z,12.304,0,Metinic
23225,2021-07-05T03:16:07Z,12.304,0,Metinic
23226,2021-07-05T03:21:07Z,12.304,0,Metinic
23227,2021-07-05T03:26:07Z,12.304,0,Metinic
23228,2021-07-05T03:31:07Z,12.304,0,Metinic
23229,2021-07-05T03:36:07Z,12.304,0,Metinic
23230,2021-07-05T03:41:07Z,12.304,0,Metinic
23231,2021-07-05T03:46:07Z,12.304,0,Metinic
23232,2021-07-05T03:51:07Z,12.304,0,Metinic
23233,2021-07-05T03:56:07Z,12.304,0,Metinic
23234,2021-07-05T04:01:07Z,12.304,0,Metinic
23235,2021-07-05T04:06:07Z,12.304,0,Metinic
23236,2021-07-05T04:11:07Z,12.304,0,Metinic
23237,2021-07-05T04:16:07Z,12.304,0,Metinic
23238,2021-07-05T04:21:07Z,12.304,0,Metinic
23239,2021-07-05T04:26:07Z,12.304,0,Metinic
23240,2021-07-05T04:31:07Z,12.304,0,Metinic
23241,2021-07-05T04:36:07Z,12.304,0,Metinic
23242,2021-07-05T04:41:07Z,12.304,0,Metinic
23243,2021-07-05T04:46:07Z,12.304,0,Metinic
23244,2021-07-05T04:51:07Z,12.304,0,Metinic
23245,2021-07-05T04:56:07Z,12.304,0,Metinic
23246,2021-07-05T05:01:07Z,12.304,0,Metinic
23247,2021-07-05T05:06:07Z,12.304,0,Metinic
23248,2021-07-05T05:11:07Z,12.304,0,Metinic
23249,2021-07-05T05:16:07Z,12.304,0,Metinic
23250,2021-07-05T05:21:07Z,12.304,0,Metinic
23251,2021-07-05T05:26:07Z,12.304,0,Metinic
23252,2021-07-05T05:31:07Z,12.304,0,Metinic
23253,2021-07-05T05:36:07Z,12.401,0,Metinic
23254,2021-07-05T05:41:07Z,12.401,0,Metinic
23255,2021-07-05T05:46:07Z,12.401,0,Metinic
23256,2021-07-05T05:51:07Z,12.401,0,Metinic
23257,2021-07-05T05:56:07Z,12.497,0,Metinic
23258,2021-07-05T06:01:07Z,12.401,0,Metinic
23259,2021-07-05T06:06:07Z,12.401,0,Metinic
23260,2021-07-05T06:11:07Z,12.401,0,Metinic
23261,2021-07-05T06:16:07Z,12.497,0,Metinic
23262,2021-07-05T06:21:07Z,12.497,0,Metinic
23263,2021-07-05T06:26:07Z,12.497,0,Metinic
23264,2021-07-05T06:31:07Z,12.497,0,Metinic
23265,2021-07-05T06:36:07Z,12.594,0,Metinic
23266,2021-07-05T06:41:07Z,12.594,0,Metinic
23267,2021-07-05T06:46:07Z,12.594,0,Metinic
23268,2021-07-05T06:51:07Z,12.594,0,Metinic
23269,2021-07-05T06:56:07Z,12.594,0,Metinic
23270,2021-07-05T07:01:07Z,12.594,0,Metinic
23271,2021-07-05T07:06:07Z,12.594,0,Metinic
23272,2021-07-05T07:11:07Z,12.594,0,Metinic
23273,2021-07-05T07:16:07Z,12.594,0,Metinic
23274,2021-07-05T07:21:07Z,12.594,0,Metinic
23275,2021-07-05T07:26:07Z,12.69,0,Metinic
23276,2021-07-05T07:31:07Z,12.69,0,Metinic
23277,2021-07-05T07:36:07Z,12.69,0,Metinic
23278,2021-07-05T07:41:07Z,12.69,0,Metinic
23279,2021-07-05T07:46:07Z,12.69,0,Metinic
23280,2021-07-05T07:51:07Z,12.69,0,Metinic
23281,2021-07-05T07:56:07Z,12.69,0,Metinic
23282,2021-07-05T08:01:07Z,12.594,0,Metinic
23283,2021-07-05T08:06:07Z,12.594,0,Metinic
23284,2021-07-05T08:11:07Z,12.594,0,Metinic
23285,2021-07-05T08:16:07Z,12.497,0,Metinic
23286,2021-07-05T08:21:07Z,12.497,0,Metinic
23287,2021-07-05T08:26:07Z,12.401,0,Metinic
23288,2021-07-05T08:31:07Z,12.401,0,Metinic
23289,2021-07-05T08:36:07Z,12.401,0,Metinic
23290,2021-07-05T08:41:07Z,12.304,0,Metinic
23291,2021-07-05T08:46:07Z,12.304,0,Metinic
23292,2021-07-05T08:51:07Z,12.304,0,Metinic
23293,2021-07-05T08:56:07Z,12.304,0,Metinic
23294,2021-07-05T09:01:07Z,12.304,0,Metinic
23295,2021-07-05T09:06:07Z,12.304,0,Metinic
23296,2021-07-05T09:11:07Z,12.206999999999999,1,Metinic
23297,2021-07-05T09:16:07Z,12.206999999999999,2,Metinic
23298,2021-07-05T09:21:07Z,12.206999999999999,1,Metinic
23299,2021-07-05T09:26:07Z,12.206999999999999,2,Metinic
23300,2021-07-05T09:31:07Z,12.206999999999999,8,Metinic
23301,2021-07-05T09:36:07Z,12.206999999999999,2,Metinic
23302,2021-07-05T09:41:07Z,12.206999999999999,3,Metinic
23303,2021-07-05T09:46:07Z,12.206999999999999,3,Metinic
23304,2021-07-05T09:51:07Z,12.206999999999999,1,Metinic
23305,2021-07-05T09:56:07Z,12.206999999999999,0,Metinic
23306,2021-07-05T10:01:07Z,12.206999999999999,46,Metinic
23307,2021-07-05T10:06:07Z,12.206999999999999,19,Metinic
23308,2021-07-05T10:11:07Z,12.206999999999999,2,Metinic
23309,2021-07-05T10:16:07Z,12.206999999999999,8,Metinic
23310,2021-07-05T10:21:07Z,12.206999999999999,66,Metinic
23311,2021-07-05T10:26:07Z,12.206999999999999,20,Metinic
23312,2021-07-05T10:31:07Z,12.206999999999999,15,Metinic
23313,2021-07-05T10:36:07Z,12.206999999999999,20,Metinic
23314,2021-07-05T10:41:07Z,12.206999999999999,36,Metinic
23315,2021-07-05T10:46:07Z,12.206999999999999,38,Metinic
23316,2021-07-05T10:51:07Z,12.206999999999999,4,Metinic
23317,2021-07-05T10:56:07Z,12.206999999999999,0,Metinic
23318,2021-07-05T11:01:07Z,12.304,7,Metinic
23319,2021-07-05T11:06:07Z,12.206999999999999,3,Metinic
23320,2021-07-05T11:11:07Z,12.206999999999999,9,Metinic
23321,2021-07-05T11:16:07Z,12.206999999999999,103,Metinic
23322,2021-07-05T11:21:07Z,12.304,9,Metinic
23323,2021-07-05T11:26:07Z,12.206999999999999,46,Metinic
23324,2021-07-05T11:31:07Z,12.206999999999999,14,Metinic
23325,2021-07-05T11:36:07Z,12.206999999999999,76,Metinic
23326,2021-07-05T11:41:07Z,12.206999999999999,59,Metinic
23327,2021-07-05T11:46:07Z,12.206999999999999,12,Metinic
23328,2021-07-05T11:51:07Z,12.206999999999999,6,Metinic
23329,2021-07-05T11:56:07Z,12.304,88,Metinic
23330,2021-07-05T12:01:07Z,12.304,80,Metinic
23331,2021-07-05T12:06:07Z,12.304,168,Metinic
23332,2021-07-05T12:11:07Z,12.304,304,Metinic
23333,2021-07-05T12:16:07Z,12.304,12,Metinic
23334,2021-07-05T12:21:07Z,12.304,144,Metinic
23335,2021-07-05T12:26:07Z,12.304,168,Metinic
23336,2021-07-05T12:31:07Z,12.304,216,Metinic
23337,2021-07-05T12:36:07Z,12.304,272,Metinic
23338,2021-07-05T12:41:07Z,12.304,240,Metinic
23339,2021-07-05T12:46:07Z,12.304,256,Metinic
23340,2021-07-05T12:51:07Z,12.401,480,Metinic
23341,2021-07-05T12:56:07Z,12.401,288,Metinic
23342,2021-07-05T13:01:07Z,12.401,480,Metinic
23343,2021-07-05T13:06:07Z,12.401,176,Metinic
23344,2021-07-05T13:11:07Z,12.401,512,Metinic
23345,2021-07-05T13:16:07Z,12.401,36,Metinic
23346,2021-07-05T13:21:07Z,12.497,448,Metinic
23347,2021-07-05T13:26:07Z,12.401,304,Metinic
23348,2021-07-05T13:31:07Z,12.401,352,Metinic
23349,2021-07-05T13:36:07Z,12.497,464,Metinic
23350,2021-07-05T13:41:07Z,12.497,576,Metinic
23351,2021-07-05T13:46:07Z,12.497,208,Metinic
23352,2021-07-05T13:51:07Z,12.594,416,Metinic
23353,2021-07-05T13:56:07Z,12.594,152,Metinic
23354,2021-07-05T14:01:07Z,12.594,448,Metinic
23355,2021-07-05T14:06:07Z,12.69,20,Metinic
23356,2021-07-05T14:11:07Z,12.69,704,Metinic
23357,2021-07-05T14:16:07Z,12.69,464,Metinic
23358,2021-07-05T14:21:07Z,12.594,176,Metinic
23359,2021-07-05T14:26:07Z,12.69,576,Metinic
23360,2021-07-05T14:31:07Z,12.69,9,Metinic
23361,2021-07-05T14:36:07Z,12.594,28,Metinic
23362,2021-07-05T14:41:07Z,12.69,14,Metinic
23363,2021-07-05T14:46:07Z,12.69,102,Metinic
23364,2021-07-05T14:51:07Z,12.69,28,Metinic
23365,2021-07-05T14:56:07Z,12.786999999999999,304,Metinic
23366,2021-07-05T15:01:07Z,12.786999999999999,288,Metinic
23367,2021-07-05T15:06:07Z,12.69,304,Metinic
23368,2021-07-05T15:11:07Z,12.883000000000001,896,Metinic
23369,2021-07-05T15:16:07Z,12.883000000000001,41,Metinic
23370,2021-07-05T15:21:07Z,12.69,800,Metinic
23371,2021-07-05T15:26:07Z,12.883000000000001,608,Metinic
23372,2021-07-05T15:31:07Z,12.69,29,Metinic
23373,2021-07-05T15:36:07Z,12.69,400,Metinic
23374,2021-07-05T15:41:07Z,12.883000000000001,56,Metinic
23375,2021-07-05T15:46:07Z,12.69,16,Metinic
23376,2021-07-05T15:51:07Z,12.69,9,Metinic
23377,2021-07-05T15:56:07Z,12.69,272,Metinic
23378,2021-07-05T16:01:07Z,12.69,608,Metinic
23379,2021-07-05T16:06:07Z,12.69,416,Metinic
23380,2021-07-05T16:11:07Z,12.69,1152,Metinic
23381,2021-07-05T16:16:07Z,12.69,12,Metinic
23382,2021-07-05T16:21:07Z,12.69,184,Metinic
23383,2021-07-05T16:26:07Z,12.98,101,Metinic
23384,2021-07-05T16:31:07Z,12.69,58,Metinic
23385,2021-07-05T16:36:07Z,12.69,368,Metinic
23386,2021-07-05T16:41:07Z,12.786999999999999,38,Metinic
23387,2021-07-05T16:46:07Z,12.69,14,Metinic
23388,2021-07-05T16:51:07Z,12.594,256,Metinic
23389,2021-07-05T16:56:07Z,12.69,168,Metinic
23390,2021-07-05T17:01:07Z,12.786999999999999,38,Metinic
23391,2021-07-05T17:06:07Z,12.594,1024,Metinic
23392,2021-07-05T17:11:07Z,12.594,114,Metinic
23393,2021-07-05T17:16:07Z,12.883000000000001,1152,Metinic
23394,2021-07-05T17:21:07Z,12.69,1664,Metinic
23395,2021-07-05T17:26:07Z,12.883000000000001,80,Metinic
23396,2021-07-05T17:31:07Z,12.69,28,Metinic
23397,2021-07-05T17:36:07Z,12.98,119,Metinic
23398,2021-07-05T17:41:07Z,12.98,56,Metinic
23399,2021-07-05T17:46:07Z,12.98,864,Metinic
23400,2021-07-05T17:51:07Z,12.98,1152,Metinic
23401,2021-07-05T17:56:07Z,13.076,304,Metinic
23402,2021-07-05T18:01:07Z,13.076,31,Metinic
23403,2021-07-05T18:06:07Z,12.98,800,Metinic
23404,2021-07-05T18:11:07Z,13.173,50,Metinic
23405,2021-07-05T18:16:07Z,12.98,704,Metinic
23406,2021-07-05T18:21:07Z,13.076,67,Metinic
23407,2021-07-05T18:26:07Z,13.173,512,Metinic
23408,2021-07-05T18:31:07Z,13.076,66,Metinic
23409,2021-07-05T18:36:07Z,13.076,240,Metinic
23410,2021-07-05T18:41:07Z,13.173,216,Metinic
23411,2021-07-05T18:46:07Z,13.076,98,Metinic
23412,2021-07-05T18:51:07Z,13.173,46,Metinic
23413,2021-07-05T18:56:07Z,13.076,34,Metinic
23414,2021-07-05T19:01:07Z,13.173,75,Metinic
23415,2021-07-05T19:06:07Z,13.269,128,Metinic
23416,2021-07-05T19:11:07Z,13.461,36,Metinic
23417,2021-07-05T19:16:07Z,13.461,608,Metinic
23418,2021-07-05T19:21:07Z,13.558,36,Metinic
23419,2021-07-05T19:26:07Z,13.558,272,Metinic
23420,2021-07-05T19:31:07Z,13.654,608,Metinic
23421,2021-07-05T19:36:07Z,13.558,19,Metinic
23422,2021-07-05T19:41:07Z,13.461,38,Metinic
23423,2021-07-05T19:46:07Z,13.461,6,Metinic
23424,2021-07-05T19:51:07Z,13.461,30,Metinic
23425,2021-07-05T19:56:07Z,13.365000000000002,2,Metinic
23426,2021-07-05T20:01:07Z,13.269,128,Metinic
23427,2021-07-05T20:06:07Z,13.173,31,Metinic
23428,2021-07-05T20:11:07Z,13.076,109,Metinic
23429,2021-07-05T20:16:07Z,12.98,82,Metinic
23430,2021-07-05T20:21:07Z,12.883000000000001,98,Metinic
23431,2021-07-05T20:26:07Z,12.69,93,Metinic
23432,2021-07-05T20:31:07Z,12.69,19,Metinic
23433,2021-07-05T20:36:07Z,12.594,116,Metinic
23434,2021-07-05T20:41:07Z,12.594,32,Metinic
23435,2021-07-05T20:46:07Z,12.594,45,Metinic
23436,2021-07-05T20:51:07Z,12.497,10,Metinic
23437,2021-07-05T20:56:07Z,12.497,320,Metinic
23438,2021-07-05T21:01:07Z,12.497,34,Metinic
23439,2021-07-05T21:06:07Z,12.497,15,Metinic
23440,2021-07-05T21:11:07Z,12.401,17,Metinic
23441,2021-07-05T21:16:07Z,12.401,56,Metinic
23442,2021-07-05T21:21:07Z,12.401,3,Metinic
23443,2021-07-05T21:26:07Z,12.401,56,Metinic
23444,2021-07-05T21:31:07Z,12.401,72,Metinic
23445,2021-07-05T21:36:07Z,12.401,17,Metinic
23446,2021-07-05T21:41:07Z,12.401,46,Metinic
23447,2021-07-05T21:46:07Z,12.401,168,Metinic
23448,2021-07-05T21:51:07Z,12.401,6,Metinic
23449,2021-07-05T21:56:07Z,12.401,7,Metinic
23450,2021-07-05T22:01:07Z,12.497,40,Metinic
23451,2021-07-05T22:06:07Z,12.497,28,Metinic
23452,2021-07-05T22:11:07Z,12.497,3,Metinic
23453,2021-07-05T22:16:07Z,12.497,4,Metinic
23454,2021-07-05T22:21:07Z,12.594,6,Metinic
23455,2021-07-05T22:26:07Z,12.594,4,Metinic
23456,2021-07-05T22:31:07Z,12.594,7,Metinic
23457,2021-07-05T22:36:07Z,12.594,1,Metinic
23458,2021-07-05T22:41:07Z,12.594,77,Metinic
23459,2021-07-05T22:46:07Z,12.594,63,Metinic
23460,2021-07-05T22:51:07Z,12.594,6,Metinic
23461,2021-07-05T22:56:07Z,12.594,5,Metinic
23462,2021-07-05T23:01:07Z,12.594,3,Metinic
23463,2021-07-05T23:06:07Z,12.594,31,Metinic
23464,2021-07-05T23:11:07Z,12.594,3,Metinic
23465,2021-07-05T23:16:07Z,12.594,1,Metinic
23466,2021-07-05T23:21:07Z,12.594,2,Metinic
23467,2021-07-05T23:26:07Z,12.594,0,Metinic
23468,2021-07-05T23:31:07Z,12.594,0,Metinic
23469,2021-07-05T23:36:07Z,12.594,1,Metinic
23470,2021-07-05T23:41:07Z,12.594,0,Metinic
23471,2021-07-05T23:46:07Z,12.594,0,Metinic
23472,2021-07-05T23:51:07Z,12.594,0,Metinic
23473,2021-07-05T23:56:07Z,12.594,0,Metinic
23474,2021-07-06T00:01:07Z,12.69,0,Metinic
23475,2021-07-06T00:06:07Z,12.69,0,Metinic
23476,2021-07-06T00:11:07Z,12.786999999999999,0,Metinic
23477,2021-07-06T00:16:07Z,12.883000000000001,0,Metinic
23478,2021-07-06T00:21:07Z,12.98,0,Metinic
23479,2021-07-06T00:26:07Z,13.076,0,Metinic
23480,2021-07-06T00:31:07Z,13.173,0,Metinic
23481,2021-07-06T00:36:07Z,13.269,0,Metinic
23482,2021-07-06T00:41:07Z,13.269,0,Metinic
23483,2021-07-06T00:46:07Z,13.365000000000002,0,Metinic
23484,2021-07-06T00:51:07Z,13.461,0,Metinic
23485,2021-07-06T00:56:07Z,13.461,0,Metinic
23486,2021-07-06T01:01:07Z,13.461,0,Metinic
23487,2021-07-06T01:06:07Z,13.558,0,Metinic
23488,2021-07-06T01:11:07Z,13.558,0,Metinic
23489,2021-07-06T01:16:07Z,13.558,0,Metinic
23490,2021-07-06T01:21:07Z,13.558,0,Metinic
23491,2021-07-06T01:26:07Z,13.558,0,Metinic
23492,2021-07-06T01:31:07Z,13.558,0,Metinic
23493,2021-07-06T01:36:07Z,13.558,0,Metinic
23494,2021-07-06T01:41:07Z,13.558,0,Metinic
23495,2021-07-06T01:46:07Z,13.461,0,Metinic
23496,2021-07-06T01:51:07Z,13.558,0,Metinic
23497,2021-07-06T01:56:07Z,13.654,0,Metinic
23498,2021-07-06T02:01:07Z,13.654,0,Metinic
23499,2021-07-06T02:06:07Z,13.654,0,Metinic
23500,2021-07-06T02:11:07Z,13.558,0,Metinic
23501,2021-07-06T02:16:07Z,13.558,0,Metinic
23502,2021-07-06T02:21:07Z,13.558,0,Metinic
23503,2021-07-06T02:26:07Z,13.558,0,Metinic
23504,2021-07-06T02:31:07Z,13.558,0,Metinic
23505,2021-07-06T02:36:07Z,13.558,0,Metinic
23506,2021-07-06T02:41:07Z,13.461,0,Metinic
23507,2021-07-06T02:46:07Z,13.558,0,Metinic
23508,2021-07-06T02:51:07Z,13.558,0,Metinic
23509,2021-07-06T02:56:07Z,13.558,0,Metinic
23510,2021-07-06T03:01:07Z,13.654,0,Metinic
23511,2021-07-06T03:06:07Z,13.654,0,Metinic
23512,2021-07-06T03:11:07Z,13.654,0,Metinic
23513,2021-07-06T03:16:07Z,13.654,0,Metinic
23514,2021-07-06T03:21:07Z,13.654,0,Metinic
23515,2021-07-06T03:26:07Z,13.654,0,Metinic
23516,2021-07-06T03:31:07Z,13.558,0,Metinic
23517,2021-07-06T03:36:07Z,13.558,0,Metinic
23518,2021-07-06T03:41:07Z,13.558,0,Metinic
23519,2021-07-06T03:46:07Z,13.558,0,Metinic
23520,2021-07-06T03:51:07Z,13.461,0,Metinic
23521,2021-07-06T03:56:07Z,13.461,0,Metinic
23522,2021-07-06T04:01:07Z,13.461,0,Metinic
23523,2021-07-06T04:06:07Z,13.461,0,Metinic
23524,2021-07-06T04:11:07Z,13.365000000000002,0,Metinic
23525,2021-07-06T04:16:07Z,13.269,0,Metinic
23526,2021-07-06T04:21:07Z,13.269,0,Metinic
23527,2021-07-06T04:26:07Z,13.173,0,Metinic
23528,2021-07-06T04:31:07Z,13.269,0,Metinic
23529,2021-07-06T04:36:07Z,13.173,0,Metinic
23530,2021-07-06T04:41:07Z,13.173,0,Metinic
23531,2021-07-06T04:46:07Z,13.173,0,Metinic
23532,2021-07-06T04:51:07Z,13.076,0,Metinic
23533,2021-07-06T04:56:07Z,13.076,0,Metinic
23534,2021-07-06T05:01:07Z,12.98,0,Metinic
23535,2021-07-06T05:06:07Z,12.98,0,Metinic
23536,2021-07-06T05:11:07Z,12.98,0,Metinic
23537,2021-07-06T05:16:07Z,13.076,0,Metinic
23538,2021-07-06T05:21:07Z,13.076,0,Metinic
23539,2021-07-06T05:26:07Z,13.076,0,Metinic
23540,2021-07-06T05:31:07Z,13.076,0,Metinic
23541,2021-07-06T05:36:07Z,13.076,0,Metinic
23542,2021-07-06T05:41:07Z,13.076,0,Metinic
23543,2021-07-06T05:46:07Z,13.076,0,Metinic
23544,2021-07-06T05:51:07Z,13.076,0,Metinic
23545,2021-07-06T05:56:07Z,13.269,0,Metinic
23546,2021-07-06T06:01:07Z,13.365000000000002,0,Metinic
23547,2021-07-06T06:06:07Z,13.461,0,Metinic
23548,2021-07-06T06:11:07Z,13.461,0,Metinic
23549,2021-07-06T06:16:07Z,13.558,0,Metinic
23550,2021-07-06T06:21:07Z,13.558,0,Metinic
23551,2021-07-06T06:26:07Z,13.654,0,Metinic
23552,2021-07-06T06:31:07Z,13.654,0,Metinic
23553,2021-07-06T06:36:07Z,13.75,0,Metinic
23554,2021-07-06T06:41:07Z,13.75,0,Metinic
23555,2021-07-06T06:46:07Z,13.75,0,Metinic
23556,2021-07-06T06:51:07Z,13.75,0,Metinic
23557,2021-07-06T06:56:07Z,13.75,0,Metinic
23558,2021-07-06T07:01:07Z,13.75,0,Metinic
23559,2021-07-06T07:06:07Z,13.75,0,Metinic
23560,2021-07-06T07:11:07Z,13.75,0,Metinic
23561,2021-07-06T07:16:07Z,13.75,0,Metinic
23562,2021-07-06T07:21:07Z,13.75,0,Metinic
23563,2021-07-06T07:26:07Z,13.75,0,Metinic
23564,2021-07-06T07:31:07Z,13.75,0,Metinic
23565,2021-07-06T07:36:07Z,13.75,0,Metinic
23566,2021-07-06T07:41:07Z,13.75,0,Metinic
23567,2021-07-06T07:46:07Z,13.846,0,Metinic
23568,2021-07-06T07:51:07Z,13.846,0,Metinic
23569,2021-07-06T07:56:07Z,13.942,0,Metinic
23570,2021-07-06T08:01:07Z,13.942,0,Metinic
23571,2021-07-06T08:06:07Z,13.846,0,Metinic
23572,2021-07-06T08:11:07Z,13.75,0,Metinic
23573,2021-07-06T08:16:07Z,13.558,0,Metinic
23574,2021-07-06T08:21:07Z,13.461,0,Metinic
23575,2021-07-06T08:26:07Z,13.269,0,Metinic
23576,2021-07-06T08:31:07Z,13.076,0,Metinic
23577,2021-07-06T08:36:07Z,12.98,0,Metinic
23578,2021-07-06T08:41:07Z,13.076,0,Metinic
23579,2021-07-06T08:46:07Z,13.173,0,Metinic
23580,2021-07-06T08:51:07Z,13.365000000000002,0,Metinic
23581,2021-07-06T08:56:07Z,13.365000000000002,0,Metinic
23582,2021-07-06T09:01:07Z,13.654,0,Metinic
23583,2021-07-06T09:06:07Z,13.654,0,Metinic
23584,2021-07-06T09:11:07Z,13.75,0,Metinic
23585,2021-07-06T09:16:07Z,13.846,0,Metinic
23586,2021-07-06T09:21:07Z,13.846,0,Metinic
23587,2021-07-06T09:26:07Z,13.942,13,Metinic
23588,2021-07-06T09:31:07Z,13.942,0,Metinic
23589,2021-07-06T09:36:07Z,13.942,11,Metinic
23590,2021-07-06T09:41:07Z,13.942,6,Metinic
23591,2021-07-06T09:46:07Z,13.942,7,Metinic
23592,2021-07-06T09:51:07Z,14.037999999999998,24,Metinic
23593,2021-07-06T09:56:07Z,14.037999999999998,3,Metinic
23594,2021-07-06T10:01:07Z,14.133999999999999,20,Metinic
23595,2021-07-06T10:06:07Z,14.133999999999999,7,Metinic
23596,2021-07-06T10:11:07Z,14.133999999999999,17,Metinic
23597,2021-07-06T10:16:07Z,14.133999999999999,1,Metinic
23598,2021-07-06T10:21:07Z,14.133999999999999,55,Metinic
23599,2021-07-06T10:26:07Z,14.133999999999999,0,Metinic
23600,2021-07-06T10:31:07Z,14.133999999999999,0,Metinic
23601,2021-07-06T10:36:07Z,13.75,26,Metinic
23602,2021-07-06T10:41:07Z,13.173,47,Metinic
23603,2021-07-06T10:46:07Z,12.98,33,Metinic
23604,2021-07-06T10:51:07Z,12.883000000000001,75,Metinic
23605,2021-07-06T10:56:07Z,12.883000000000001,8,Metinic
23606,2021-07-06T11:01:07Z,12.786999999999999,90,Metinic
23607,2021-07-06T11:06:07Z,12.786999999999999,5,Metinic
23608,2021-07-06T11:11:07Z,12.786999999999999,3,Metinic
23609,2021-07-06T11:16:07Z,12.69,1,Metinic
23610,2021-07-06T11:21:07Z,12.69,55,Metinic
23611,2021-07-06T11:26:07Z,12.69,83,Metinic
23612,2021-07-06T11:31:07Z,12.69,9,Metinic
23613,2021-07-06T11:36:07Z,12.69,62,Metinic
23614,2021-07-06T11:41:07Z,12.69,100,Metinic
23615,2021-07-06T11:46:07Z,12.69,4,Metinic
23616,2021-07-06T11:51:07Z,12.69,19,Metinic
23617,2021-07-06T11:56:07Z,12.69,112,Metinic
23618,2021-07-06T12:01:07Z,12.69,144,Metinic
23619,2021-07-06T12:06:07Z,12.69,176,Metinic
23620,2021-07-06T12:11:07Z,12.69,50,Metinic
23621,2021-07-06T12:16:07Z,12.69,128,Metinic
23622,2021-07-06T12:21:07Z,12.786999999999999,272,Metinic
23623,2021-07-06T12:26:07Z,12.69,27,Metinic
23624,2021-07-06T12:31:07Z,12.69,152,Metinic
23625,2021-07-06T12:36:07Z,12.69,35,Metinic
23626,2021-07-06T12:41:07Z,12.786999999999999,5,Metinic
23627,2021-07-06T12:46:07Z,12.69,78,Metinic
23628,2021-07-06T12:51:07Z,12.786999999999999,31,Metinic
23629,2021-07-06T12:56:07Z,12.786999999999999,7,Metinic
23630,2021-07-06T13:01:07Z,12.786999999999999,26,Metinic
23631,2021-07-06T13:06:07Z,12.883000000000001,128,Metinic
23632,2021-07-06T13:11:07Z,12.786999999999999,288,Metinic
23633,2021-07-06T13:16:07Z,12.883000000000001,21,Metinic
23634,2021-07-06T13:21:07Z,12.786999999999999,11,Metinic
23635,2021-07-06T13:26:07Z,12.883000000000001,16,Metinic
23636,2021-07-06T13:31:07Z,12.883000000000001,20,Metinic
23637,2021-07-06T13:36:07Z,12.98,46,Metinic
23638,2021-07-06T13:41:07Z,12.98,24,Metinic
23639,2021-07-06T13:46:07Z,12.98,34,Metinic
23640,2021-07-06T13:51:07Z,12.98,34,Metinic
23641,2021-07-06T13:56:07Z,12.98,39,Metinic
23642,2021-07-06T14:01:07Z,12.98,40,Metinic
23643,2021-07-06T14:06:07Z,13.076,41,Metinic
23644,2021-07-06T14:11:07Z,13.076,59,Metinic
23645,2021-07-06T14:16:07Z,13.076,20,Metinic
23646,2021-07-06T14:21:07Z,13.076,42,Metinic
23647,2021-07-06T14:26:07Z,13.076,42,Metinic
23648,2021-07-06T14:31:07Z,13.076,33,Metinic
23649,2021-07-06T14:36:07Z,13.173,32,Metinic
23650,2021-07-06T14:41:07Z,13.173,27,Metinic
23651,2021-07-06T14:46:07Z,13.076,30,Metinic
23652,2021-07-06T14:51:07Z,13.173,67,Metinic
23653,2021-07-06T14:56:07Z,13.173,37,Metinic
23654,2021-07-06T15:01:07Z,13.173,62,Metinic
23655,2021-07-06T15:06:07Z,13.173,4,Metinic
23656,2021-07-06T15:11:07Z,13.269,76,Metinic
23657,2021-07-06T15:16:07Z,13.076,44,Metinic
23658,2021-07-06T15:21:07Z,13.269,52,Metinic
23659,2021-07-06T15:26:07Z,13.076,27,Metinic
23660,2021-07-06T15:31:07Z,13.076,32,Metinic
23661,2021-07-06T15:36:07Z,13.076,17,Metinic
23662,2021-07-06T15:41:07Z,13.076,40,Metinic
23663,2021-07-06T15:46:07Z,13.076,64,Metinic
23664,2021-07-06T15:51:07Z,13.076,48,Metinic
23665,2021-07-06T15:56:07Z,12.98,9,Metinic
23666,2021-07-06T16:01:07Z,12.98,38,Metinic
23667,2021-07-06T16:06:07Z,12.98,27,Metinic
23668,2021-07-06T16:11:07Z,12.883000000000001,6,Metinic
23669,2021-07-06T16:16:07Z,12.883000000000001,11,Metinic
23670,2021-07-06T16:21:07Z,12.98,22,Metinic
23671,2021-07-06T16:26:07Z,12.883000000000001,19,Metinic
23672,2021-07-06T16:31:07Z,12.883000000000001,18,Metinic
23673,2021-07-06T16:36:07Z,12.883000000000001,20,Metinic
23674,2021-07-06T16:41:07Z,12.98,28,Metinic
23675,2021-07-06T16:46:07Z,12.883000000000001,22,Metinic
23676,2021-07-06T16:51:07Z,12.98,34,Metinic
23677,2021-07-06T16:56:07Z,12.883000000000001,30,Metinic
23678,2021-07-06T17:01:07Z,12.98,53,Metinic
23679,2021-07-06T17:06:07Z,12.98,51,Metinic
23680,2021-07-06T17:11:07Z,12.883000000000001,32,Metinic
23681,2021-07-06T17:16:07Z,12.883000000000001,17,Metinic
23682,2021-07-06T17:21:07Z,12.883000000000001,2,Metinic
23683,2021-07-06T17:26:07Z,12.883000000000001,28,Metinic
23684,2021-07-06T17:31:07Z,12.98,26,Metinic
23685,2021-07-06T17:36:07Z,12.883000000000001,19,Metinic
23686,2021-07-06T17:41:07Z,12.883000000000001,22,Metinic
23687,2021-07-06T17:46:07Z,12.883000000000001,6,Metinic
23688,2021-07-06T17:51:07Z,13.076,15,Metinic
23689,2021-07-06T17:56:07Z,12.98,67,Metinic
23690,2021-07-06T18:01:07Z,12.98,43,Metinic
23691,2021-07-06T18:06:07Z,12.98,17,Metinic
23692,2021-07-06T18:11:07Z,12.98,26,Metinic
23693,2021-07-06T18:16:07Z,13.076,20,Metinic
23694,2021-07-06T18:21:07Z,12.98,0,Metinic
23695,2021-07-06T18:26:07Z,13.076,15,Metinic
23696,2021-07-06T18:31:07Z,13.269,41,Metinic
23697,2021-07-06T18:36:07Z,13.558,45,Metinic
23698,2021-07-06T18:41:07Z,13.558,36,Metinic
23699,2021-07-06T18:46:07Z,13.75,14,Metinic
23700,2021-07-06T18:51:07Z,13.75,36,Metinic
23701,2021-07-06T18:56:07Z,13.654,28,Metinic
23702,2021-07-06T19:01:07Z,13.75,24,Metinic
23703,2021-07-06T19:06:07Z,13.846,2,Metinic
23704,2021-07-06T19:11:07Z,13.846,49,Metinic
23705,2021-07-06T19:16:07Z,13.942,3,Metinic
23706,2021-07-06T19:21:07Z,13.846,28,Metinic
23707,2021-07-06T19:26:07Z,13.942,48,Metinic
23708,2021-07-06T19:31:07Z,13.942,34,Metinic
23709,2021-07-06T19:36:07Z,13.942,41,Metinic
23710,2021-07-06T19:41:07Z,13.846,74,Metinic
23711,2021-07-06T19:46:07Z,13.654,19,Metinic
23712,2021-07-06T19:51:07Z,13.365000000000002,63,Metinic
23713,2021-07-06T19:56:07Z,13.269,21,Metinic
23714,2021-07-06T20:01:07Z,13.173,59,Metinic
23715,2021-07-06T20:06:07Z,12.98,62,Metinic
23716,2021-07-06T20:11:07Z,12.883000000000001,56,Metinic
23717,2021-07-06T20:16:07Z,12.883000000000001,4,Metinic
23718,2021-07-06T20:21:07Z,12.69,11,Metinic
23719,2021-07-06T20:26:07Z,12.69,51,Metinic
23720,2021-07-06T20:31:07Z,12.594,32,Metinic
23721,2021-07-06T20:36:07Z,12.497,28,Metinic
23722,2021-07-06T20:41:07Z,12.497,19,Metinic
23723,2021-07-06T20:46:07Z,12.497,31,Metinic
23724,2021-07-06T20:51:07Z,12.497,19,Metinic
23725,2021-07-06T20:56:07Z,12.401,24,Metinic
23726,2021-07-06T21:01:07Z,12.401,35,Metinic
23727,2021-07-06T21:06:07Z,12.401,36,Metinic
23728,2021-07-06T21:11:07Z,12.401,3,Metinic
23729,2021-07-06T21:16:07Z,12.401,48,Metinic
23730,2021-07-06T21:21:07Z,12.304,10,Metinic
23731,2021-07-06T21:26:07Z,12.401,54,Metinic
23732,2021-07-06T21:31:07Z,12.401,8,Metinic
23733,2021-07-06T21:36:07Z,12.401,20,Metinic
23734,2021-07-06T21:41:07Z,12.304,49,Metinic
23735,2021-07-06T21:46:07Z,12.401,5,Metinic
23736,2021-07-06T21:51:07Z,12.401,32,Metinic
23737,2021-07-06T21:56:07Z,12.497,10,Metinic
23738,2021-07-06T22:01:07Z,12.497,20,Metinic
23739,2021-07-06T22:06:07Z,12.497,103,Metinic
23740,2021-07-06T22:11:07Z,12.497,5,Metinic
23741,2021-07-06T22:16:07Z,12.497,1,Metinic
23742,2021-07-06T22:21:07Z,12.594,23,Metinic
23743,2021-07-06T22:26:07Z,12.69,8,Metinic
23744,2021-07-06T22:31:07Z,12.883000000000001,8,Metinic
23745,2021-07-06T22:36:07Z,13.076,2,Metinic
23746,2021-07-06T22:41:07Z,13.269,1,Metinic
23747,2021-07-06T22:46:07Z,13.365000000000002,3,Metinic
23748,2021-07-06T22:51:07Z,13.365000000000002,1,Metinic
23749,2021-07-06T22:56:07Z,13.461,13,Metinic
23750,2021-07-06T23:01:07Z,13.461,56,Metinic
23751,2021-07-06T23:06:07Z,13.461,0,Metinic
23752,2021-07-06T23:11:07Z,13.558,1,Metinic
23753,2021-07-06T23:16:07Z,13.558,19,Metinic
23754,2021-07-06T23:21:07Z,13.558,0,Metinic
23755,2021-07-06T23:26:07Z,13.558,26,Metinic
23756,2021-07-06T23:31:07Z,13.558,0,Metinic
23757,2021-07-06T23:36:07Z,13.654,0,Metinic
23758,2021-07-06T23:41:07Z,13.654,0,Metinic
23759,2021-07-06T23:46:07Z,13.558,10,Metinic
23760,2021-07-06T23:51:07Z,13.558,14,Metinic
23761,2021-07-06T23:56:07Z,13.461,11,Metinic
23762,2021-07-07T00:01:07Z,13.461,0,Metinic
23763,2021-07-07T00:06:07Z,13.461,0,Metinic
23764,2021-07-07T00:11:07Z,13.461,0,Metinic
23765,2021-07-07T00:16:07Z,13.461,0,Metinic
23766,2021-07-07T00:21:07Z,13.461,0,Metinic
23767,2021-07-07T00:26:07Z,13.461,0,Metinic
23768,2021-07-07T00:31:07Z,13.365000000000002,0,Metinic
23769,2021-07-07T00:36:07Z,13.461,0,Metinic
23770,2021-07-07T00:41:07Z,13.558,0,Metinic
23771,2021-07-07T00:46:07Z,13.558,0,Metinic
23772,2021-07-07T00:51:07Z,13.558,0,Metinic
23773,2021-07-07T00:56:07Z,13.75,0,Metinic
23774,2021-07-07T01:01:07Z,13.75,0,Metinic
23775,2021-07-07T01:06:07Z,13.846,0,Metinic
23776,2021-07-07T01:11:07Z,13.942,0,Metinic
23777,2021-07-07T01:16:07Z,13.942,0,Metinic
23778,2021-07-07T01:21:07Z,13.942,0,Metinic
23779,2021-07-07T01:26:07Z,14.037999999999998,0,Metinic
23780,2021-07-07T01:31:07Z,14.037999999999998,0,Metinic
23781,2021-07-07T01:36:07Z,14.037999999999998,0,Metinic
23782,2021-07-07T01:41:07Z,14.133999999999999,0,Metinic
23783,2021-07-07T01:46:07Z,14.133999999999999,0,Metinic
23784,2021-07-07T01:51:07Z,13.942,0,Metinic
23785,2021-07-07T01:56:07Z,13.846,0,Metinic
23786,2021-07-07T02:01:07Z,13.654,0,Metinic
23787,2021-07-07T02:06:07Z,13.558,0,Metinic
23788,2021-07-07T02:11:07Z,13.461,0,Metinic
23789,2021-07-07T02:16:07Z,13.461,0,Metinic
23790,2021-07-07T02:21:07Z,13.461,0,Metinic
23791,2021-07-07T02:26:07Z,13.461,0,Metinic
23792,2021-07-07T02:31:07Z,13.365000000000002,0,Metinic
23793,2021-07-07T02:36:07Z,13.269,0,Metinic
23794,2021-07-07T02:41:07Z,13.269,0,Metinic
23795,2021-07-07T02:46:07Z,13.269,0,Metinic
23796,2021-07-07T02:51:07Z,13.269,0,Metinic
23797,2021-07-07T02:56:07Z,13.269,0,Metinic
23798,2021-07-07T03:01:07Z,13.269,0,Metinic
23799,2021-07-07T03:06:07Z,13.269,0,Metinic
23800,2021-07-07T03:11:07Z,13.269,0,Metinic
23801,2021-07-07T03:16:07Z,13.269,0,Metinic
23802,2021-07-07T03:21:07Z,13.365000000000002,0,Metinic
23803,2021-07-07T03:26:07Z,13.365000000000002,0,Metinic
23804,2021-07-07T03:31:07Z,13.365000000000002,0,Metinic
23805,2021-07-07T03:36:07Z,13.365000000000002,0,Metinic
23806,2021-07-07T03:41:07Z,13.365000000000002,0,Metinic
23807,2021-07-07T03:46:07Z,13.461,0,Metinic
23808,2021-07-07T03:51:07Z,13.461,0,Metinic
23809,2021-07-07T03:56:07Z,13.461,0,Metinic
23810,2021-07-07T04:01:07Z,13.461,0,Metinic
23811,2021-07-07T04:06:07Z,13.365000000000002,0,Metinic
23812,2021-07-07T04:11:07Z,13.365000000000002,0,Metinic
23813,2021-07-07T04:16:07Z,13.365000000000002,0,Metinic
23814,2021-07-07T04:21:07Z,13.365000000000002,0,Metinic
23815,2021-07-07T04:26:07Z,13.365000000000002,0,Metinic
23816,2021-07-07T04:31:07Z,13.461,0,Metinic
23817,2021-07-07T04:36:07Z,13.461,0,Metinic
23818,2021-07-07T04:41:07Z,13.461,0,Metinic
23819,2021-07-07T04:46:07Z,13.461,0,Metinic
23820,2021-07-07T04:51:07Z,13.558,0,Metinic
23821,2021-07-07T04:56:07Z,13.558,0,Metinic
23822,2021-07-07T05:01:07Z,13.654,0,Metinic
23823,2021-07-07T05:06:07Z,13.654,0,Metinic
23824,2021-07-07T05:11:07Z,13.75,0,Metinic
23825,2021-07-07T05:16:07Z,13.846,0,Metinic
23826,2021-07-07T05:21:07Z,13.846,0,Metinic
23827,2021-07-07T05:26:07Z,13.75,0,Metinic
23828,2021-07-07T05:31:07Z,13.846,0,Metinic
23829,2021-07-07T05:36:07Z,13.846,0,Metinic
23830,2021-07-07T05:41:07Z,13.942,0,Metinic
23831,2021-07-07T05:46:07Z,13.942,0,Metinic
23832,2021-07-07T05:51:07Z,13.942,0,Metinic
23833,2021-07-07T05:56:07Z,13.942,0,Metinic
23834,2021-07-07T06:01:07Z,13.942,0,Metinic
23835,2021-07-07T06:06:07Z,14.037999999999998,0,Metinic
23836,2021-07-07T06:11:07Z,13.942,0,Metinic
23837,2021-07-07T06:16:07Z,13.942,0,Metinic
23838,2021-07-07T06:21:07Z,13.846,0,Metinic
23839,2021-07-07T06:26:07Z,13.846,0,Metinic
23840,2021-07-07T06:31:07Z,13.846,0,Metinic
23841,2021-07-07T06:36:07Z,13.846,0,Metinic
23842,2021-07-07T06:41:07Z,13.846,0,Metinic
23843,2021-07-07T06:46:07Z,13.75,0,Metinic
23844,2021-07-07T06:51:07Z,13.558,0,Metinic
23845,2021-07-07T06:56:07Z,13.461,0,Metinic
23846,2021-07-07T07:01:07Z,13.365000000000002,0,Metinic
23847,2021-07-07T07:06:07Z,13.269,0,Metinic
23848,2021-07-07T07:11:07Z,13.173,0,Metinic
23849,2021-07-07T07:16:07Z,12.98,0,Metinic
23850,2021-07-07T07:21:07Z,12.883000000000001,0,Metinic
23851,2021-07-07T07:26:07Z,12.69,0,Metinic
23852,2021-07-07T07:31:07Z,12.594,0,Metinic
23853,2021-07-07T07:36:07Z,12.786999999999999,0,Metinic
23854,2021-07-07T07:41:07Z,12.883000000000001,0,Metinic
23855,2021-07-07T07:46:07Z,13.076,0,Metinic
23856,2021-07-07T07:51:07Z,13.269,0,Metinic
23857,2021-07-07T07:56:07Z,13.461,0,Metinic
23858,2021-07-07T08:01:07Z,13.558,0,Metinic
23859,2021-07-07T08:06:07Z,13.75,0,Metinic
23860,2021-07-07T08:11:07Z,13.846,0,Metinic
23861,2021-07-07T08:16:07Z,13.846,0,Metinic
23862,2021-07-07T08:21:07Z,13.942,0,Metinic
23863,2021-07-07T08:26:07Z,13.942,0,Metinic
23864,2021-07-07T08:31:07Z,13.846,0,Metinic
23865,2021-07-07T08:36:07Z,13.558,0,Metinic
23866,2021-07-07T08:41:07Z,13.461,0,Metinic
23867,2021-07-07T08:46:07Z,13.461,0,Metinic
23868,2021-07-07T08:51:07Z,13.365000000000002,0,Metinic
23869,2021-07-07T08:56:07Z,13.365000000000002,0,Metinic
23870,2021-07-07T09:01:07Z,13.558,0,Metinic
23871,2021-07-07T09:06:07Z,13.558,0,Metinic
23872,2021-07-07T09:11:07Z,13.75,0,Metinic
23873,2021-07-07T09:16:07Z,13.654,0,Metinic
23874,2021-07-07T09:21:07Z,13.75,1,Metinic
23875,2021-07-07T09:26:07Z,13.75,0,Metinic
23876,2021-07-07T09:31:07Z,13.846,0,Metinic
23877,2021-07-07T09:36:07Z,13.942,10,Metinic
23878,2021-07-07T09:41:07Z,13.942,35,Metinic
23879,2021-07-07T09:46:07Z,14.037999999999998,21,Metinic
23880,2021-07-07T09:51:07Z,14.037999999999998,6,Metinic
23881,2021-07-07T09:56:07Z,14.037999999999998,51,Metinic
23882,2021-07-07T10:01:07Z,14.133999999999999,0,Metinic
23883,2021-07-07T10:06:07Z,14.133999999999999,6,Metinic
23884,2021-07-07T10:11:07Z,14.133999999999999,4,Metinic
23885,2021-07-07T10:16:07Z,14.229999999999999,3,Metinic
23886,2021-07-07T10:21:07Z,14.229999999999999,105,Metinic
23887,2021-07-07T10:26:07Z,14.229999999999999,101,Metinic
23888,2021-07-07T10:31:07Z,14.133999999999999,11,Metinic
23889,2021-07-07T10:36:07Z,14.037999999999998,1,Metinic
23890,2021-07-07T10:41:07Z,13.846,8,Metinic
23891,2021-07-07T10:46:07Z,13.654,95,Metinic
23892,2021-07-07T10:51:07Z,13.558,70,Metinic
23893,2021-07-07T10:56:07Z,13.558,12,Metinic
23894,2021-07-07T11:01:07Z,13.558,9,Metinic
23895,2021-07-07T11:06:07Z,13.654,24,Metinic
23896,2021-07-07T11:11:07Z,13.365000000000002,77,Metinic
23897,2021-07-07T11:16:07Z,13.076,2,Metinic
23898,2021-07-07T11:21:07Z,12.69,16,Metinic
23899,2021-07-07T11:26:07Z,12.69,15,Metinic
23900,2021-07-07T11:31:07Z,12.594,200,Metinic
23901,2021-07-07T11:36:07Z,12.497,12,Metinic
23902,2021-07-07T11:41:07Z,12.497,43,Metinic
23903,2021-07-07T11:46:07Z,12.497,71,Metinic
23904,2021-07-07T11:51:07Z,12.497,16,Metinic
23905,2021-07-07T11:56:07Z,12.497,256,Metinic
23906,2021-07-07T12:01:07Z,12.497,6,Metinic
23907,2021-07-07T12:06:07Z,12.497,17,Metinic
23908,2021-07-07T12:11:07Z,12.594,20,Metinic
23909,2021-07-07T12:16:07Z,12.594,0,Metinic
23910,2021-07-07T12:21:07Z,12.497,256,Metinic
23911,2021-07-07T12:26:07Z,12.497,176,Metinic
23912,2021-07-07T12:31:07Z,12.497,12,Metinic
23913,2021-07-07T12:36:07Z,12.497,15,Metinic
23914,2021-07-07T12:41:07Z,12.497,85,Metinic
23915,2021-07-07T12:46:07Z,12.497,336,Metinic
23916,2021-07-07T12:51:07Z,12.497,15,Metinic
23917,2021-07-07T12:56:07Z,12.497,10,Metinic
23918,2021-07-07T13:01:07Z,12.401,23,Metinic
23919,2021-07-07T13:06:07Z,12.497,59,Metinic
23920,2021-07-07T13:11:07Z,12.497,57,Metinic
23921,2021-07-07T13:16:07Z,12.497,0,Metinic
23922,2021-07-07T13:21:07Z,12.883000000000001,88,Metinic
23923,2021-07-07T13:26:07Z,12.786999999999999,496,Metinic
23924,2021-07-07T13:31:07Z,12.883000000000001,224,Metinic
23925,2021-07-07T13:36:07Z,12.98,5,Metinic
23926,2021-07-07T13:41:07Z,12.98,320,Metinic
23927,2021-07-07T13:46:07Z,12.883000000000001,56,Metinic
23928,2021-07-07T13:51:07Z,13.076,25,Metinic
23929,2021-07-07T13:56:07Z,13.173,400,Metinic
23930,2021-07-07T14:01:07Z,13.269,108,Metinic
23931,2021-07-07T14:06:07Z,13.269,5,Metinic
23932,2021-07-07T14:11:07Z,13.269,136,Metinic
23933,2021-07-07T14:16:07Z,13.365000000000002,117,Metinic
23934,2021-07-07T14:21:07Z,13.461,480,Metinic
23935,2021-07-07T14:26:07Z,13.558,120,Metinic
23936,2021-07-07T14:31:07Z,13.654,12,Metinic
23937,2021-07-07T14:36:07Z,13.654,51,Metinic
23938,2021-07-07T14:41:07Z,13.654,192,Metinic
23939,2021-07-07T14:46:07Z,13.654,42,Metinic
23940,2021-07-07T14:51:07Z,13.75,10,Metinic
23941,2021-07-07T14:56:07Z,13.654,512,Metinic
23942,2021-07-07T15:01:07Z,13.558,400,Metinic
23943,2021-07-07T15:06:07Z,13.654,48,Metinic
23944,2021-07-07T15:11:07Z,13.654,992,Metinic
23945,2021-07-07T15:16:07Z,13.75,18,Metinic
23946,2021-07-07T15:21:07Z,13.558,76,Metinic
23947,2021-07-07T15:26:07Z,13.654,52,Metinic
23948,2021-07-07T15:31:07Z,13.558,7,Metinic
23949,2021-07-07T15:36:07Z,13.558,800,Metinic
23950,2021-07-07T15:41:07Z,13.654,37,Metinic
23951,2021-07-07T15:46:07Z,13.558,608,Metinic
23952,2021-07-07T15:51:07Z,13.461,53,Metinic
23953,2021-07-07T15:56:07Z,13.558,896,Metinic
23954,2021-07-07T16:01:07Z,13.558,144,Metinic
23955,2021-07-07T16:06:07Z,13.654,30,Metinic
23956,2021-07-07T16:11:07Z,13.654,24,Metinic
23957,2021-07-07T16:16:07Z,13.654,8,Metinic
23958,2021-07-07T16:21:07Z,13.558,192,Metinic
23959,2021-07-07T16:26:07Z,13.558,49,Metinic
23960,2021-07-07T16:31:07Z,13.558,25,Metinic
23961,2021-07-07T16:36:07Z,13.558,41,Metinic
23962,2021-07-07T16:41:07Z,13.558,78,Metinic
23963,2021-07-07T16:46:07Z,13.365000000000002,448,Metinic
23964,2021-07-07T16:51:07Z,13.365000000000002,46,Metinic
23965,2021-07-07T16:56:07Z,13.269,800,Metinic
23966,2021-07-07T17:01:07Z,13.269,18,Metinic
23967,2021-07-07T17:06:07Z,13.269,608,Metinic
23968,2021-07-07T17:11:07Z,13.365000000000002,304,Metinic
23969,2021-07-07T17:16:07Z,13.269,66,Metinic
23970,2021-07-07T17:21:07Z,13.173,59,Metinic
23971,2021-07-07T17:26:07Z,13.173,18,Metinic
23972,2021-07-07T17:31:07Z,13.173,48,Metinic
23973,2021-07-07T17:36:07Z,13.173,144,Metinic
23974,2021-07-07T17:41:07Z,13.173,176,Metinic
23975,2021-07-07T17:46:07Z,13.173,8,Metinic
23976,2021-07-07T17:51:07Z,13.269,32,Metinic
23977,2021-07-07T17:56:07Z,13.461,1536,Metinic
23978,2021-07-07T18:01:07Z,13.365000000000002,160,Metinic
23979,2021-07-07T18:06:07Z,13.365000000000002,25,Metinic
23980,2021-07-07T18:11:07Z,13.365000000000002,3,Metinic
23981,2021-07-07T18:16:07Z,13.558,896,Metinic
23982,2021-07-07T18:21:07Z,13.654,41,Metinic
23983,2021-07-07T18:26:07Z,13.75,864,Metinic
23984,2021-07-07T18:31:07Z,13.654,90,Metinic
23985,2021-07-07T18:36:07Z,13.75,200,Metinic
23986,2021-07-07T18:41:07Z,13.846,8,Metinic
23987,2021-07-07T18:46:07Z,13.75,152,Metinic
23988,2021-07-07T18:51:07Z,13.846,13,Metinic
23989,2021-07-07T18:56:07Z,13.942,4,Metinic
23990,2021-07-07T19:01:07Z,13.942,42,Metinic
23991,2021-07-07T19:06:07Z,13.942,39,Metinic
23992,2021-07-07T19:11:07Z,14.037999999999998,9,Metinic
23993,2021-07-07T19:16:07Z,13.942,320,Metinic
23994,2021-07-07T19:21:07Z,14.037999999999998,44,Metinic
23995,2021-07-07T19:26:07Z,14.229999999999999,18,Metinic
23996,2021-07-07T19:31:07Z,14.325000000000001,496,Metinic
23997,2021-07-07T19:36:07Z,14.325000000000001,99,Metinic
23998,2021-07-07T19:41:07Z,14.229999999999999,7,Metinic
23999,2021-07-07T19:46:07Z,13.942,3,Metinic
24000,2021-07-07T19:51:07Z,13.654,224,Metinic
24001,2021-07-07T19:56:07Z,13.558,2,Metinic
24002,2021-07-07T20:01:07Z,13.558,256,Metinic
24003,2021-07-07T20:06:07Z,13.654,13,Metinic
24004,2021-07-07T20:11:07Z,13.75,117,Metinic
24005,2021-07-07T20:16:07Z,13.75,31,Metinic
24006,2021-07-07T20:21:07Z,13.846,24,Metinic
24007,2021-07-07T20:26:07Z,13.942,336,Metinic
24008,2021-07-07T20:31:07Z,13.846,2,Metinic
24009,2021-07-07T20:36:07Z,14.037999999999998,256,Metinic
24010,2021-07-07T20:41:07Z,14.037999999999998,64,Metinic
24011,2021-07-07T20:46:07Z,14.037999999999998,24,Metinic
24012,2021-07-07T20:51:07Z,14.037999999999998,57,Metinic
24013,2021-07-07T20:56:07Z,14.037999999999998,117,Metinic
24014,2021-07-07T21:01:07Z,14.133999999999999,84,Metinic
24015,2021-07-07T21:06:07Z,14.133999999999999,14,Metinic
24016,2021-07-07T21:11:07Z,14.229999999999999,248,Metinic
24017,2021-07-07T21:16:07Z,14.229999999999999,113,Metinic
24018,2021-07-07T21:21:07Z,14.325000000000001,103,Metinic
24019,2021-07-07T21:26:07Z,14.421,6,Metinic
24020,2021-07-07T21:31:07Z,14.421,11,Metinic
24021,2021-07-07T21:36:07Z,14.325000000000001,1,Metinic
24022,2021-07-07T21:41:07Z,14.229999999999999,30,Metinic
24023,2021-07-07T21:46:07Z,14.133999999999999,36,Metinic
24024,2021-07-07T21:51:07Z,14.037999999999998,6,Metinic
24025,2021-07-07T21:56:07Z,14.037999999999998,52,Metinic
24026,2021-07-07T22:01:07Z,14.037999999999998,176,Metinic
24027,2021-07-07T22:06:07Z,14.133999999999999,39,Metinic
24028,2021-07-07T22:11:07Z,14.037999999999998,6,Metinic
24029,2021-07-07T22:16:07Z,14.133999999999999,45,Metinic
24030,2021-07-07T22:21:07Z,14.229999999999999,17,Metinic
24031,2021-07-07T22:26:07Z,14.133999999999999,78,Metinic
24032,2021-07-07T22:31:07Z,14.133999999999999,5,Metinic
24033,2021-07-07T22:36:07Z,14.133999999999999,2,Metinic
24034,2021-07-07T22:41:07Z,14.133999999999999,0,Metinic
24035,2021-07-07T22:46:07Z,14.133999999999999,2,Metinic
24036,2021-07-07T22:51:07Z,14.133999999999999,0,Metinic
24037,2021-07-07T22:56:07Z,14.133999999999999,0,Metinic
24038,2021-07-07T23:01:07Z,14.133999999999999,0,Metinic
24039,2021-07-07T23:06:07Z,14.037999999999998,1,Metinic
24040,2021-07-07T23:11:07Z,14.037999999999998,1,Metinic
24041,2021-07-07T23:16:07Z,14.037999999999998,0,Metinic
24042,2021-07-07T23:21:07Z,14.037999999999998,4,Metinic
24043,2021-07-07T23:26:07Z,14.133999999999999,7,Metinic
24044,2021-07-07T23:31:07Z,14.133999999999999,17,Metinic
24045,2021-07-07T23:36:07Z,14.133999999999999,3,Metinic
24046,2021-07-07T23:41:07Z,14.133999999999999,0,Metinic
24047,2021-07-07T23:46:07Z,14.229999999999999,0,Metinic
24048,2021-07-07T23:51:07Z,14.133999999999999,0,Metinic
24049,2021-07-07T23:56:07Z,14.133999999999999,0,Metinic
24050,2021-07-08T00:01:07Z,14.133999999999999,0,Metinic
24051,2021-07-08T00:06:07Z,13.942,0,Metinic
24052,2021-07-08T00:11:07Z,13.942,1,Metinic
24053,2021-07-08T00:16:07Z,13.942,0,Metinic
24054,2021-07-08T00:21:07Z,14.037999999999998,0,Metinic
24055,2021-07-08T00:26:07Z,13.942,0,Metinic
24056,2021-07-08T00:31:07Z,13.942,0,Metinic
24057,2021-07-08T00:36:07Z,13.846,0,Metinic
24058,2021-07-08T00:41:07Z,13.942,0,Metinic
24059,2021-07-08T00:46:07Z,13.942,0,Metinic
24060,2021-07-08T00:51:07Z,13.942,0,Metinic
24061,2021-07-08T00:56:07Z,13.846,0,Metinic
24062,2021-07-08T01:01:07Z,13.846,0,Metinic
24063,2021-07-08T01:06:07Z,13.942,0,Metinic
24064,2021-07-08T01:11:07Z,14.037999999999998,0,Metinic
24065,2021-07-08T01:16:07Z,14.133999999999999,0,Metinic
24066,2021-07-08T01:21:07Z,14.037999999999998,0,Metinic
24067,2021-07-08T01:26:07Z,14.037999999999998,0,Metinic
24068,2021-07-08T01:31:07Z,14.037999999999998,0,Metinic
24069,2021-07-08T01:36:07Z,14.037999999999998,0,Metinic
24070,2021-07-08T01:41:07Z,14.037999999999998,0,Metinic
24071,2021-07-08T01:46:07Z,14.037999999999998,0,Metinic
24072,2021-07-08T01:51:07Z,14.037999999999998,0,Metinic
24073,2021-07-08T01:56:07Z,14.133999999999999,0,Metinic
24074,2021-07-08T02:01:07Z,14.133999999999999,0,Metinic
24075,2021-07-08T02:06:07Z,14.133999999999999,0,Metinic
24076,2021-07-08T02:11:07Z,14.133999999999999,0,Metinic
24077,2021-07-08T02:16:07Z,14.037999999999998,0,Metinic
24078,2021-07-08T02:21:07Z,14.037999999999998,0,Metinic
24079,2021-07-08T02:26:07Z,13.942,0,Metinic
24080,2021-07-08T02:31:07Z,13.942,0,Metinic
24081,2021-07-08T02:36:07Z,13.942,0,Metinic
24082,2021-07-08T02:41:07Z,13.942,0,Metinic
24083,2021-07-08T02:46:07Z,14.037999999999998,0,Metinic
24084,2021-07-08T02:51:07Z,14.037999999999998,0,Metinic
24085,2021-07-08T02:56:07Z,14.037999999999998,0,Metinic
24086,2021-07-08T03:01:07Z,13.942,0,Metinic
24087,2021-07-08T03:06:07Z,13.942,0,Metinic
24088,2021-07-08T03:11:07Z,13.846,0,Metinic
24089,2021-07-08T03:16:07Z,13.846,0,Metinic
24090,2021-07-08T03:21:07Z,13.75,0,Metinic
24091,2021-07-08T03:26:07Z,13.654,0,Metinic
24092,2021-07-08T03:31:07Z,13.558,0,Metinic
24093,2021-07-08T03:36:07Z,13.461,0,Metinic
24094,2021-07-08T03:41:07Z,13.365000000000002,0,Metinic
24095,2021-07-08T03:46:07Z,13.365000000000002,0,Metinic
24096,2021-07-08T03:51:07Z,13.365000000000002,0,Metinic
24097,2021-07-08T03:56:07Z,13.365000000000002,0,Metinic
24098,2021-07-08T04:01:07Z,13.365000000000002,0,Metinic
24099,2021-07-08T04:06:07Z,13.269,0,Metinic
24100,2021-07-08T04:11:07Z,13.269,0,Metinic
24101,2021-07-08T04:16:07Z,13.173,0,Metinic
24102,2021-07-08T04:21:07Z,13.173,0,Metinic
24103,2021-07-08T04:26:07Z,13.173,0,Metinic
24104,2021-07-08T04:31:07Z,13.173,0,Metinic
24105,2021-07-08T04:36:07Z,13.076,0,Metinic
24106,2021-07-08T04:41:07Z,13.076,0,Metinic
24107,2021-07-08T04:46:07Z,13.076,0,Metinic
24108,2021-07-08T04:51:07Z,13.076,0,Metinic
24109,2021-07-08T04:56:07Z,13.076,0,Metinic
24110,2021-07-08T05:01:07Z,13.173,0,Metinic
24111,2021-07-08T05:06:07Z,13.269,0,Metinic
24112,2021-07-08T05:11:07Z,13.269,0,Metinic
24113,2021-07-08T05:16:07Z,13.269,0,Metinic
24114,2021-07-08T05:21:07Z,13.365000000000002,0,Metinic
24115,2021-07-08T05:26:07Z,13.269,0,Metinic
24116,2021-07-08T05:31:07Z,13.365000000000002,0,Metinic
24117,2021-07-08T05:36:07Z,13.365000000000002,0,Metinic
24118,2021-07-08T05:41:07Z,13.365000000000002,0,Metinic
24119,2021-07-08T05:46:07Z,13.461,0,Metinic
24120,2021-07-08T05:51:07Z,13.461,0,Metinic
24121,2021-07-08T05:56:07Z,13.558,0,Metinic
24122,2021-07-08T06:01:07Z,13.558,0,Metinic
24123,2021-07-08T06:06:07Z,13.558,0,Metinic
24124,2021-07-08T06:11:07Z,13.558,0,Metinic
24125,2021-07-08T06:16:07Z,13.654,0,Metinic
24126,2021-07-08T06:21:07Z,13.654,0,Metinic
24127,2021-07-08T06:26:07Z,13.846,0,Metinic
24128,2021-07-08T06:31:07Z,13.942,0,Metinic
24129,2021-07-08T06:36:07Z,14.037999999999998,0,Metinic
24130,2021-07-08T06:41:07Z,14.037999999999998,0,Metinic
24131,2021-07-08T06:46:07Z,14.037999999999998,0,Metinic
24132,2021-07-08T06:51:07Z,14.037999999999998,0,Metinic
24133,2021-07-08T06:56:07Z,14.037999999999998,0,Metinic
24134,2021-07-08T07:01:07Z,14.133999999999999,0,Metinic
24135,2021-07-08T07:06:07Z,14.133999999999999,0,Metinic
24136,2021-07-08T07:11:07Z,14.229999999999999,0,Metinic
24137,2021-07-08T07:16:07Z,14.229999999999999,0,Metinic
24138,2021-07-08T07:21:07Z,14.229999999999999,0,Metinic
24139,2021-07-08T07:26:07Z,14.133999999999999,0,Metinic
24140,2021-07-08T07:31:07Z,14.037999999999998,0,Metinic
24141,2021-07-08T07:36:07Z,13.846,0,Metinic
24142,2021-07-08T07:41:07Z,13.75,0,Metinic
24143,2021-07-08T07:46:07Z,13.654,0,Metinic
24144,2021-07-08T07:51:07Z,13.461,0,Metinic
24145,2021-07-08T07:56:07Z,13.461,0,Metinic
24146,2021-07-08T08:01:07Z,13.365000000000002,0,Metinic
24147,2021-07-08T08:06:07Z,13.269,0,Metinic
24148,2021-07-08T08:11:07Z,13.173,0,Metinic
24149,2021-07-08T08:16:07Z,13.173,0,Metinic
24150,2021-07-08T08:21:07Z,13.076,0,Metinic
24151,2021-07-08T08:26:07Z,12.883000000000001,0,Metinic
24152,2021-07-08T08:31:07Z,12.786999999999999,0,Metinic
24153,2021-07-08T08:36:07Z,12.69,0,Metinic
24154,2021-07-08T08:41:07Z,12.69,0,Metinic
24155,2021-07-08T08:46:07Z,12.594,0,Metinic
24156,2021-07-08T08:51:07Z,12.497,0,Metinic
24157,2021-07-08T08:56:07Z,12.401,0,Metinic
24158,2021-07-08T09:01:07Z,12.401,0,Metinic
24159,2021-07-08T09:06:07Z,12.401,0,Metinic
24160,2021-07-08T09:11:07Z,12.401,0,Metinic
24161,2021-07-08T09:16:07Z,12.304,0,Metinic
24162,2021-07-08T09:21:07Z,12.401,0,Metinic
24163,2021-07-08T09:26:07Z,12.401,8,Metinic
24164,2021-07-08T09:31:07Z,12.401,1,Metinic
24165,2021-07-08T09:36:07Z,12.401,5,Metinic
24166,2021-07-08T09:41:07Z,12.304,0,Metinic
24167,2021-07-08T09:46:07Z,12.304,1,Metinic
24168,2021-07-08T09:51:07Z,12.401,0,Metinic
24169,2021-07-08T09:56:07Z,12.401,47,Metinic
24170,2021-07-08T10:01:07Z,12.401,37,Metinic
24171,2021-07-08T10:06:07Z,12.304,20,Metinic
24172,2021-07-08T10:11:07Z,12.304,50,Metinic
24173,2021-07-08T10:16:07Z,12.304,1,Metinic
24174,2021-07-08T10:21:07Z,12.206999999999999,8,Metinic
24175,2021-07-08T10:26:07Z,12.206999999999999,21,Metinic
24176,2021-07-08T10:31:07Z,12.206999999999999,3,Metinic
24177,2021-07-08T10:36:07Z,12.11,9,Metinic
24178,2021-07-08T10:41:07Z,12.11,0,Metinic
24179,2021-07-08T10:46:07Z,12.11,0,Metinic
24180,2021-07-08T10:51:07Z,12.11,29,Metinic
24181,2021-07-08T10:56:07Z,12.11,64,Metinic
24182,2021-07-08T11:01:07Z,12.206999999999999,119,Metinic
24183,2021-07-08T11:06:07Z,12.304,65,Metinic
24184,2021-07-08T11:11:07Z,12.401,2,Metinic
24185,2021-07-08T11:16:07Z,12.497,4,Metinic
24186,2021-07-08T11:21:07Z,12.594,3,Metinic
24187,2021-07-08T11:26:07Z,12.69,17,Metinic
24188,2021-07-08T11:31:07Z,12.883000000000001,6,Metinic
24189,2021-07-08T11:36:07Z,13.076,4,Metinic
24190,2021-07-08T11:41:07Z,13.076,40,Metinic
24191,2021-07-08T11:46:07Z,13.076,7,Metinic
24192,2021-07-08T11:51:07Z,12.883000000000001,5,Metinic
24193,2021-07-08T11:56:07Z,12.69,5,Metinic
24194,2021-07-08T12:01:07Z,12.594,3,Metinic
24195,2021-07-08T12:06:07Z,12.594,51,Metinic
24196,2021-07-08T12:11:07Z,12.594,118,Metinic
24197,2021-07-08T12:16:07Z,12.497,184,Metinic
24198,2021-07-08T12:21:07Z,12.497,28,Metinic
24199,2021-07-08T12:26:07Z,12.497,144,Metinic
24200,2021-07-08T12:31:07Z,12.497,1,Metinic
24201,2021-07-08T12:36:07Z,12.497,8,Metinic
24202,2021-07-08T12:41:07Z,12.594,30,Metinic
24203,2021-07-08T12:46:07Z,12.69,83,Metinic
24204,2021-07-08T12:51:07Z,12.883000000000001,3,Metinic
24205,2021-07-08T12:56:07Z,12.98,49,Metinic
24206,2021-07-08T13:01:07Z,12.98,41,Metinic
24207,2021-07-08T13:06:07Z,13.076,208,Metinic
24208,2021-07-08T13:11:07Z,13.173,111,Metinic
24209,2021-07-08T13:16:07Z,13.173,20,Metinic
24210,2021-07-08T13:21:07Z,13.173,37,Metinic
24211,2021-07-08T13:26:07Z,13.269,17,Metinic
24212,2021-07-08T13:31:07Z,13.365000000000002,74,Metinic
24213,2021-07-08T13:36:07Z,13.365000000000002,25,Metinic
24214,2021-07-08T13:41:07Z,13.365000000000002,4,Metinic
24215,2021-07-08T13:46:07Z,13.461,10,Metinic
24216,2021-07-08T13:51:07Z,13.558,12,Metinic
24217,2021-07-08T13:56:07Z,13.558,216,Metinic
24218,2021-07-08T14:01:07Z,13.654,116,Metinic
24219,2021-07-08T14:06:07Z,13.75,21,Metinic
24220,2021-07-08T14:11:07Z,13.846,34,Metinic
24221,2021-07-08T14:16:07Z,14.037999999999998,14,Metinic
24222,2021-07-08T14:21:07Z,14.133999999999999,480,Metinic
24223,2021-07-08T14:26:07Z,14.133999999999999,128,Metinic
24224,2021-07-08T14:31:07Z,14.133999999999999,22,Metinic
24225,2021-07-08T14:36:07Z,14.229999999999999,4,Metinic
24226,2021-07-08T14:41:07Z,14.325000000000001,176,Metinic
24227,2021-07-08T14:46:07Z,14.421,288,Metinic
24228,2021-07-08T14:51:07Z,14.421,10,Metinic
24229,2021-07-08T14:56:07Z,14.421,108,Metinic
24230,2021-07-08T15:01:07Z,14.325000000000001,288,Metinic
24231,2021-07-08T15:06:07Z,14.421,8,Metinic
24232,2021-07-08T15:11:07Z,14.421,110,Metinic
24233,2021-07-08T15:16:07Z,14.325000000000001,168,Metinic
24234,2021-07-08T15:21:07Z,14.325000000000001,352,Metinic
24235,2021-07-08T15:26:07Z,14.325000000000001,7,Metinic
24236,2021-07-08T15:31:07Z,14.325000000000001,99,Metinic
24237,2021-07-08T15:36:07Z,14.325000000000001,128,Metinic
24238,2021-07-08T15:41:07Z,14.325000000000001,208,Metinic
24239,2021-07-08T15:46:07Z,14.325000000000001,248,Metinic
24240,2021-07-08T15:51:07Z,14.325000000000001,10,Metinic
24241,2021-07-08T15:56:07Z,14.325000000000001,256,Metinic
24242,2021-07-08T16:01:07Z,14.325000000000001,88,Metinic
24243,2021-07-08T16:06:07Z,14.325000000000001,256,Metinic
24244,2021-07-08T16:11:07Z,14.325000000000001,120,Metinic
24245,2021-07-08T16:16:07Z,14.325000000000001,368,Metinic
24246,2021-07-08T16:21:07Z,14.421,320,Metinic
24247,2021-07-08T16:26:07Z,14.421,200,Metinic
24248,2021-07-08T16:31:07Z,14.421,74,Metinic
24249,2021-07-08T16:36:07Z,14.421,368,Metinic
24250,2021-07-08T16:41:07Z,14.421,400,Metinic
24251,2021-07-08T16:46:07Z,14.421,54,Metinic
24252,2021-07-08T16:51:07Z,14.421,352,Metinic
24253,2021-07-08T16:56:07Z,14.421,576,Metinic
24254,2021-07-08T17:01:07Z,14.421,464,Metinic
24255,2021-07-08T17:06:07Z,14.421,608,Metinic
24256,2021-07-08T17:11:07Z,14.517,54,Metinic
24257,2021-07-08T17:16:07Z,14.517,79,Metinic
24258,2021-07-08T17:21:07Z,14.421,9,Metinic
24259,2021-07-08T17:26:07Z,14.421,272,Metinic
24260,2021-07-08T17:31:07Z,14.421,6,Metinic
24261,2021-07-08T17:36:07Z,14.421,304,Metinic
24262,2021-07-08T17:41:07Z,14.421,18,Metinic
24263,2021-07-08T17:46:07Z,14.325000000000001,320,Metinic
24264,2021-07-08T17:51:07Z,14.325000000000001,192,Metinic
24265,2021-07-08T17:56:07Z,14.325000000000001,288,Metinic
24266,2021-07-08T18:01:07Z,14.325000000000001,17,Metinic
24267,2021-07-08T18:06:07Z,14.229999999999999,104,Metinic
24268,2021-07-08T18:11:07Z,14.229999999999999,105,Metinic
24269,2021-07-08T18:16:07Z,14.325000000000001,61,Metinic
24270,2021-07-08T18:21:07Z,14.229999999999999,14,Metinic
24271,2021-07-08T18:26:07Z,14.325000000000001,432,Metinic
24272,2021-07-08T18:31:07Z,14.325000000000001,224,Metinic
24273,2021-07-08T18:36:07Z,14.229999999999999,18,Metinic
24274,2021-07-08T18:41:07Z,14.229999999999999,30,Metinic
24275,2021-07-08T18:46:07Z,14.229999999999999,19,Metinic
24276,2021-07-08T18:51:07Z,14.229999999999999,1,Metinic
24277,2021-07-08T18:56:07Z,14.229999999999999,42,Metinic
24278,2021-07-08T19:01:07Z,14.229999999999999,11,Metinic
24279,2021-07-08T19:06:07Z,14.229999999999999,1,Metinic
24280,2021-07-08T19:11:07Z,14.229999999999999,90,Metinic
24281,2021-07-08T19:16:07Z,14.229999999999999,6,Metinic
24282,2021-07-08T19:21:07Z,14.325000000000001,7,Metinic
24283,2021-07-08T19:26:07Z,14.229999999999999,3,Metinic
24284,2021-07-08T19:31:07Z,14.229999999999999,38,Metinic
24285,2021-07-08T19:36:07Z,14.229999999999999,43,Metinic
24286,2021-07-08T19:41:07Z,14.229999999999999,98,Metinic
24287,2021-07-08T19:46:07Z,14.229999999999999,14,Metinic
24288,2021-07-08T19:51:07Z,14.229999999999999,168,Metinic
24289,2021-07-08T19:56:07Z,14.229999999999999,126,Metinic
24290,2021-07-08T20:01:07Z,14.229999999999999,25,Metinic
24291,2021-07-08T20:06:07Z,14.229999999999999,200,Metinic
24292,2021-07-08T20:11:07Z,14.229999999999999,30,Metinic
24293,2021-07-08T20:16:07Z,14.229999999999999,20,Metinic
24294,2021-07-08T20:21:07Z,14.037999999999998,1,Metinic
24295,2021-07-08T20:26:07Z,13.942,30,Metinic
24296,2021-07-08T20:31:07Z,13.942,40,Metinic
24297,2021-07-08T20:36:07Z,13.942,11,Metinic
24298,2021-07-08T20:41:07Z,13.846,232,Metinic
24299,2021-07-08T20:46:07Z,13.75,21,Metinic
24300,2021-07-08T20:51:07Z,13.75,184,Metinic
24301,2021-07-08T20:56:07Z,13.75,110,Metinic
24302,2021-07-08T21:01:07Z,13.654,6,Metinic
24303,2021-07-08T21:06:07Z,13.654,57,Metinic
24304,2021-07-08T21:11:07Z,13.558,216,Metinic
24305,2021-07-08T21:16:07Z,13.558,248,Metinic
24306,2021-07-08T21:21:07Z,13.558,10,Metinic
24307,2021-07-08T21:26:07Z,13.461,125,Metinic
24308,2021-07-08T21:31:07Z,13.558,8,Metinic
24309,2021-07-08T21:36:07Z,13.558,28,Metinic
24310,2021-07-08T21:41:07Z,13.461,105,Metinic
24311,2021-07-08T21:46:07Z,13.461,13,Metinic
24312,2021-07-08T21:51:07Z,13.461,14,Metinic
24313,2021-07-08T21:56:07Z,13.461,10,Metinic
24314,2021-07-08T22:01:07Z,13.461,0,Metinic
24315,2021-07-08T22:06:07Z,13.461,39,Metinic
24316,2021-07-08T22:11:07Z,13.461,2,Metinic
24317,2021-07-08T22:16:07Z,13.461,2,Metinic
24318,2021-07-08T22:21:07Z,13.461,0,Metinic
24319,2021-07-08T22:26:07Z,13.461,5,Metinic
24320,2021-07-08T22:31:07Z,13.461,23,Metinic
24321,2021-07-08T22:36:07Z,13.461,0,Metinic
24322,2021-07-08T22:41:07Z,13.461,1,Metinic
24323,2021-07-08T22:46:07Z,13.461,2,Metinic
24324,2021-07-08T22:51:07Z,13.461,30,Metinic
24325,2021-07-08T22:56:07Z,13.461,23,Metinic
24326,2021-07-08T23:01:07Z,13.461,24,Metinic
24327,2021-07-08T23:06:07Z,13.461,0,Metinic
24328,2021-07-08T23:11:07Z,13.461,13,Metinic
24329,2021-07-08T23:16:07Z,13.461,0,Metinic
24330,2021-07-08T23:21:07Z,13.461,0,Metinic
24331,2021-07-08T23:26:07Z,13.461,0,Metinic
24332,2021-07-08T23:31:07Z,13.461,0,Metinic
24333,2021-07-08T23:36:07Z,13.461,0,Metinic
24334,2021-07-08T23:41:07Z,13.461,2,Metinic
24335,2021-07-08T23:46:07Z,13.461,0,Metinic
24336,2021-07-08T23:51:07Z,13.558,1,Metinic
24337,2021-07-08T23:56:07Z,13.558,0,Metinic
24338,2021-07-09T00:01:07Z,13.461,0,Metinic
24339,2021-07-09T00:06:07Z,13.461,0,Metinic
24340,2021-07-09T00:11:07Z,13.558,0,Metinic
24341,2021-07-09T00:16:07Z,13.558,0,Metinic
24342,2021-07-09T00:21:07Z,13.558,0,Metinic
24343,2021-07-09T00:26:07Z,13.558,0,Metinic
24344,2021-07-09T00:31:07Z,13.558,0,Metinic
24345,2021-07-09T00:36:07Z,13.558,0,Metinic
24346,2021-07-09T00:41:07Z,13.461,0,Metinic
24347,2021-07-09T00:46:07Z,13.461,0,Metinic
24348,2021-07-09T00:51:07Z,13.461,0,Metinic
24349,2021-07-09T00:56:07Z,13.461,0,Metinic
24350,2021-07-09T01:01:07Z,13.461,0,Metinic
24351,2021-07-09T01:06:07Z,13.461,0,Metinic
24352,2021-07-09T01:11:07Z,13.461,0,Metinic
24353,2021-07-09T01:16:07Z,13.461,0,Metinic
24354,2021-07-09T01:21:07Z,13.461,0,Metinic
24355,2021-07-09T01:26:07Z,13.461,0,Metinic
24356,2021-07-09T01:31:07Z,13.365000000000002,0,Metinic
24357,2021-07-09T01:36:07Z,13.461,0,Metinic
24358,2021-07-09T01:41:07Z,13.365000000000002,0,Metinic
24359,2021-07-09T01:46:07Z,13.461,0,Metinic
24360,2021-07-09T01:51:07Z,13.461,0,Metinic
24361,2021-07-09T01:56:07Z,13.461,0,Metinic
24362,2021-07-09T02:01:07Z,13.461,0,Metinic
24363,2021-07-09T02:06:07Z,13.558,0,Metinic
24364,2021-07-09T02:11:07Z,13.558,0,Metinic
24365,2021-07-09T02:16:07Z,13.558,0,Metinic
24366,2021-07-09T02:21:07Z,13.558,0,Metinic
24367,2021-07-09T02:26:07Z,13.558,0,Metinic
24368,2021-07-09T02:31:07Z,13.558,0,Metinic
24369,2021-07-09T02:36:07Z,13.558,0,Metinic
24370,2021-07-09T02:41:07Z,13.558,0,Metinic
24371,2021-07-09T02:46:07Z,13.558,0,Metinic
24372,2021-07-09T02:51:07Z,13.558,0,Metinic
24373,2021-07-09T02:56:07Z,13.558,0,Metinic
24374,2021-07-09T03:01:07Z,13.558,0,Metinic
24375,2021-07-09T03:06:07Z,13.558,0,Metinic
24376,2021-07-09T03:11:07Z,13.558,0,Metinic
24377,2021-07-09T03:16:07Z,13.558,0,Metinic
24378,2021-07-09T03:21:07Z,13.654,0,Metinic
24379,2021-07-09T03:26:07Z,13.654,0,Metinic
24380,2021-07-09T03:31:07Z,13.654,0,Metinic
24381,2021-07-09T03:36:07Z,13.558,0,Metinic
24382,2021-07-09T03:41:07Z,13.558,0,Metinic
24383,2021-07-09T03:46:07Z,13.461,0,Metinic
24384,2021-07-09T03:51:07Z,13.558,0,Metinic
24385,2021-07-09T03:56:07Z,13.558,0,Metinic
24386,2021-07-09T04:01:07Z,13.558,0,Metinic
24387,2021-07-09T04:06:07Z,13.558,0,Metinic
24388,2021-07-09T04:11:07Z,13.558,0,Metinic
24389,2021-07-09T04:16:07Z,13.558,0,Metinic
24390,2021-07-09T04:21:07Z,13.461,0,Metinic
24391,2021-07-09T04:26:07Z,13.173,0,Metinic
24392,2021-07-09T04:31:07Z,13.076,0,Metinic
24393,2021-07-09T04:36:07Z,12.98,0,Metinic
24394,2021-07-09T04:41:07Z,12.98,0,Metinic
24395,2021-07-09T04:46:07Z,12.883000000000001,0,Metinic
24396,2021-07-09T04:51:07Z,12.98,0,Metinic
24397,2021-07-09T04:56:07Z,12.883000000000001,0,Metinic
24398,2021-07-09T05:01:07Z,12.883000000000001,0,Metinic
24399,2021-07-09T05:06:07Z,12.98,0,Metinic
24400,2021-07-09T05:11:07Z,12.98,0,Metinic
24401,2021-07-09T05:16:07Z,12.98,0,Metinic
24402,2021-07-09T05:21:07Z,12.98,0,Metinic
24403,2021-07-09T05:26:07Z,12.98,0,Metinic
24404,2021-07-09T05:31:07Z,12.98,0,Metinic
24405,2021-07-09T05:36:07Z,13.076,0,Metinic
24406,2021-07-09T05:41:07Z,12.98,0,Metinic
24407,2021-07-09T05:46:07Z,13.076,0,Metinic
24408,2021-07-09T05:51:07Z,13.076,0,Metinic
24409,2021-07-09T05:56:07Z,13.076,0,Metinic
24410,2021-07-09T06:01:07Z,12.883000000000001,0,Metinic
24411,2021-07-09T06:06:07Z,12.69,0,Metinic
24412,2021-07-09T06:11:07Z,12.594,0,Metinic
24413,2021-07-09T06:16:07Z,12.497,0,Metinic
24414,2021-07-09T06:21:07Z,12.497,0,Metinic
24415,2021-07-09T06:26:07Z,12.497,0,Metinic
24416,2021-07-09T06:31:07Z,12.497,0,Metinic
24417,2021-07-09T06:36:07Z,12.497,0,Metinic
24418,2021-07-09T06:41:07Z,12.497,0,Metinic
24419,2021-07-09T06:46:07Z,12.497,0,Metinic
24420,2021-07-09T06:51:07Z,12.497,0,Metinic
24421,2021-07-09T06:56:07Z,12.401,0,Metinic
24422,2021-07-09T07:01:07Z,12.401,0,Metinic
24423,2021-07-09T07:06:07Z,12.401,0,Metinic
24424,2021-07-09T07:11:07Z,12.401,0,Metinic
24425,2021-07-09T07:16:07Z,12.401,0,Metinic
24426,2021-07-09T07:21:07Z,12.304,0,Metinic
24427,2021-07-09T07:26:07Z,12.304,0,Metinic
24428,2021-07-09T07:31:07Z,12.304,0,Metinic
24429,2021-07-09T07:36:07Z,12.401,0,Metinic
24430,2021-07-09T07:41:07Z,12.401,0,Metinic
24431,2021-07-09T07:46:07Z,12.401,0,Metinic
24432,2021-07-09T07:51:07Z,12.401,0,Metinic
24433,2021-07-09T07:56:07Z,12.401,0,Metinic
24434,2021-07-09T08:01:07Z,12.497,0,Metinic
24435,2021-07-09T08:06:07Z,12.594,0,Metinic
24436,2021-07-09T08:11:07Z,12.594,0,Metinic
24437,2021-07-09T08:16:07Z,12.594,0,Metinic
24438,2021-07-09T08:21:07Z,12.497,0,Metinic
24439,2021-07-09T08:26:07Z,12.497,0,Metinic
24440,2021-07-09T08:31:07Z,12.497,0,Metinic
24441,2021-07-09T08:36:07Z,12.497,0,Metinic
24442,2021-07-09T08:41:07Z,12.401,0,Metinic
24443,2021-07-09T08:46:07Z,12.401,0,Metinic
24444,2021-07-09T08:51:07Z,12.401,0,Metinic
24445,2021-07-09T08:56:07Z,12.401,0,Metinic
24446,2021-07-09T09:01:07Z,12.401,0,Metinic
24447,2021-07-09T09:06:07Z,12.304,0,Metinic
24448,2021-07-09T09:11:07Z,12.304,1,Metinic
24449,2021-07-09T09:16:07Z,12.304,0,Metinic
24450,2021-07-09T09:21:07Z,12.206999999999999,3,Metinic
24451,2021-07-09T09:26:07Z,12.206999999999999,0,Metinic
24452,2021-07-09T09:31:07Z,12.11,1,Metinic
24453,2021-07-09T09:36:07Z,12.013,15,Metinic
24454,2021-07-09T09:41:07Z,12.013,2,Metinic
24455,2021-07-09T09:46:07Z,12.013,17,Metinic
24456,2021-07-09T09:51:07Z,11.916,2,Metinic
24457,2021-07-09T09:56:07Z,11.916,15,Metinic
24458,2021-07-09T10:01:07Z,11.819,4,Metinic
24459,2021-07-09T10:06:07Z,11.819,17,Metinic
24460,2021-07-09T10:11:07Z,11.819,14,Metinic
24461,2021-07-09T10:16:07Z,11.819,1,Metinic
24462,2021-07-09T10:21:07Z,11.819,1,Metinic
24463,2021-07-09T10:26:07Z,11.819,0,Metinic
24464,2021-07-09T10:31:07Z,11.819,1,Metinic
24465,2021-07-09T10:36:07Z,11.819,2,Metinic
24466,2021-07-09T10:41:07Z,11.819,24,Metinic
24467,2021-07-09T10:46:07Z,11.916,33,Metinic
24468,2021-07-09T10:51:07Z,12.013,20,Metinic
24469,2021-07-09T10:56:07Z,12.206999999999999,38,Metinic
24470,2021-07-09T11:01:07Z,12.401,0,Metinic
24471,2021-07-09T11:06:07Z,12.69,2,Metinic
24472,2021-07-09T11:11:07Z,12.786999999999999,3,Metinic
24473,2021-07-09T11:16:07Z,12.786999999999999,8,Metinic
24474,2021-07-09T11:21:07Z,12.883000000000001,3,Metinic
24475,2021-07-09T11:26:07Z,12.98,23,Metinic
24476,2021-07-09T11:31:07Z,13.076,3,Metinic
24477,2021-07-09T11:36:07Z,13.076,42,Metinic
24478,2021-07-09T11:41:07Z,13.076,3,Metinic
24479,2021-07-09T11:46:07Z,13.076,74,Metinic
24480,2021-07-09T11:51:07Z,13.076,9,Metinic
24481,2021-07-09T11:56:07Z,13.076,22,Metinic
24482,2021-07-09T12:01:07Z,13.076,0,Metinic
24483,2021-07-09T12:06:07Z,13.076,25,Metinic
24484,2021-07-09T12:11:07Z,13.076,66,Metinic
24485,2021-07-09T12:16:07Z,13.076,22,Metinic
24486,2021-07-09T12:21:07Z,13.076,53,Metinic
24487,2021-07-09T12:26:07Z,13.076,40,Metinic
24488,2021-07-09T12:31:07Z,13.076,9,Metinic
24489,2021-07-09T12:36:07Z,13.076,4,Metinic
24490,2021-07-09T12:41:07Z,13.076,0,Metinic
24491,2021-07-09T12:46:07Z,12.98,14,Metinic
24492,2021-07-09T12:51:07Z,12.883000000000001,33,Metinic
24493,2021-07-09T12:56:07Z,12.786999999999999,42,Metinic
24494,2021-07-09T13:01:07Z,12.594,71,Metinic
24495,2021-07-09T13:06:07Z,12.497,8,Metinic
24496,2021-07-09T13:11:07Z,12.401,6,Metinic
24497,2021-07-09T13:16:07Z,12.401,14,Metinic
24498,2021-07-09T13:21:07Z,12.401,26,Metinic
24499,2021-07-09T13:26:07Z,12.401,11,Metinic
24500,2021-07-09T13:31:07Z,12.304,79,Metinic
24501,2021-07-09T13:36:07Z,12.206999999999999,60,Metinic
24502,2021-07-09T13:41:07Z,12.206999999999999,11,Metinic
24503,2021-07-09T13:46:07Z,12.11,1,Metinic
24504,2021-07-09T13:51:07Z,12.11,53,Metinic
24505,2021-07-09T13:56:07Z,12.11,24,Metinic
24506,2021-07-09T14:01:07Z,12.11,46,Metinic
24507,2021-07-09T14:06:07Z,12.11,52,Metinic
24508,2021-07-09T14:11:07Z,12.206999999999999,12,Metinic
24509,2021-07-09T14:16:07Z,12.206999999999999,27,Metinic
24510,2021-07-09T14:21:07Z,12.304,49,Metinic
24511,2021-07-09T14:26:07Z,12.401,18,Metinic
24512,2021-07-09T14:31:07Z,12.401,6,Metinic
24513,2021-07-09T14:36:07Z,12.401,4,Metinic
24514,2021-07-09T14:41:07Z,12.497,18,Metinic
24515,2021-07-09T14:46:07Z,12.594,5,Metinic
24516,2021-07-09T14:51:07Z,12.594,4,Metinic
24517,2021-07-09T14:56:07Z,12.594,8,Metinic
24518,2021-07-09T15:01:07Z,12.594,0,Metinic
24519,2021-07-09T15:06:07Z,12.594,41,Metinic
24520,2021-07-09T15:11:07Z,12.594,16,Metinic
24521,2021-07-09T15:16:07Z,12.594,66,Metinic
24522,2021-07-09T15:21:07Z,12.594,54,Metinic
24523,2021-07-09T15:26:07Z,12.594,59,Metinic
24524,2021-07-09T15:31:07Z,12.594,48,Metinic
24525,2021-07-09T15:36:07Z,12.69,40,Metinic
24526,2021-07-09T15:41:07Z,12.69,27,Metinic
24527,2021-07-09T15:46:07Z,12.69,54,Metinic
24528,2021-07-09T15:51:07Z,12.69,29,Metinic
24529,2021-07-09T15:56:07Z,12.69,64,Metinic
24530,2021-07-09T16:01:07Z,12.69,47,Metinic
24531,2021-07-09T16:06:07Z,12.69,43,Metinic
24532,2021-07-09T16:11:07Z,12.69,21,Metinic
24533,2021-07-09T16:16:07Z,12.594,3,Metinic
24534,2021-07-09T16:21:07Z,12.594,12,Metinic
24535,2021-07-09T16:26:07Z,12.594,2,Metinic
24536,2021-07-09T16:31:07Z,12.594,4,Metinic
24537,2021-07-09T16:36:07Z,12.594,3,Metinic
24538,2021-07-09T16:41:07Z,12.594,4,Metinic
24539,2021-07-09T16:46:07Z,12.594,1,Metinic
24540,2021-07-09T16:51:07Z,12.594,0,Metinic
24541,2021-07-09T16:56:07Z,12.594,0,Metinic
24542,2021-07-09T17:01:07Z,12.594,1,Metinic
24543,2021-07-09T17:06:07Z,12.594,1,Metinic
24544,2021-07-09T17:11:07Z,12.594,0,Metinic
24545,2021-07-09T17:16:07Z,12.594,1,Metinic
24546,2021-07-09T17:21:07Z,12.594,35,Metinic
24547,2021-07-09T17:26:07Z,12.594,18,Metinic
24548,2021-07-09T17:31:07Z,12.594,24,Metinic
24549,2021-07-09T17:36:07Z,12.594,4,Metinic
24550,2021-07-09T17:41:07Z,12.594,1,Metinic
24551,2021-07-09T17:46:07Z,12.594,12,Metinic
24552,2021-07-09T17:51:07Z,12.594,27,Metinic
24553,2021-07-09T17:56:07Z,12.594,9,Metinic
24554,2021-07-09T18:01:07Z,12.594,5,Metinic
24555,2021-07-09T18:06:07Z,12.594,4,Metinic
24556,2021-07-09T18:11:07Z,12.594,1,Metinic
24557,2021-07-09T18:16:07Z,12.594,1,Metinic
24558,2021-07-09T18:21:07Z,12.594,42,Metinic
24559,2021-07-09T18:26:07Z,12.594,22,Metinic
24560,2021-07-09T18:31:07Z,12.594,8,Metinic
24561,2021-07-09T18:36:07Z,12.594,3,Metinic
24562,2021-07-09T18:41:07Z,12.594,15,Metinic
24563,2021-07-09T18:46:07Z,12.594,9,Metinic
24564,2021-07-09T18:51:07Z,12.594,28,Metinic
24565,2021-07-09T18:56:07Z,12.594,57,Metinic
24566,2021-07-09T19:01:07Z,12.69,31,Metinic
24567,2021-07-09T19:06:07Z,12.69,51,Metinic
24568,2021-07-09T19:11:07Z,12.69,32,Metinic
24569,2021-07-09T19:16:07Z,12.69,9,Metinic
24570,2021-07-09T19:21:07Z,12.883000000000001,2,Metinic
24571,2021-07-09T19:26:07Z,12.98,16,Metinic
24572,2021-07-09T19:31:07Z,12.98,13,Metinic
24573,2021-07-09T19:36:07Z,12.98,50,Metinic
24574,2021-07-09T19:41:07Z,12.98,12,Metinic
24575,2021-07-09T19:46:07Z,12.98,39,Metinic
24576,2021-07-09T19:51:07Z,12.98,26,Metinic
24577,2021-07-09T19:56:07Z,13.076,0,Metinic
24578,2021-07-09T20:01:07Z,13.076,0,Metinic
24579,2021-07-09T20:06:07Z,13.076,1,Metinic
24580,2021-07-09T20:11:07Z,13.173,1,Metinic
24581,2021-07-09T20:16:07Z,13.173,0,Metinic
24582,2021-07-09T20:21:07Z,13.173,1,Metinic
24583,2021-07-09T20:26:07Z,13.173,8,Metinic
24584,2021-07-09T20:31:07Z,13.173,12,Metinic
24585,2021-07-09T20:36:07Z,13.173,5,Metinic
24586,2021-07-09T20:41:07Z,13.269,22,Metinic
24587,2021-07-09T20:46:07Z,13.269,15,Metinic
24588,2021-07-09T20:51:07Z,13.269,1,Metinic
24589,2021-07-09T20:56:07Z,13.269,18,Metinic
24590,2021-07-09T21:01:07Z,13.269,1,Metinic
24591,2021-07-09T21:06:07Z,13.269,0,Metinic
24592,2021-07-09T21:11:07Z,13.269,0,Metinic
24593,2021-07-09T21:16:07Z,13.269,0,Metinic
24594,2021-07-09T21:21:07Z,13.269,5,Metinic
24595,2021-07-09T21:26:07Z,13.269,0,Metinic
24596,2021-07-09T21:31:07Z,13.269,0,Metinic
24597,2021-07-09T21:36:07Z,13.269,6,Metinic
24598,2021-07-09T21:41:07Z,13.269,5,Metinic
24599,2021-07-09T21:46:07Z,13.269,0,Metinic
24600,2021-07-09T21:51:07Z,13.269,14,Metinic
24601,2021-07-09T21:56:07Z,13.269,0,Metinic
24602,2021-07-09T22:01:07Z,13.269,22,Metinic
24603,2021-07-09T22:06:07Z,13.269,0,Metinic
24604,2021-07-09T22:11:07Z,13.269,0,Metinic
24605,2021-07-09T22:16:07Z,13.269,1,Metinic
24606,2021-07-09T22:21:07Z,13.269,22,Metinic
24607,2021-07-09T22:26:07Z,13.269,16,Metinic
24608,2021-07-09T22:31:07Z,13.269,4,Metinic
24609,2021-07-09T22:36:07Z,13.269,0,Metinic
24610,2021-07-09T22:41:07Z,13.269,2,Metinic
24611,2021-07-09T22:46:07Z,13.173,0,Metinic
24612,2021-07-09T22:51:07Z,13.173,1,Metinic
24613,2021-07-09T22:56:07Z,13.173,0,Metinic
24614,2021-07-09T23:01:07Z,13.076,0,Metinic
24615,2021-07-09T23:06:07Z,12.98,0,Metinic
24616,2021-07-09T23:11:07Z,12.98,0,Metinic
24617,2021-07-09T23:16:07Z,12.98,0,Metinic
24618,2021-07-09T23:21:07Z,12.98,0,Metinic
24619,2021-07-09T23:26:07Z,12.98,0,Metinic
24620,2021-07-09T23:31:07Z,13.076,1,Metinic
24621,2021-07-09T23:36:07Z,13.076,0,Metinic
24622,2021-07-09T23:41:07Z,13.076,1,Metinic
24623,2021-07-09T23:46:07Z,12.98,0,Metinic
24624,2021-07-09T23:51:07Z,12.98,10,Metinic
24625,2021-07-09T23:56:07Z,12.98,0,Metinic
24626,2021-07-10T00:01:07Z,12.98,0,Metinic
24627,2021-07-10T00:06:07Z,12.98,4,Metinic
24628,2021-07-10T00:11:07Z,12.98,0,Metinic
24629,2021-07-10T00:16:07Z,12.98,0,Metinic
24630,2021-07-10T00:21:07Z,12.98,0,Metinic
24631,2021-07-10T00:26:07Z,12.98,0,Metinic
24632,2021-07-10T00:31:07Z,12.98,0,Metinic
24633,2021-07-10T00:36:07Z,12.98,0,Metinic
24634,2021-07-10T00:41:07Z,12.98,0,Metinic
24635,2021-07-10T00:46:07Z,12.98,0,Metinic
24636,2021-07-10T00:51:07Z,12.98,0,Metinic
24637,2021-07-10T00:56:07Z,12.98,0,Metinic
24638,2021-07-10T01:01:07Z,12.98,0,Metinic
24639,2021-07-10T01:06:07Z,12.98,0,Metinic
24640,2021-07-10T01:11:07Z,12.98,0,Metinic
24641,2021-07-10T01:16:07Z,12.98,0,Metinic
24642,2021-07-10T01:21:07Z,12.98,0,Metinic
24643,2021-07-10T01:26:07Z,12.98,0,Metinic
24644,2021-07-10T01:31:07Z,12.98,0,Metinic
24645,2021-07-10T01:36:07Z,12.98,0,Metinic
24646,2021-07-10T01:41:07Z,12.98,0,Metinic
24647,2021-07-10T01:46:07Z,12.98,0,Metinic
24648,2021-07-10T01:51:07Z,12.98,0,Metinic
24649,2021-07-10T01:56:07Z,12.98,0,Metinic
24650,2021-07-10T02:01:07Z,12.98,0,Metinic
24651,2021-07-10T02:06:07Z,12.98,0,Metinic
24652,2021-07-10T02:11:07Z,12.98,0,Metinic
24653,2021-07-10T02:16:07Z,12.98,0,Metinic
24654,2021-07-10T02:21:07Z,12.98,0,Metinic
24655,2021-07-10T02:26:07Z,12.98,0,Metinic
24656,2021-07-10T02:31:07Z,12.98,0,Metinic
24657,2021-07-10T02:36:07Z,12.98,0,Metinic
24658,2021-07-10T02:41:07Z,12.98,0,Metinic
24659,2021-07-10T02:46:07Z,13.076,0,Metinic
24660,2021-07-10T02:51:07Z,13.076,0,Metinic
24661,2021-07-10T02:56:07Z,12.98,0,Metinic
24662,2021-07-10T03:01:07Z,12.98,0,Metinic
24663,2021-07-10T03:06:07Z,12.883000000000001,0,Metinic
24664,2021-07-10T03:11:07Z,12.883000000000001,0,Metinic
24665,2021-07-10T03:16:07Z,12.883000000000001,0,Metinic
24666,2021-07-10T03:21:07Z,12.98,0,Metinic
24667,2021-07-10T03:26:07Z,12.98,0,Metinic
24668,2021-07-10T03:31:07Z,12.98,0,Metinic
24669,2021-07-10T03:36:07Z,12.98,0,Metinic
24670,2021-07-10T03:41:07Z,12.98,0,Metinic
24671,2021-07-10T03:46:07Z,12.98,0,Metinic
24672,2021-07-10T03:51:07Z,12.98,0,Metinic
24673,2021-07-10T03:56:07Z,12.98,0,Metinic
24674,2021-07-10T04:01:07Z,12.98,0,Metinic
24675,2021-07-10T04:06:07Z,12.98,0,Metinic
24676,2021-07-10T04:11:07Z,12.98,0,Metinic
24677,2021-07-10T04:16:07Z,12.98,0,Metinic
24678,2021-07-10T04:21:07Z,12.98,0,Metinic
24679,2021-07-10T04:26:07Z,12.98,0,Metinic
24680,2021-07-10T04:31:07Z,12.98,0,Metinic
24681,2021-07-10T04:36:07Z,12.98,0,Metinic
24682,2021-07-10T04:41:07Z,12.98,0,Metinic
24683,2021-07-10T04:46:07Z,12.98,0,Metinic
24684,2021-07-10T04:51:07Z,12.98,0,Metinic
24685,2021-07-10T04:56:07Z,12.98,0,Metinic
24686,2021-07-10T05:01:07Z,12.98,0,Metinic
24687,2021-07-10T05:06:07Z,12.883000000000001,0,Metinic
24688,2021-07-10T05:11:07Z,12.883000000000001,0,Metinic
24689,2021-07-10T05:16:07Z,12.786999999999999,0,Metinic
24690,2021-07-10T05:21:07Z,12.786999999999999,0,Metinic
24691,2021-07-10T05:26:07Z,12.786999999999999,0,Metinic
24692,2021-07-10T05:31:07Z,12.69,0,Metinic
24693,2021-07-10T05:36:07Z,12.69,0,Metinic
24694,2021-07-10T05:41:07Z,12.69,0,Metinic
24695,2021-07-10T05:46:07Z,12.69,0,Metinic
24696,2021-07-10T05:51:07Z,12.594,0,Metinic
24697,2021-07-10T05:56:07Z,12.594,0,Metinic
24698,2021-07-10T06:01:07Z,12.594,0,Metinic
24699,2021-07-10T06:06:07Z,12.594,0,Metinic
24700,2021-07-10T06:11:07Z,12.594,0,Metinic
24701,2021-07-10T06:16:07Z,12.594,0,Metinic
24702,2021-07-10T06:21:07Z,12.69,0,Metinic
24703,2021-07-10T06:26:07Z,12.69,0,Metinic
24704,2021-07-10T06:31:07Z,12.69,0,Metinic
24705,2021-07-10T06:36:07Z,12.594,0,Metinic
24706,2021-07-10T06:41:07Z,12.69,0,Metinic
24707,2021-07-10T06:46:07Z,12.69,0,Metinic
24708,2021-07-10T06:51:07Z,12.69,0,Metinic
24709,2021-07-10T06:56:07Z,12.69,0,Metinic
24710,2021-07-10T07:01:07Z,12.69,0,Metinic
24711,2021-07-10T07:06:07Z,12.69,0,Metinic
24712,2021-07-10T07:11:07Z,12.69,0,Metinic
24713,2021-07-10T07:16:07Z,12.69,0,Metinic
24714,2021-07-10T07:21:07Z,12.69,0,Metinic
24715,2021-07-10T07:26:07Z,12.69,0,Metinic
24716,2021-07-10T07:31:07Z,12.69,0,Metinic
24717,2021-07-10T07:36:07Z,12.69,0,Metinic
24718,2021-07-10T07:41:07Z,12.69,0,Metinic
24719,2021-07-10T07:46:07Z,12.594,0,Metinic
24720,2021-07-10T07:51:07Z,12.594,0,Metinic
24721,2021-07-10T07:56:07Z,12.594,0,Metinic
24722,2021-07-10T08:01:07Z,12.594,0,Metinic
24723,2021-07-10T08:06:07Z,12.594,0,Metinic
24724,2021-07-10T08:11:07Z,12.594,0,Metinic
24725,2021-07-10T08:16:07Z,12.594,0,Metinic
24726,2021-07-10T08:21:07Z,12.594,0,Metinic
24727,2021-07-10T08:26:07Z,12.594,0,Metinic
24728,2021-07-10T08:31:07Z,12.594,0,Metinic
24729,2021-07-10T08:36:07Z,12.594,0,Metinic
24730,2021-07-10T08:41:07Z,12.594,0,Metinic
24731,2021-07-10T08:46:07Z,12.594,0,Metinic
24732,2021-07-10T08:51:07Z,12.497,0,Metinic
24733,2021-07-10T08:56:07Z,12.497,0,Metinic
24734,2021-07-10T09:01:07Z,12.497,0,Metinic
24735,2021-07-10T09:06:07Z,12.497,1,Metinic
24736,2021-07-10T09:11:07Z,12.497,0,Metinic
24737,2021-07-10T09:16:07Z,12.497,3,Metinic
24738,2021-07-10T09:21:07Z,12.497,4,Metinic
24739,2021-07-10T09:26:07Z,12.497,2,Metinic
24740,2021-07-10T09:31:07Z,12.594,2,Metinic
24741,2021-07-10T09:36:07Z,12.594,0,Metinic
24742,2021-07-10T09:41:07Z,12.594,0,Metinic
24743,2021-07-10T09:46:07Z,12.594,7,Metinic
24744,2021-07-10T09:51:07Z,12.594,21,Metinic
24745,2021-07-10T09:56:07Z,12.594,6,Metinic
24746,2021-07-10T10:01:07Z,12.594,4,Metinic
24747,2021-07-10T10:06:07Z,12.594,2,Metinic
24748,2021-07-10T10:11:07Z,12.497,3,Metinic
24749,2021-07-10T10:16:07Z,12.497,1,Metinic
24750,2021-07-10T10:21:07Z,12.497,3,Metinic
24751,2021-07-10T10:26:07Z,12.497,38,Metinic
24752,2021-07-10T10:31:07Z,12.594,75,Metinic
24753,2021-07-10T10:36:07Z,12.594,45,Metinic
24754,2021-07-10T10:41:07Z,12.594,44,Metinic
24755,2021-07-10T10:46:07Z,12.497,5,Metinic
24756,2021-07-10T10:51:07Z,12.497,6,Metinic
24757,2021-07-10T10:56:07Z,12.497,70,Metinic
24758,2021-07-10T11:01:07Z,12.497,15,Metinic
24759,2021-07-10T11:06:07Z,12.497,136,Metinic
24760,2021-07-10T11:11:07Z,12.497,21,Metinic
24761,2021-07-10T11:16:07Z,12.497,114,Metinic
24762,2021-07-10T11:21:07Z,12.497,26,Metinic
24763,2021-07-10T11:26:07Z,12.401,12,Metinic
24764,2021-07-10T11:31:07Z,12.497,152,Metinic
24765,2021-07-10T11:36:07Z,12.497,184,Metinic
24766,2021-07-10T11:41:07Z,12.497,103,Metinic
24767,2021-07-10T11:46:07Z,12.594,92,Metinic
24768,2021-07-10T11:51:07Z,12.594,224,Metinic
24769,2021-07-10T11:56:07Z,12.594,78,Metinic
24770,2021-07-10T12:01:07Z,12.594,7,Metinic
24771,2021-07-10T12:06:07Z,12.594,46,Metinic
24772,2021-07-10T12:11:07Z,12.69,5,Metinic
24773,2021-07-10T12:16:07Z,12.594,128,Metinic
24774,2021-07-10T12:21:07Z,12.594,52,Metinic
24775,2021-07-10T12:26:07Z,12.594,160,Metinic
24776,2021-07-10T12:31:07Z,12.594,26,Metinic
24777,2021-07-10T12:36:07Z,12.594,4,Metinic
24778,2021-07-10T12:41:07Z,12.594,23,Metinic
24779,2021-07-10T12:46:07Z,12.594,208,Metinic
24780,2021-07-10T12:51:07Z,12.594,176,Metinic
24781,2021-07-10T12:56:07Z,12.594,152,Metinic
24782,2021-07-10T13:01:07Z,12.594,24,Metinic
24783,2021-07-10T13:06:07Z,12.594,8,Metinic
24784,2021-07-10T13:11:07Z,12.594,41,Metinic
24785,2021-07-10T13:16:07Z,12.594,10,Metinic
24786,2021-07-10T13:21:07Z,12.594,18,Metinic
24787,2021-07-10T13:26:07Z,12.594,14,Metinic
24788,2021-07-10T13:31:07Z,12.594,26,Metinic
24789,2021-07-10T13:36:07Z,12.594,15,Metinic
24790,2021-07-10T13:41:07Z,12.69,25,Metinic
24791,2021-07-10T13:46:07Z,12.69,14,Metinic
24792,2021-07-10T13:51:07Z,12.786999999999999,45,Metinic
24793,2021-07-10T13:56:07Z,12.69,20,Metinic
24794,2021-07-10T14:01:07Z,12.69,18,Metinic
24795,2021-07-10T14:06:07Z,12.69,2,Metinic
24796,2021-07-10T14:11:07Z,12.883000000000001,63,Metinic
24797,2021-07-10T14:16:07Z,12.69,3,Metinic
24798,2021-07-10T14:21:07Z,12.69,216,Metinic
24799,2021-07-10T14:26:07Z,12.786999999999999,81,Metinic
24800,2021-07-10T14:31:07Z,12.883000000000001,14,Metinic
24801,2021-07-10T14:36:07Z,12.883000000000001,14,Metinic
24802,2021-07-10T14:41:07Z,12.98,43,Metinic
24803,2021-07-10T14:46:07Z,13.076,45,Metinic
24804,2021-07-10T14:51:07Z,13.076,464,Metinic
24805,2021-07-10T14:56:07Z,13.076,8,Metinic
24806,2021-07-10T15:01:07Z,12.98,448,Metinic
24807,2021-07-10T15:06:07Z,13.076,6,Metinic
24808,2021-07-10T15:11:07Z,13.076,672,Metinic
24809,2021-07-10T15:16:07Z,13.076,576,Metinic
24810,2021-07-10T15:21:07Z,13.076,38,Metinic
24811,2021-07-10T15:26:07Z,13.076,13,Metinic
24812,2021-07-10T15:31:07Z,13.076,432,Metinic
24813,2021-07-10T15:36:07Z,13.076,368,Metinic
24814,2021-07-10T15:41:07Z,13.076,86,Metinic
24815,2021-07-10T15:46:07Z,13.076,480,Metinic
24816,2021-07-10T15:51:07Z,13.173,576,Metinic
24817,2021-07-10T15:56:07Z,13.173,20,Metinic
24818,2021-07-10T16:01:07Z,13.076,117,Metinic
24819,2021-07-10T16:06:07Z,13.173,53,Metinic
24820,2021-07-10T16:11:07Z,13.173,416,Metinic
24821,2021-07-10T16:16:07Z,13.173,32,Metinic
24822,2021-07-10T16:21:07Z,13.173,47,Metinic
24823,2021-07-10T16:26:07Z,13.173,416,Metinic
24824,2021-07-10T16:31:07Z,13.173,6,Metinic
24825,2021-07-10T16:36:07Z,13.173,512,Metinic
24826,2021-07-10T16:41:07Z,13.269,73,Metinic
24827,2021-07-10T16:46:07Z,13.173,49,Metinic
24828,2021-07-10T16:51:07Z,13.269,22,Metinic
24829,2021-07-10T16:56:07Z,13.365000000000002,34,Metinic
24830,2021-07-10T17:01:07Z,13.173,576,Metinic
24831,2021-07-10T17:06:07Z,13.269,240,Metinic
24832,2021-07-10T17:11:07Z,13.269,51,Metinic
24833,2021-07-10T17:16:07Z,13.461,40,Metinic
24834,2021-07-10T17:21:07Z,13.269,27,Metinic
24835,2021-07-10T17:26:07Z,13.365000000000002,64,Metinic
24836,2021-07-10T17:31:07Z,13.365000000000002,672,Metinic
24837,2021-07-10T17:36:07Z,13.365000000000002,96,Metinic
24838,2021-07-10T17:41:07Z,13.365000000000002,97,Metinic
24839,2021-07-10T17:46:07Z,13.461,28,Metinic
24840,2021-07-10T17:51:07Z,13.461,672,Metinic
24841,2021-07-10T17:56:07Z,13.461,53,Metinic
24842,2021-07-10T18:01:07Z,13.365000000000002,57,Metinic
24843,2021-07-10T18:06:07Z,13.461,9,Metinic
24844,2021-07-10T18:11:07Z,13.461,33,Metinic
24845,2021-07-10T18:16:07Z,13.461,480,Metinic
24846,2021-07-10T18:21:07Z,13.461,52,Metinic
24847,2021-07-10T18:26:07Z,13.461,61,Metinic
24848,2021-07-10T18:31:07Z,13.461,30,Metinic
24849,2021-07-10T18:36:07Z,13.558,14,Metinic
24850,2021-07-10T18:41:07Z,13.461,8,Metinic
24851,2021-07-10T18:46:07Z,13.558,512,Metinic
24852,2021-07-10T18:51:07Z,13.654,232,Metinic
24853,2021-07-10T18:56:07Z,13.654,384,Metinic
24854,2021-07-10T19:01:07Z,13.558,288,Metinic
24855,2021-07-10T19:06:07Z,13.365000000000002,7,Metinic
24856,2021-07-10T19:11:07Z,13.076,272,Metinic
24857,2021-07-10T19:16:07Z,13.076,60,Metinic
24858,2021-07-10T19:21:07Z,12.98,18,Metinic
24859,2021-07-10T19:26:07Z,12.98,320,Metinic
24860,2021-07-10T19:31:07Z,12.883000000000001,17,Metinic
24861,2021-07-10T19:36:07Z,12.98,5,Metinic
24862,2021-07-10T19:41:07Z,12.883000000000001,73,Metinic
24863,2021-07-10T19:46:07Z,12.98,16,Metinic
24864,2021-07-10T19:51:07Z,12.883000000000001,304,Metinic
24865,2021-07-10T19:56:07Z,12.786999999999999,224,Metinic
24866,2021-07-10T20:01:07Z,12.883000000000001,101,Metinic
24867,2021-07-10T20:06:07Z,12.883000000000001,136,Metinic
24868,2021-07-10T20:11:07Z,12.786999999999999,55,Metinic
24869,2021-07-10T20:16:07Z,12.69,93,Metinic
24870,2021-07-10T20:21:07Z,12.69,56,Metinic
24871,2021-07-10T20:26:07Z,12.594,200,Metinic
24872,2021-07-10T20:31:07Z,12.594,176,Metinic
24873,2021-07-10T20:36:07Z,12.594,496,Metinic
24874,2021-07-10T20:41:07Z,12.594,3,Metinic
24875,2021-07-10T20:46:07Z,12.497,20,Metinic
24876,2021-07-10T20:51:07Z,12.497,14,Metinic
24877,2021-07-10T20:56:07Z,12.497,432,Metinic
24878,2021-07-10T21:01:07Z,12.401,200,Metinic
24879,2021-07-10T21:06:07Z,12.401,64,Metinic
24880,2021-07-10T21:11:07Z,12.401,81,Metinic
24881,2021-07-10T21:16:07Z,12.401,37,Metinic
24882,2021-07-10T21:21:07Z,12.304,8,Metinic
24883,2021-07-10T21:26:07Z,12.304,152,Metinic
24884,2021-07-10T21:31:07Z,12.304,1,Metinic
24885,2021-07-10T21:36:07Z,12.304,168,Metinic
24886,2021-07-10T21:41:07Z,12.304,232,Metinic
24887,2021-07-10T21:46:07Z,12.401,7,Metinic
24888,2021-07-10T21:51:07Z,12.497,144,Metinic
24889,2021-07-10T21:56:07Z,12.594,4,Metinic
24890,2021-07-10T22:01:07Z,12.69,8,Metinic
24891,2021-07-10T22:06:07Z,12.69,176,Metinic
24892,2021-07-10T22:11:07Z,12.69,8,Metinic
24893,2021-07-10T22:16:07Z,12.69,103,Metinic
24894,2021-07-10T22:21:07Z,12.786999999999999,51,Metinic
24895,2021-07-10T22:26:07Z,12.69,27,Metinic
24896,2021-07-10T22:31:07Z,12.883000000000001,48,Metinic
24897,2021-07-10T22:36:07Z,13.076,7,Metinic
24898,2021-07-10T22:41:07Z,13.173,2,Metinic
24899,2021-07-10T22:46:07Z,13.269,31,Metinic
24900,2021-07-10T22:51:07Z,13.365000000000002,1,Metinic
24901,2021-07-10T22:56:07Z,13.461,14,Metinic
24902,2021-07-10T23:01:07Z,13.461,46,Metinic
24903,2021-07-10T23:06:07Z,13.461,23,Metinic
24904,2021-07-10T23:11:07Z,13.461,28,Metinic
24905,2021-07-10T23:16:07Z,13.461,26,Metinic
24906,2021-07-10T23:21:07Z,13.461,27,Metinic
24907,2021-07-10T23:26:07Z,13.365000000000002,24,Metinic
24908,2021-07-10T23:31:07Z,13.461,9,Metinic
24909,2021-07-10T23:36:07Z,13.365000000000002,9,Metinic
24910,2021-07-10T23:41:07Z,13.365000000000002,3,Metinic
24911,2021-07-10T23:46:07Z,13.365000000000002,7,Metinic
24912,2021-07-10T23:51:07Z,13.365000000000002,4,Metinic
24913,2021-07-10T23:56:07Z,13.365000000000002,2,Metinic
24914,2021-07-11T00:01:07Z,13.269,7,Metinic
24915,2021-07-11T00:06:07Z,13.269,1,Metinic
24916,2021-07-11T00:11:07Z,13.173,0,Metinic
24917,2021-07-11T00:16:07Z,13.076,1,Metinic
24918,2021-07-11T00:21:07Z,12.98,0,Metinic
24919,2021-07-11T00:26:07Z,12.883000000000001,0,Metinic
24920,2021-07-11T00:31:07Z,12.883000000000001,0,Metinic
24921,2021-07-11T00:36:07Z,12.69,0,Metinic
24922,2021-07-11T00:41:07Z,12.69,0,Metinic
24923,2021-07-11T00:46:07Z,12.69,0,Metinic
24924,2021-07-11T00:51:07Z,12.594,0,Metinic
24925,2021-07-11T00:56:07Z,12.594,0,Metinic
24926,2021-07-11T01:01:07Z,12.594,0,Metinic
24927,2021-07-11T01:06:07Z,12.594,0,Metinic
24928,2021-07-11T01:11:07Z,12.69,0,Metinic
24929,2021-07-11T01:16:07Z,12.69,0,Metinic
24930,2021-07-11T01:21:07Z,12.69,0,Metinic
24931,2021-07-11T01:26:07Z,12.69,0,Metinic
24932,2021-07-11T01:31:07Z,12.69,0,Metinic
24933,2021-07-11T01:36:07Z,12.69,0,Metinic
24934,2021-07-11T01:41:07Z,12.69,0,Metinic
24935,2021-07-11T01:46:07Z,12.69,0,Metinic
24936,2021-07-11T01:51:07Z,12.69,0,Metinic
24937,2021-07-11T01:56:07Z,12.69,0,Metinic
24938,2021-07-11T02:01:07Z,12.69,0,Metinic
24939,2021-07-11T02:06:07Z,12.786999999999999,0,Metinic
24940,2021-07-11T02:11:07Z,12.786999999999999,0,Metinic
24941,2021-07-11T02:16:07Z,12.786999999999999,0,Metinic
24942,2021-07-11T02:21:07Z,12.786999999999999,0,Metinic
24943,2021-07-11T02:26:07Z,12.69,0,Metinic
24944,2021-07-11T02:31:07Z,12.594,0,Metinic
24945,2021-07-11T02:36:07Z,12.594,0,Metinic
24946,2021-07-11T02:41:07Z,12.594,0,Metinic
24947,2021-07-11T02:46:07Z,12.594,0,Metinic
24948,2021-07-11T02:51:07Z,12.594,0,Metinic
24949,2021-07-11T02:56:07Z,12.594,0,Metinic
24950,2021-07-11T03:01:07Z,12.594,0,Metinic
24951,2021-07-11T03:06:07Z,12.594,0,Metinic
24952,2021-07-11T03:11:07Z,12.594,0,Metinic
24953,2021-07-11T03:16:07Z,12.69,0,Metinic
24954,2021-07-11T03:21:07Z,12.594,0,Metinic
24955,2021-07-11T03:26:07Z,12.69,0,Metinic
24956,2021-07-11T03:31:07Z,12.69,0,Metinic
24957,2021-07-11T03:36:07Z,12.69,0,Metinic
24958,2021-07-11T03:41:07Z,12.69,0,Metinic
24959,2021-07-11T03:46:07Z,12.69,0,Metinic
24960,2021-07-11T03:51:07Z,12.786999999999999,0,Metinic
24961,2021-07-11T03:56:07Z,12.786999999999999,0,Metinic
24962,2021-07-11T04:01:07Z,12.883000000000001,0,Metinic
24963,2021-07-11T04:06:07Z,12.883000000000001,0,Metinic
24964,2021-07-11T04:11:07Z,12.883000000000001,0,Metinic
24965,2021-07-11T04:16:07Z,12.883000000000001,0,Metinic
24966,2021-07-11T04:21:07Z,12.883000000000001,0,Metinic
24967,2021-07-11T04:26:07Z,12.883000000000001,0,Metinic
24968,2021-07-11T04:31:07Z,12.883000000000001,0,Metinic
24969,2021-07-11T04:36:07Z,12.883000000000001,0,Metinic
24970,2021-07-11T04:41:07Z,12.883000000000001,0,Metinic
24971,2021-07-11T04:46:07Z,12.883000000000001,0,Metinic
24972,2021-07-11T04:51:07Z,12.883000000000001,0,Metinic
24973,2021-07-11T04:56:07Z,12.883000000000001,0,Metinic
24974,2021-07-11T05:01:07Z,12.98,0,Metinic
24975,2021-07-11T05:06:07Z,12.98,0,Metinic
24976,2021-07-11T05:11:07Z,13.076,0,Metinic
24977,2021-07-11T05:16:07Z,13.173,0,Metinic
24978,2021-07-11T05:21:07Z,13.269,0,Metinic
24979,2021-07-11T05:26:07Z,13.269,0,Metinic
24980,2021-07-11T05:31:07Z,13.269,0,Metinic
24981,2021-07-11T05:36:07Z,13.269,0,Metinic
24982,2021-07-11T05:41:07Z,13.269,0,Metinic
24983,2021-07-11T05:46:07Z,13.269,0,Metinic
24984,2021-07-11T05:51:07Z,13.269,0,Metinic
24985,2021-07-11T05:56:07Z,13.269,0,Metinic
24986,2021-07-11T06:01:07Z,13.269,0,Metinic
24987,2021-07-11T06:06:07Z,13.269,0,Metinic
24988,2021-07-11T06:11:07Z,13.269,0,Metinic
24989,2021-07-11T06:16:07Z,13.269,0,Metinic
24990,2021-07-11T06:21:07Z,13.269,0,Metinic
24991,2021-07-11T06:26:07Z,13.173,0,Metinic
24992,2021-07-11T06:31:07Z,13.173,0,Metinic
24993,2021-07-11T06:36:07Z,13.173,0,Metinic
24994,2021-07-11T06:41:07Z,13.173,0,Metinic
24995,2021-07-11T06:46:07Z,13.173,0,Metinic
24996,2021-07-11T06:51:07Z,13.173,0,Metinic
24997,2021-07-11T06:56:07Z,13.173,0,Metinic
24998,2021-07-11T07:01:07Z,13.173,0,Metinic
24999,2021-07-11T07:06:07Z,13.173,0,Metinic
25000,2021-07-11T07:11:07Z,13.173,0,Metinic
25001,2021-07-11T07:16:07Z,13.173,0,Metinic
25002,2021-07-11T07:21:07Z,13.173,0,Metinic
25003,2021-07-11T07:26:07Z,13.173,0,Metinic
25004,2021-07-11T07:31:07Z,13.173,0,Metinic
25005,2021-07-11T07:36:07Z,13.076,0,Metinic
25006,2021-07-11T07:41:07Z,13.076,0,Metinic
25007,2021-07-11T07:46:07Z,13.076,0,Metinic
25008,2021-07-11T07:51:07Z,13.076,0,Metinic
25009,2021-07-11T07:56:07Z,12.98,0,Metinic
25010,2021-07-11T08:01:07Z,12.98,0,Metinic
25011,2021-07-11T08:06:07Z,12.98,0,Metinic
25012,2021-07-11T08:11:07Z,12.883000000000001,0,Metinic
25013,2021-07-11T08:16:07Z,12.883000000000001,0,Metinic
25014,2021-07-11T08:21:07Z,12.786999999999999,0,Metinic
25015,2021-07-11T08:26:07Z,12.69,0,Metinic
25016,2021-07-11T08:31:07Z,12.69,0,Metinic
25017,2021-07-11T08:36:07Z,12.69,0,Metinic
25018,2021-07-11T08:41:07Z,12.594,0,Metinic
25019,2021-07-11T08:46:07Z,12.69,0,Metinic
25020,2021-07-11T08:51:07Z,12.69,0,Metinic
25021,2021-07-11T08:56:07Z,12.69,0,Metinic
25022,2021-07-11T09:01:07Z,12.69,3,Metinic
25023,2021-07-11T09:06:07Z,12.786999999999999,1,Metinic
25024,2021-07-11T09:11:07Z,12.69,7,Metinic
25025,2021-07-11T09:16:07Z,12.786999999999999,3,Metinic
25026,2021-07-11T09:21:07Z,12.786999999999999,12,Metinic
25027,2021-07-11T09:26:07Z,12.883000000000001,15,Metinic
25028,2021-07-11T09:31:07Z,12.883000000000001,0,Metinic
25029,2021-07-11T09:36:07Z,12.98,3,Metinic
25030,2021-07-11T09:41:07Z,13.076,1,Metinic
25031,2021-07-11T09:46:07Z,13.076,0,Metinic
25032,2021-07-11T09:51:07Z,13.076,26,Metinic
25033,2021-07-11T09:56:07Z,13.076,5,Metinic
25034,2021-07-11T10:01:07Z,13.076,70,Metinic
25035,2021-07-11T10:06:07Z,13.076,4,Metinic
25036,2021-07-11T10:11:07Z,13.076,4,Metinic
25037,2021-07-11T10:16:07Z,13.173,2,Metinic
25038,2021-07-11T10:21:07Z,13.173,9,Metinic
25039,2021-07-11T10:26:07Z,13.173,90,Metinic
25040,2021-07-11T10:31:07Z,13.269,75,Metinic
25041,2021-07-11T10:36:07Z,13.269,7,Metinic
25042,2021-07-11T10:41:07Z,13.269,1,Metinic
25043,2021-07-11T10:46:07Z,13.365000000000002,128,Metinic
25044,2021-07-11T10:51:07Z,13.365000000000002,56,Metinic
25045,2021-07-11T10:56:07Z,13.365000000000002,68,Metinic
25046,2021-07-11T11:01:07Z,13.365000000000002,32,Metinic
25047,2021-07-11T11:06:07Z,13.269,2,Metinic
25048,2021-07-11T11:11:07Z,13.269,21,Metinic
25049,2021-07-11T11:16:07Z,13.269,6,Metinic
25050,2021-07-11T11:21:07Z,13.173,232,Metinic
25051,2021-07-11T11:26:07Z,13.269,18,Metinic
25052,2021-07-11T11:31:07Z,13.269,30,Metinic
25053,2021-07-11T11:36:07Z,13.269,18,Metinic
25054,2021-07-11T11:41:07Z,13.365000000000002,8,Metinic
25055,2021-07-11T11:46:07Z,13.365000000000002,10,Metinic
25056,2021-07-11T11:51:07Z,13.365000000000002,512,Metinic
25057,2021-07-11T11:56:07Z,13.365000000000002,12,Metinic
25058,2021-07-11T12:01:07Z,13.365000000000002,116,Metinic
25059,2021-07-11T12:06:07Z,13.365000000000002,248,Metinic
25060,2021-07-11T12:11:07Z,13.365000000000002,18,Metinic
25061,2021-07-11T12:16:07Z,13.173,12,Metinic
25062,2021-07-11T12:21:07Z,13.076,17,Metinic
25063,2021-07-11T12:26:07Z,12.883000000000001,352,Metinic
25064,2021-07-11T12:31:07Z,12.883000000000001,51,Metinic
25065,2021-07-11T12:36:07Z,12.69,45,Metinic
25066,2021-07-11T12:41:07Z,12.594,121,Metinic
25067,2021-07-11T12:46:07Z,12.594,352,Metinic
25068,2021-07-11T12:51:07Z,12.497,6,Metinic
25069,2021-07-11T12:56:07Z,12.497,160,Metinic
25070,2021-07-11T13:01:07Z,12.401,256,Metinic
25071,2021-07-11T13:06:07Z,12.304,53,Metinic
25072,2021-07-11T13:11:07Z,12.401,336,Metinic
25073,2021-07-11T13:16:07Z,12.304,15,Metinic
25074,2021-07-11T13:21:07Z,12.304,400,Metinic
25075,2021-07-11T13:26:07Z,12.304,109,Metinic
25076,2021-07-11T13:31:07Z,12.304,17,Metinic
25077,2021-07-11T13:36:07Z,12.401,64,Metinic
25078,2021-07-11T13:41:07Z,12.497,464,Metinic
25079,2021-07-11T13:46:07Z,12.497,128,Metinic
25080,2021-07-11T13:51:07Z,12.594,10,Metinic
25081,2021-07-11T13:56:07Z,12.497,416,Metinic
25082,2021-07-11T14:01:07Z,12.594,464,Metinic
25083,2021-07-11T14:06:07Z,12.594,384,Metinic
25084,2021-07-11T14:11:07Z,12.594,320,Metinic
25085,2021-07-11T14:16:07Z,12.594,144,Metinic
25086,2021-07-11T14:21:07Z,12.497,27,Metinic
25087,2021-07-11T14:26:07Z,12.594,240,Metinic
25088,2021-07-11T14:31:07Z,12.594,27,Metinic
25089,2021-07-11T14:36:07Z,12.594,448,Metinic
25090,2021-07-11T14:41:07Z,12.69,24,Metinic
25091,2021-07-11T14:46:07Z,12.69,5,Metinic
25092,2021-07-11T14:51:07Z,12.786999999999999,144,Metinic
25093,2021-07-11T14:56:07Z,12.786999999999999,232,Metinic
25094,2021-07-11T15:01:07Z,12.883000000000001,28,Metinic
25095,2021-07-11T15:06:07Z,12.883000000000001,256,Metinic
25096,2021-07-11T15:11:07Z,12.98,55,Metinic
25097,2021-07-11T15:16:07Z,12.98,41,Metinic
25098,2021-07-11T15:21:07Z,13.076,448,Metinic
25099,2021-07-11T15:26:07Z,13.076,224,Metinic
25100,2021-07-11T15:31:07Z,13.076,464,Metinic
25101,2021-07-11T15:36:07Z,13.173,20,Metinic
25102,2021-07-11T15:41:07Z,13.076,288,Metinic
25103,2021-07-11T15:46:07Z,13.076,77,Metinic
25104,2021-07-11T15:51:07Z,13.173,32,Metinic
25105,2021-07-11T15:56:07Z,13.173,192,Metinic
25106,2021-07-11T16:01:07Z,13.173,576,Metinic
25107,2021-07-11T16:06:07Z,13.173,16,Metinic
25108,2021-07-11T16:11:07Z,13.173,98,Metinic
25109,2021-07-11T16:16:07Z,13.173,4,Metinic
25110,2021-07-11T16:21:07Z,13.173,85,Metinic
25111,2021-07-11T16:26:07Z,13.173,512,Metinic
25112,2021-07-11T16:31:07Z,13.269,800,Metinic
25113,2021-07-11T16:36:07Z,13.365000000000002,14,Metinic
25114,2021-07-11T16:41:07Z,13.365000000000002,8,Metinic
25115,2021-07-11T16:46:07Z,13.461,22,Metinic
25116,2021-07-11T16:51:07Z,13.365000000000002,608,Metinic
25117,2021-07-11T16:56:07Z,13.365000000000002,480,Metinic
25118,2021-07-11T17:01:07Z,13.558,22,Metinic
25119,2021-07-11T17:06:07Z,13.461,13,Metinic
25120,2021-07-11T17:11:07Z,13.558,800,Metinic
25121,2021-07-11T17:16:07Z,13.558,24,Metinic
25122,2021-07-11T17:21:07Z,13.846,36,Metinic
25123,2021-07-11T17:26:07Z,13.942,19,Metinic
25124,2021-07-11T17:31:07Z,13.942,240,Metinic
25125,2021-07-11T17:36:07Z,13.846,608,Metinic
25126,2021-07-11T17:41:07Z,13.846,62,Metinic
25127,2021-07-11T17:46:07Z,13.846,416,Metinic
25128,2021-07-11T17:51:07Z,13.942,21,Metinic
25129,2021-07-11T17:56:07Z,13.942,256,Metinic
25130,2021-07-11T18:01:07Z,14.037999999999998,67,Metinic
25131,2021-07-11T18:06:07Z,13.942,512,Metinic
25132,2021-07-11T18:11:07Z,13.942,608,Metinic
25133,2021-07-11T18:16:07Z,13.846,25,Metinic
25134,2021-07-11T18:21:07Z,14.037999999999998,47,Metinic
25135,2021-07-11T18:26:07Z,14.037999999999998,464,Metinic
25136,2021-07-11T18:31:07Z,13.942,83,Metinic
25137,2021-07-11T18:36:07Z,13.942,512,Metinic
25138,2021-07-11T18:41:07Z,13.942,256,Metinic
25139,2021-07-11T18:46:07Z,13.942,94,Metinic
25140,2021-07-11T18:51:07Z,14.037999999999998,23,Metinic
25141,2021-07-11T18:56:07Z,13.846,9,Metinic
25142,2021-07-11T19:01:07Z,13.942,13,Metinic
25143,2021-07-11T19:06:07Z,13.846,304,Metinic
25144,2021-07-11T19:11:07Z,13.846,14,Metinic
25145,2021-07-11T19:16:07Z,13.75,3,Metinic
25146,2021-07-11T19:21:07Z,13.75,63,Metinic
25147,2021-07-11T19:26:07Z,13.654,400,Metinic
25148,2021-07-11T19:31:07Z,13.75,152,Metinic
25149,2021-07-11T19:36:07Z,13.75,65,Metinic
25150,2021-07-11T19:41:07Z,13.654,512,Metinic
25151,2021-07-11T19:46:07Z,13.654,57,Metinic
25152,2021-07-11T19:51:07Z,13.654,34,Metinic
25153,2021-07-11T19:56:07Z,13.558,15,Metinic
25154,2021-07-11T20:01:07Z,13.461,52,Metinic
25155,2021-07-11T20:06:07Z,13.461,336,Metinic
25156,2021-07-11T20:11:07Z,13.365000000000002,33,Metinic
25157,2021-07-11T20:16:07Z,13.365000000000002,46,Metinic
25158,2021-07-11T20:21:07Z,13.365000000000002,192,Metinic
25159,2021-07-11T20:26:07Z,13.365000000000002,384,Metinic
25160,2021-07-11T20:31:07Z,13.365000000000002,16,Metinic
25161,2021-07-11T20:36:07Z,13.269,2,Metinic
25162,2021-07-11T20:41:07Z,13.269,200,Metinic
25163,2021-07-11T20:46:07Z,13.269,24,Metinic
25164,2021-07-11T20:51:07Z,13.269,90,Metinic
25165,2021-07-11T20:56:07Z,13.173,47,Metinic
25166,2021-07-11T21:01:07Z,13.173,160,Metinic
25167,2021-07-11T21:06:07Z,13.173,54,Metinic
25168,2021-07-11T21:11:07Z,13.173,82,Metinic
25169,2021-07-11T21:16:07Z,13.269,123,Metinic
25170,2021-07-11T21:21:07Z,13.269,168,Metinic
25171,2021-07-11T21:26:07Z,13.365000000000002,42,Metinic
25172,2021-07-11T21:31:07Z,13.365000000000002,144,Metinic
25173,2021-07-11T21:36:07Z,13.365000000000002,51,Metinic
25174,2021-07-11T21:41:07Z,13.365000000000002,74,Metinic
25175,2021-07-11T21:46:07Z,13.365000000000002,12,Metinic
25176,2021-07-11T21:51:07Z,13.461,124,Metinic
25177,2021-07-11T21:56:07Z,13.461,96,Metinic
25178,2021-07-11T22:01:07Z,13.461,72,Metinic
25179,2021-07-11T22:06:07Z,13.461,92,Metinic
25180,2021-07-11T22:11:07Z,13.461,119,Metinic
25181,2021-07-11T22:16:07Z,13.461,25,Metinic
25182,2021-07-11T22:21:07Z,13.461,65,Metinic
25183,2021-07-11T22:26:07Z,13.461,6,Metinic
25184,2021-07-11T22:31:07Z,13.461,73,Metinic
25185,2021-07-11T22:36:07Z,13.461,79,Metinic
25186,2021-07-11T22:41:07Z,13.461,47,Metinic
25187,2021-07-11T22:46:07Z,13.461,16,Metinic
25188,2021-07-11T22:51:07Z,13.558,43,Metinic
25189,2021-07-11T22:56:07Z,13.558,45,Metinic
25190,2021-07-11T23:01:07Z,13.558,9,Metinic
25191,2021-07-11T23:06:07Z,13.558,14,Metinic
25192,2021-07-11T23:11:07Z,13.654,26,Metinic
25193,2021-07-11T23:16:07Z,13.654,12,Metinic
25194,2021-07-11T23:21:07Z,13.654,7,Metinic
25195,2021-07-11T23:26:07Z,13.654,10,Metinic
25196,2021-07-11T23:31:07Z,13.75,20,Metinic
25197,2021-07-11T23:36:07Z,13.846,4,Metinic
25198,2021-07-11T23:41:07Z,13.846,0,Metinic
25199,2021-07-11T23:46:07Z,13.846,0,Metinic
25200,2021-07-11T23:51:07Z,13.846,5,Metinic
25201,2021-07-11T23:56:07Z,13.654,4,Metinic
25202,2021-07-12T00:01:07Z,13.558,0,Metinic
25203,2021-07-12T00:06:07Z,13.461,3,Metinic
25204,2021-07-12T00:11:07Z,13.269,4,Metinic
25205,2021-07-12T00:16:07Z,13.076,0,Metinic
25206,2021-07-12T00:21:07Z,12.883000000000001,0,Metinic
25207,2021-07-12T00:26:07Z,12.786999999999999,0,Metinic
25208,2021-07-12T00:31:07Z,12.786999999999999,0,Metinic
25209,2021-07-12T00:36:07Z,12.883000000000001,0,Metinic
25210,2021-07-12T00:41:07Z,12.69,0,Metinic
25211,2021-07-12T00:46:07Z,12.594,0,Metinic
25212,2021-07-12T00:51:07Z,12.594,0,Metinic
25213,2021-07-12T00:56:07Z,12.497,0,Metinic
25214,2021-07-12T01:01:07Z,12.401,0,Metinic
25215,2021-07-12T01:06:07Z,12.401,0,Metinic
25216,2021-07-12T01:11:07Z,12.401,0,Metinic
25217,2021-07-12T01:16:07Z,12.304,0,Metinic
25218,2021-07-12T01:21:07Z,12.304,0,Metinic
25219,2021-07-12T01:26:07Z,12.304,0,Metinic
25220,2021-07-12T01:31:07Z,12.304,0,Metinic
25221,2021-07-12T01:36:07Z,12.304,0,Metinic
25222,2021-07-12T01:41:07Z,12.304,0,Metinic
25223,2021-07-12T01:46:07Z,12.304,0,Metinic
25224,2021-07-12T01:51:07Z,12.304,0,Metinic
25225,2021-07-12T01:56:07Z,12.304,0,Metinic
25226,2021-07-12T02:01:07Z,12.304,0,Metinic
25227,2021-07-12T02:06:07Z,12.304,0,Metinic
25228,2021-07-12T02:11:07Z,12.304,0,Metinic
25229,2021-07-12T02:16:07Z,12.304,0,Metinic
25230,2021-07-12T02:21:07Z,12.304,0,Metinic
25231,2021-07-12T02:26:07Z,12.304,0,Metinic
25232,2021-07-12T02:31:07Z,12.401,0,Metinic
25233,2021-07-12T02:36:07Z,12.497,0,Metinic
25234,2021-07-12T02:41:07Z,12.594,0,Metinic
25235,2021-07-12T02:46:07Z,12.69,0,Metinic
25236,2021-07-12T02:51:07Z,12.69,0,Metinic
25237,2021-07-12T02:56:07Z,12.69,0,Metinic
25238,2021-07-12T03:01:07Z,12.786999999999999,0,Metinic
25239,2021-07-12T03:06:07Z,12.786999999999999,0,Metinic
25240,2021-07-12T03:11:07Z,12.883000000000001,0,Metinic
25241,2021-07-12T03:16:07Z,12.883000000000001,0,Metinic
25242,2021-07-12T03:21:07Z,12.883000000000001,0,Metinic
25243,2021-07-12T03:26:07Z,12.883000000000001,0,Metinic
25244,2021-07-12T03:31:07Z,12.98,0,Metinic
25245,2021-07-12T03:36:07Z,12.98,0,Metinic
25246,2021-07-12T03:41:07Z,12.98,0,Metinic
25247,2021-07-12T03:46:07Z,12.98,0,Metinic
25248,2021-07-12T03:51:07Z,12.98,0,Metinic
25249,2021-07-12T03:56:07Z,12.98,0,Metinic
25250,2021-07-12T04:01:07Z,12.98,0,Metinic
25251,2021-07-12T04:06:07Z,12.98,0,Metinic
25252,2021-07-12T04:11:07Z,13.076,0,Metinic
25253,2021-07-12T04:16:07Z,13.076,0,Metinic
25254,2021-07-12T04:21:07Z,13.076,0,Metinic
25255,2021-07-12T04:26:07Z,13.173,0,Metinic
25256,2021-07-12T04:31:07Z,13.173,0,Metinic
25257,2021-07-12T04:36:07Z,13.173,0,Metinic
25258,2021-07-12T04:41:07Z,13.269,0,Metinic
25259,2021-07-12T04:46:07Z,13.269,0,Metinic
25260,2021-07-12T04:51:07Z,13.269,0,Metinic
25261,2021-07-12T04:56:07Z,13.365000000000002,0,Metinic
25262,2021-07-12T05:01:07Z,13.365000000000002,0,Metinic
25263,2021-07-12T05:06:07Z,13.461,0,Metinic
25264,2021-07-12T05:11:07Z,13.461,0,Metinic
25265,2021-07-12T05:16:07Z,13.461,0,Metinic
25266,2021-07-12T05:21:07Z,13.461,0,Metinic
25267,2021-07-12T05:26:07Z,13.461,0,Metinic
25268,2021-07-12T05:31:07Z,13.461,0,Metinic
25269,2021-07-12T05:36:07Z,13.461,0,Metinic
25270,2021-07-12T05:41:07Z,13.461,0,Metinic
25271,2021-07-12T05:46:07Z,13.461,0,Metinic
25272,2021-07-12T05:51:07Z,13.461,0,Metinic
25273,2021-07-12T05:56:07Z,13.461,0,Metinic
25274,2021-07-12T06:01:07Z,13.461,0,Metinic
25275,2021-07-12T06:06:07Z,13.558,0,Metinic
25276,2021-07-12T06:11:07Z,13.558,0,Metinic
25277,2021-07-12T06:16:07Z,13.558,0,Metinic
25278,2021-07-12T06:21:07Z,13.558,0,Metinic
25279,2021-07-12T06:26:07Z,13.558,0,Metinic
25280,2021-07-12T06:31:07Z,13.558,0,Metinic
25281,2021-07-12T06:36:07Z,13.558,0,Metinic
25282,2021-07-12T06:41:07Z,13.558,0,Metinic
25283,2021-07-12T06:46:07Z,13.654,0,Metinic
25284,2021-07-12T06:51:07Z,13.654,0,Metinic
25285,2021-07-12T06:56:07Z,13.654,0,Metinic
25286,2021-07-12T07:01:07Z,13.654,0,Metinic
25287,2021-07-12T07:06:07Z,13.558,0,Metinic
25288,2021-07-12T07:11:07Z,13.558,0,Metinic
25289,2021-07-12T07:16:07Z,13.558,0,Metinic
25290,2021-07-12T07:21:07Z,13.461,0,Metinic
25291,2021-07-12T07:26:07Z,13.461,0,Metinic
25292,2021-07-12T07:31:07Z,13.461,0,Metinic
25293,2021-07-12T07:36:07Z,13.461,0,Metinic
25294,2021-07-12T07:41:07Z,13.365000000000002,0,Metinic
25295,2021-07-12T07:46:07Z,13.365000000000002,0,Metinic
25296,2021-07-12T07:51:07Z,13.269,0,Metinic
25297,2021-07-12T07:56:07Z,13.269,0,Metinic
25298,2021-07-12T08:01:07Z,13.269,0,Metinic
25299,2021-07-12T08:06:07Z,13.269,0,Metinic
25300,2021-07-12T08:11:07Z,13.269,0,Metinic
25301,2021-07-12T08:16:07Z,13.269,0,Metinic
25302,2021-07-12T08:21:07Z,13.269,0,Metinic
25303,2021-07-12T08:26:07Z,13.269,0,Metinic
25304,2021-07-12T08:31:07Z,13.269,0,Metinic
25305,2021-07-12T08:36:07Z,13.269,0,Metinic
25306,2021-07-12T08:41:07Z,13.269,0,Metinic
25307,2021-07-12T08:46:07Z,13.269,0,Metinic
25308,2021-07-12T08:51:07Z,13.173,0,Metinic
25309,2021-07-12T08:56:07Z,13.173,0,Metinic
25310,2021-07-12T09:01:07Z,13.173,0,Metinic
25311,2021-07-12T09:06:07Z,13.173,0,Metinic
25312,2021-07-12T09:11:07Z,13.076,0,Metinic
25313,2021-07-12T09:16:07Z,13.076,0,Metinic
25314,2021-07-12T09:21:07Z,13.076,1,Metinic
25315,2021-07-12T09:26:07Z,13.076,7,Metinic
25316,2021-07-12T09:31:07Z,13.076,1,Metinic
25317,2021-07-12T09:36:07Z,13.076,0,Metinic
25318,2021-07-12T09:41:07Z,13.076,7,Metinic
25319,2021-07-12T09:46:07Z,13.173,14,Metinic
25320,2021-07-12T09:51:07Z,13.173,0,Metinic
25321,2021-07-12T09:56:07Z,13.173,0,Metinic
25322,2021-07-12T10:01:07Z,13.269,21,Metinic
25323,2021-07-12T10:06:07Z,13.269,0,Metinic
25324,2021-07-12T10:11:07Z,13.269,0,Metinic
25325,2021-07-12T10:16:07Z,13.365000000000002,17,Metinic
25326,2021-07-12T10:21:07Z,13.461,0,Metinic
25327,2021-07-12T10:26:07Z,13.461,32,Metinic
25328,2021-07-12T10:31:07Z,13.558,17,Metinic
25329,2021-07-12T10:36:07Z,13.558,6,Metinic
25330,2021-07-12T10:41:07Z,13.558,0,Metinic
25331,2021-07-12T10:46:07Z,13.654,0,Metinic
25332,2021-07-12T10:51:07Z,13.654,22,Metinic
25333,2021-07-12T10:56:07Z,13.654,0,Metinic
25334,2021-07-12T11:01:07Z,13.654,0,Metinic
25335,2021-07-12T11:06:07Z,13.75,0,Metinic
25336,2021-07-12T11:11:07Z,13.75,67,Metinic
25337,2021-07-12T11:16:07Z,13.75,55,Metinic
25338,2021-07-12T11:21:07Z,13.75,0,Metinic
25339,2021-07-12T11:26:07Z,13.75,50,Metinic
25340,2021-07-12T11:31:07Z,13.75,108,Metinic
25341,2021-07-12T11:36:07Z,13.75,94,Metinic
25342,2021-07-12T11:41:07Z,13.75,1,Metinic
25343,2021-07-12T11:46:07Z,13.75,49,Metinic
25344,2021-07-12T11:51:07Z,13.654,57,Metinic
25345,2021-07-12T11:56:07Z,13.654,7,Metinic
25346,2021-07-12T12:01:07Z,13.558,152,Metinic
25347,2021-07-12T12:06:07Z,13.558,11,Metinic
25348,2021-07-12T12:11:07Z,13.461,192,Metinic
25349,2021-07-12T12:16:07Z,13.365000000000002,200,Metinic
25350,2021-07-12T12:21:07Z,13.076,1,Metinic
25351,2021-07-12T12:26:07Z,12.883000000000001,37,Metinic
25352,2021-07-12T12:31:07Z,12.883000000000001,160,Metinic
25353,2021-07-12T12:36:07Z,12.98,87,Metinic
25354,2021-07-12T12:41:07Z,12.98,128,Metinic
25355,2021-07-12T12:46:07Z,12.98,176,Metinic
25356,2021-07-12T12:51:07Z,12.883000000000001,111,Metinic
25357,2021-07-12T12:56:07Z,12.786999999999999,144,Metinic
25358,2021-07-12T13:01:07Z,12.69,6,Metinic
25359,2021-07-12T13:06:07Z,12.69,6,Metinic
25360,2021-07-12T13:11:07Z,12.594,31,Metinic
25361,2021-07-12T13:16:07Z,12.497,33,Metinic
25362,2021-07-12T13:21:07Z,12.497,2,Metinic
25363,2021-07-12T13:26:07Z,12.401,98,Metinic
25364,2021-07-12T13:31:07Z,12.304,2,Metinic
25365,2021-07-12T13:36:07Z,12.304,1,Metinic
25366,2021-07-12T13:41:07Z,12.304,67,Metinic
25367,2021-07-12T13:46:07Z,12.304,22,Metinic
25368,2021-07-12T13:51:07Z,12.304,59,Metinic
25369,2021-07-12T13:56:07Z,12.304,90,Metinic
25370,2021-07-12T14:01:07Z,12.304,109,Metinic
25371,2021-07-12T14:06:07Z,12.304,73,Metinic
25372,2021-07-12T14:11:07Z,12.401,43,Metinic
25373,2021-07-12T14:16:07Z,12.401,0,Metinic
25374,2021-07-12T14:21:07Z,12.401,17,Metinic
25375,2021-07-12T14:26:07Z,12.401,108,Metinic
25376,2021-07-12T14:31:07Z,12.401,46,Metinic
25377,2021-07-12T14:36:07Z,12.401,78,Metinic
25378,2021-07-12T14:41:07Z,12.401,86,Metinic
25379,2021-07-12T14:46:07Z,12.497,6,Metinic
25380,2021-07-12T14:51:07Z,12.497,31,Metinic
25381,2021-07-12T14:56:07Z,12.497,45,Metinic
25382,2021-07-12T15:01:07Z,12.497,15,Metinic
25383,2021-07-12T15:06:07Z,12.497,5,Metinic
25384,2021-07-12T15:11:07Z,12.497,240,Metinic
25385,2021-07-12T15:16:07Z,12.594,304,Metinic
25386,2021-07-12T15:21:07Z,12.594,7,Metinic
25387,2021-07-12T15:26:07Z,12.594,4,Metinic
25388,2021-07-12T15:31:07Z,12.69,6,Metinic
25389,2021-07-12T15:36:07Z,12.69,106,Metinic
25390,2021-07-12T15:41:07Z,12.69,144,Metinic
25391,2021-07-12T15:46:07Z,12.69,32,Metinic
25392,2021-07-12T15:51:07Z,12.69,232,Metinic
25393,2021-07-12T15:56:07Z,12.786999999999999,3,Metinic
25394,2021-07-12T16:01:07Z,12.786999999999999,176,Metinic
25395,2021-07-12T16:06:07Z,12.786999999999999,38,Metinic
25396,2021-07-12T16:11:07Z,12.786999999999999,7,Metinic
25397,2021-07-12T16:16:07Z,12.883000000000001,10,Metinic
25398,2021-07-12T16:21:07Z,12.883000000000001,116,Metinic
25399,2021-07-12T16:26:07Z,12.883000000000001,81,Metinic
25400,2021-07-12T16:31:07Z,12.883000000000001,136,Metinic
25401,2021-07-12T16:36:07Z,12.98,9,Metinic
25402,2021-07-12T16:41:07Z,12.98,64,Metinic
25403,2021-07-12T16:46:07Z,12.98,39,Metinic
25404,2021-07-12T16:51:07Z,12.98,106,Metinic
25405,2021-07-12T16:56:07Z,12.98,76,Metinic
25406,2021-07-12T17:01:07Z,13.076,35,Metinic
25407,2021-07-12T17:06:07Z,13.076,71,Metinic
25408,2021-07-12T17:11:07Z,13.173,1,Metinic
25409,2021-07-12T17:16:07Z,13.173,1,Metinic
25410,2021-07-12T17:21:07Z,13.173,24,Metinic
25411,2021-07-12T17:26:07Z,13.173,105,Metinic
25412,2021-07-12T17:31:07Z,13.269,7,Metinic
25413,2021-07-12T17:36:07Z,13.269,232,Metinic
25414,2021-07-12T17:41:07Z,13.269,160,Metinic
25415,2021-07-12T17:46:07Z,13.269,200,Metinic
25416,2021-07-12T17:51:07Z,13.365000000000002,18,Metinic
25417,2021-07-12T17:56:07Z,13.269,288,Metinic
25418,2021-07-12T18:01:07Z,13.269,53,Metinic
25419,2021-07-12T18:06:07Z,13.173,14,Metinic
25420,2021-07-12T18:11:07Z,13.173,288,Metinic
25421,2021-07-12T18:16:07Z,13.076,352,Metinic
25422,2021-07-12T18:21:07Z,13.173,14,Metinic
25423,2021-07-12T18:26:07Z,13.076,320,Metinic
25424,2021-07-12T18:31:07Z,13.173,144,Metinic
25425,2021-07-12T18:36:07Z,13.173,224,Metinic
25426,2021-07-12T18:41:07Z,13.269,152,Metinic
25427,2021-07-12T18:46:07Z,13.269,19,Metinic
25428,2021-07-12T18:51:07Z,13.365000000000002,28,Metinic
25429,2021-07-12T18:56:07Z,13.461,44,Metinic
25430,2021-07-12T19:01:07Z,13.558,42,Metinic
25431,2021-07-12T19:06:07Z,13.558,59,Metinic
25432,2021-07-12T19:11:07Z,13.558,12,Metinic
25433,2021-07-12T19:16:07Z,13.654,15,Metinic
25434,2021-07-12T19:21:07Z,13.558,77,Metinic
25435,2021-07-12T19:26:07Z,13.558,50,Metinic
25436,2021-07-12T19:31:07Z,13.654,4,Metinic
25437,2021-07-12T19:36:07Z,13.654,16,Metinic
25438,2021-07-12T19:41:07Z,13.654,75,Metinic
25439,2021-07-12T19:46:07Z,13.654,50,Metinic
25440,2021-07-12T19:51:07Z,13.654,512,Metinic
25441,2021-07-12T19:56:07Z,13.654,40,Metinic
25442,2021-07-12T20:01:07Z,13.558,92,Metinic
25443,2021-07-12T20:06:07Z,13.558,40,Metinic
25444,2021-07-12T20:11:07Z,13.558,21,Metinic
25445,2021-07-12T20:16:07Z,13.558,24,Metinic
25446,2021-07-12T20:21:07Z,13.558,168,Metinic
25447,2021-07-12T20:26:07Z,13.558,136,Metinic
25448,2021-07-12T20:31:07Z,13.558,90,Metinic
25449,2021-07-12T20:36:07Z,13.654,25,Metinic
25450,2021-07-12T20:41:07Z,13.75,15,Metinic
25451,2021-07-12T20:46:07Z,13.654,304,Metinic
25452,2021-07-12T20:51:07Z,13.654,37,Metinic
25453,2021-07-12T20:56:07Z,13.654,272,Metinic
25454,2021-07-12T21:01:07Z,13.654,184,Metinic
25455,2021-07-12T21:06:07Z,13.654,8,Metinic
25456,2021-07-12T21:11:07Z,13.654,5,Metinic
25457,2021-07-12T21:16:07Z,13.75,62,Metinic
25458,2021-07-12T21:21:07Z,13.75,23,Metinic
25459,2021-07-12T21:26:07Z,13.846,26,Metinic
25460,2021-07-12T21:31:07Z,13.75,144,Metinic
25461,2021-07-12T21:36:07Z,13.846,22,Metinic
25462,2021-07-12T21:41:07Z,13.942,13,Metinic
25463,2021-07-12T21:46:07Z,13.942,288,Metinic
25464,2021-07-12T21:51:07Z,13.942,67,Metinic
25465,2021-07-12T21:56:07Z,14.037999999999998,107,Metinic
25466,2021-07-12T22:01:07Z,14.037999999999998,17,Metinic
25467,2021-07-12T22:06:07Z,14.037999999999998,53,Metinic
25468,2021-07-12T22:11:07Z,14.133999999999999,35,Metinic
25469,2021-07-12T22:16:07Z,14.133999999999999,71,Metinic
25470,2021-07-12T22:21:07Z,14.133999999999999,2,Metinic
25471,2021-07-12T22:26:07Z,14.229999999999999,33,Metinic
25472,2021-07-12T22:31:07Z,14.229999999999999,5,Metinic
25473,2021-07-12T22:36:07Z,14.229999999999999,4,Metinic
25474,2021-07-12T22:41:07Z,14.229999999999999,29,Metinic
25475,2021-07-12T22:46:07Z,14.229999999999999,65,Metinic
25476,2021-07-12T22:51:07Z,14.229999999999999,8,Metinic
25477,2021-07-12T22:56:07Z,14.229999999999999,60,Metinic
25478,2021-07-12T23:01:07Z,14.325000000000001,10,Metinic
25479,2021-07-12T23:06:07Z,14.325000000000001,2,Metinic
25480,2021-07-12T23:11:07Z,14.325000000000001,46,Metinic
25481,2021-07-12T23:16:07Z,14.325000000000001,1,Metinic
25482,2021-07-12T23:21:07Z,14.229999999999999,25,Metinic
25483,2021-07-12T23:26:07Z,14.229999999999999,5,Metinic
25484,2021-07-12T23:31:07Z,14.229999999999999,16,Metinic
25485,2021-07-12T23:36:07Z,14.229999999999999,2,Metinic
25486,2021-07-12T23:41:07Z,14.229999999999999,24,Metinic
25487,2021-07-12T23:46:07Z,14.229999999999999,7,Metinic
25488,2021-07-12T23:51:07Z,14.229999999999999,15,Metinic
25489,2021-07-12T23:56:07Z,14.229999999999999,0,Metinic
25490,2021-07-13T00:01:07Z,14.229999999999999,0,Metinic
25491,2021-07-13T00:06:07Z,14.229999999999999,0,Metinic
25492,2021-07-13T00:11:07Z,14.133999999999999,0,Metinic
25493,2021-07-13T00:16:07Z,13.942,0,Metinic
25494,2021-07-13T00:21:07Z,13.846,0,Metinic
25495,2021-07-13T00:26:07Z,13.846,0,Metinic
25496,2021-07-13T00:31:07Z,13.846,0,Metinic
25497,2021-07-13T00:36:07Z,13.75,0,Metinic
25498,2021-07-13T00:41:07Z,13.654,0,Metinic
25499,2021-07-13T00:46:07Z,13.558,0,Metinic
25500,2021-07-13T00:51:07Z,13.461,0,Metinic
25501,2021-07-13T00:56:07Z,13.365000000000002,0,Metinic
25502,2021-07-13T01:01:07Z,13.269,0,Metinic
25503,2021-07-13T01:06:07Z,13.269,0,Metinic
25504,2021-07-13T01:11:07Z,13.173,0,Metinic
25505,2021-07-13T01:16:07Z,13.076,0,Metinic
25506,2021-07-13T01:21:07Z,12.98,0,Metinic
25507,2021-07-13T01:26:07Z,12.883000000000001,0,Metinic
25508,2021-07-13T01:31:07Z,12.883000000000001,0,Metinic
25509,2021-07-13T01:36:07Z,12.786999999999999,0,Metinic
25510,2021-07-13T01:41:07Z,12.786999999999999,0,Metinic
25511,2021-07-13T01:46:07Z,12.69,0,Metinic
25512,2021-07-13T01:51:07Z,12.69,0,Metinic
25513,2021-07-13T01:56:07Z,12.594,0,Metinic
25514,2021-07-13T02:01:07Z,12.594,0,Metinic
25515,2021-07-13T02:06:07Z,12.69,0,Metinic
25516,2021-07-13T02:11:07Z,12.69,0,Metinic
25517,2021-07-13T02:16:07Z,12.883000000000001,0,Metinic
25518,2021-07-13T02:21:07Z,12.883000000000001,0,Metinic
25519,2021-07-13T02:26:07Z,12.883000000000001,0,Metinic
25520,2021-07-13T02:31:07Z,12.786999999999999,0,Metinic
25521,2021-07-13T02:36:07Z,12.69,0,Metinic
25522,2021-07-13T02:41:07Z,12.69,0,Metinic
25523,2021-07-13T02:46:07Z,12.497,0,Metinic
25524,2021-07-13T02:51:07Z,12.497,0,Metinic
25525,2021-07-13T02:56:07Z,12.497,0,Metinic
25526,2021-07-13T03:01:07Z,12.594,0,Metinic
25527,2021-07-13T03:06:07Z,12.594,0,Metinic
25528,2021-07-13T03:11:07Z,12.594,0,Metinic
25529,2021-07-13T03:16:07Z,12.594,0,Metinic
25530,2021-07-13T03:21:07Z,12.594,0,Metinic
25531,2021-07-13T03:26:07Z,12.69,0,Metinic
25532,2021-07-13T03:31:07Z,12.69,0,Metinic
25533,2021-07-13T03:36:07Z,12.69,0,Metinic
25534,2021-07-13T03:41:07Z,12.786999999999999,0,Metinic
25535,2021-07-13T03:46:07Z,12.786999999999999,0,Metinic
25536,2021-07-13T03:51:07Z,12.883000000000001,0,Metinic
25537,2021-07-13T03:56:07Z,12.883000000000001,0,Metinic
25538,2021-07-13T04:01:07Z,12.98,0,Metinic
25539,2021-07-13T04:06:07Z,12.98,0,Metinic
25540,2021-07-13T04:11:07Z,13.076,0,Metinic
25541,2021-07-13T04:16:07Z,13.076,0,Metinic
25542,2021-07-13T04:21:07Z,13.076,0,Metinic
25543,2021-07-13T04:26:07Z,13.173,0,Metinic
25544,2021-07-13T04:31:07Z,13.173,0,Metinic
25545,2021-07-13T04:36:07Z,13.269,0,Metinic
25546,2021-07-13T04:41:07Z,13.269,0,Metinic
25547,2021-07-13T04:46:07Z,13.269,0,Metinic
25548,2021-07-13T04:51:07Z,13.173,0,Metinic
25549,2021-07-13T04:56:07Z,13.269,0,Metinic
25550,2021-07-13T05:01:07Z,13.269,0,Metinic
25551,2021-07-13T05:06:07Z,13.269,0,Metinic
25552,2021-07-13T05:11:07Z,13.269,0,Metinic
25553,2021-07-13T05:16:07Z,13.269,0,Metinic
25554,2021-07-13T05:21:07Z,13.269,0,Metinic
25555,2021-07-13T05:26:07Z,13.269,0,Metinic
25556,2021-07-13T05:31:07Z,13.269,0,Metinic
25557,2021-07-13T05:36:07Z,13.365000000000002,0,Metinic
25558,2021-07-13T05:41:07Z,13.365000000000002,0,Metinic
25559,2021-07-13T05:46:07Z,13.269,0,Metinic
25560,2021-07-13T05:51:07Z,13.269,0,Metinic
25561,2021-07-13T05:56:07Z,13.269,0,Metinic
25562,2021-07-13T06:01:07Z,13.269,0,Metinic
25563,2021-07-13T06:06:07Z,13.269,0,Metinic
25564,2021-07-13T06:11:07Z,13.365000000000002,0,Metinic
25565,2021-07-13T06:16:07Z,13.365000000000002,0,Metinic
25566,2021-07-13T06:21:07Z,13.365000000000002,0,Metinic
25567,2021-07-13T06:26:07Z,13.365000000000002,0,Metinic
25568,2021-07-13T06:31:07Z,13.365000000000002,0,Metinic
25569,2021-07-13T06:36:07Z,13.365000000000002,0,Metinic
25570,2021-07-13T06:41:07Z,13.365000000000002,0,Metinic
25571,2021-07-13T06:46:07Z,13.365000000000002,0,Metinic
25572,2021-07-13T06:51:07Z,13.461,0,Metinic
25573,2021-07-13T06:56:07Z,13.461,0,Metinic
25574,2021-07-13T07:01:07Z,13.461,0,Metinic
25575,2021-07-13T07:06:07Z,13.461,0,Metinic
25576,2021-07-13T07:11:07Z,13.461,0,Metinic
25577,2021-07-13T07:16:07Z,13.558,0,Metinic
25578,2021-07-13T07:21:07Z,13.558,0,Metinic
25579,2021-07-13T07:26:07Z,13.558,0,Metinic
25580,2021-07-13T07:31:07Z,13.461,0,Metinic
25581,2021-07-13T07:36:07Z,13.461,0,Metinic
25582,2021-07-13T07:41:07Z,13.461,0,Metinic
25583,2021-07-13T07:46:07Z,13.461,0,Metinic
25584,2021-07-13T07:51:07Z,13.365000000000002,0,Metinic
25585,2021-07-13T07:56:07Z,13.365000000000002,0,Metinic
25586,2021-07-13T08:01:07Z,13.269,0,Metinic
25587,2021-07-13T08:06:07Z,13.269,0,Metinic
25588,2021-07-13T08:11:07Z,13.269,0,Metinic
25589,2021-07-13T08:16:07Z,13.269,0,Metinic
25590,2021-07-13T08:21:07Z,13.173,0,Metinic
25591,2021-07-13T08:26:07Z,13.269,0,Metinic
25592,2021-07-13T08:31:07Z,13.269,0,Metinic
25593,2021-07-13T08:36:07Z,13.269,0,Metinic
25594,2021-07-13T08:41:07Z,13.269,0,Metinic
25595,2021-07-13T08:46:07Z,13.173,0,Metinic
25596,2021-07-13T08:51:07Z,13.269,0,Metinic
25597,2021-07-13T08:56:07Z,13.269,0,Metinic
25598,2021-07-13T09:01:07Z,13.269,0,Metinic
25599,2021-07-13T09:06:07Z,13.269,1,Metinic
25600,2021-07-13T09:11:07Z,13.173,2,Metinic
25601,2021-07-13T09:16:07Z,13.076,0,Metinic
25602,2021-07-13T09:21:07Z,13.076,4,Metinic
25603,2021-07-13T09:26:07Z,13.076,0,Metinic
25604,2021-07-13T09:31:07Z,13.076,0,Metinic
25605,2021-07-13T09:36:07Z,13.076,19,Metinic
25606,2021-07-13T09:41:07Z,13.076,3,Metinic
25607,2021-07-13T09:46:07Z,13.173,0,Metinic
25608,2021-07-13T09:51:07Z,13.173,42,Metinic
25609,2021-07-13T09:56:07Z,13.269,1,Metinic
25610,2021-07-13T10:01:07Z,13.269,43,Metinic
25611,2021-07-13T10:06:07Z,13.269,2,Metinic
25612,2021-07-13T10:11:07Z,13.269,47,Metinic
25613,2021-07-13T10:16:07Z,13.269,9,Metinic
25614,2021-07-13T10:21:07Z,13.365000000000002,33,Metinic
25615,2021-07-13T10:26:07Z,13.365000000000002,51,Metinic
25616,2021-07-13T10:31:07Z,13.269,14,Metinic
25617,2021-07-13T10:36:07Z,13.365000000000002,32,Metinic
25618,2021-07-13T10:41:07Z,13.365000000000002,21,Metinic
25619,2021-07-13T10:46:07Z,13.365000000000002,2,Metinic
25620,2021-07-13T10:51:07Z,13.365000000000002,7,Metinic
25621,2021-07-13T10:56:07Z,13.461,27,Metinic
25622,2021-07-13T11:01:07Z,13.558,6,Metinic
25623,2021-07-13T11:06:07Z,13.558,60,Metinic
25624,2021-07-13T11:11:07Z,13.558,176,Metinic
25625,2021-07-13T11:16:07Z,13.365000000000002,36,Metinic
25626,2021-07-13T11:21:07Z,13.173,176,Metinic
25627,2021-07-13T11:26:07Z,13.173,18,Metinic
25628,2021-07-13T11:31:07Z,13.076,416,Metinic
25629,2021-07-13T11:36:07Z,12.98,52,Metinic
25630,2021-07-13T11:41:07Z,12.98,160,Metinic
25631,2021-07-13T11:46:07Z,12.98,9,Metinic
25632,2021-07-13T11:51:07Z,12.98,11,Metinic
25633,2021-07-13T11:56:07Z,12.883000000000001,26,Metinic
25634,2021-07-13T12:01:07Z,12.883000000000001,144,Metinic
25635,2021-07-13T12:06:07Z,12.883000000000001,38,Metinic
25636,2021-07-13T12:11:07Z,12.883000000000001,124,Metinic
25637,2021-07-13T12:16:07Z,12.883000000000001,6,Metinic
25638,2021-07-13T12:21:07Z,13.076,10,Metinic
25639,2021-07-13T12:26:07Z,13.076,14,Metinic
25640,2021-07-13T12:31:07Z,13.269,31,Metinic
25641,2021-07-13T12:36:07Z,13.076,71,Metinic
25642,2021-07-13T12:41:07Z,13.076,16,Metinic
25643,2021-07-13T12:46:07Z,13.173,192,Metinic
25644,2021-07-13T12:51:07Z,13.173,75,Metinic
25645,2021-07-13T12:56:07Z,13.076,368,Metinic
25646,2021-07-13T13:01:07Z,13.076,3,Metinic
25647,2021-07-13T13:06:07Z,12.98,256,Metinic
25648,2021-07-13T13:11:07Z,12.883000000000001,288,Metinic
25649,2021-07-13T13:16:07Z,12.98,19,Metinic
25650,2021-07-13T13:21:07Z,12.786999999999999,768,Metinic
25651,2021-07-13T13:26:07Z,12.786999999999999,400,Metinic
25652,2021-07-13T13:31:07Z,12.786999999999999,896,Metinic
25653,2021-07-13T13:36:07Z,12.786999999999999,224,Metinic
25654,2021-07-13T13:41:07Z,12.594,576,Metinic
25655,2021-07-13T13:46:07Z,12.594,8,Metinic
25656,2021-07-13T13:51:07Z,12.594,4,Metinic
25657,2021-07-13T13:56:07Z,12.497,11,Metinic
25658,2021-07-13T14:01:07Z,12.401,224,Metinic
25659,2021-07-13T14:06:07Z,12.304,136,Metinic
25660,2021-07-13T14:11:07Z,12.304,368,Metinic
25661,2021-07-13T14:16:07Z,12.304,77,Metinic
25662,2021-07-13T14:21:07Z,12.304,60,Metinic
25663,2021-07-13T14:26:07Z,12.304,63,Metinic
25664,2021-07-13T14:31:07Z,12.304,62,Metinic
25665,2021-07-13T14:36:07Z,12.304,88,Metinic
25666,2021-07-13T14:41:07Z,12.304,9,Metinic
25667,2021-07-13T14:46:07Z,12.304,61,Metinic
25668,2021-07-13T14:51:07Z,12.304,176,Metinic
25669,2021-07-13T14:56:07Z,12.206999999999999,128,Metinic
25670,2021-07-13T15:01:07Z,12.304,4,Metinic
25671,2021-07-13T15:06:07Z,12.304,6,Metinic
25672,2021-07-13T15:11:07Z,12.304,70,Metinic
25673,2021-07-13T15:16:07Z,12.401,6,Metinic
25674,2021-07-13T15:21:07Z,12.497,200,Metinic
25675,2021-07-13T15:26:07Z,12.497,5,Metinic
25676,2021-07-13T15:31:07Z,12.594,10,Metinic
25677,2021-07-13T15:36:07Z,12.69,10,Metinic
25678,2021-07-13T15:41:07Z,12.69,0,Metinic
25679,2021-07-13T15:46:07Z,12.69,160,Metinic
25680,2021-07-13T15:51:07Z,12.69,176,Metinic
25681,2021-07-13T15:56:07Z,12.786999999999999,37,Metinic
25682,2021-07-13T16:01:07Z,12.98,136,Metinic
25683,2021-07-13T16:06:07Z,13.076,1,Metinic
25684,2021-07-13T16:11:07Z,13.173,16,Metinic
25685,2021-07-13T16:16:07Z,13.076,8,Metinic
25686,2021-07-13T16:21:07Z,13.173,17,Metinic
25687,2021-07-13T16:26:07Z,13.173,6,Metinic
25688,2021-07-13T16:31:07Z,13.269,1,Metinic
25689,2021-07-13T16:36:07Z,13.269,14,Metinic
25690,2021-07-13T16:41:07Z,13.269,50,Metinic
25691,2021-07-13T16:46:07Z,13.269,4,Metinic
25692,2021-07-13T16:51:07Z,13.269,2,Metinic
25693,2021-07-13T16:56:07Z,13.365000000000002,5,Metinic
25694,2021-07-13T17:01:07Z,13.461,12,Metinic
25695,2021-07-13T17:06:07Z,13.558,17,Metinic
25696,2021-07-13T17:11:07Z,13.461,136,Metinic
25697,2021-07-13T17:16:07Z,13.461,208,Metinic
25698,2021-07-13T17:21:07Z,13.461,14,Metinic
25699,2021-07-13T17:26:07Z,13.558,272,Metinic
25700,2021-07-13T17:31:07Z,13.558,184,Metinic
25701,2021-07-13T17:36:07Z,13.75,9,Metinic
25702,2021-07-13T17:41:07Z,13.75,288,Metinic
25703,2021-07-13T17:46:07Z,13.846,13,Metinic
25704,2021-07-13T17:51:07Z,13.846,11,Metinic
25705,2021-07-13T17:56:07Z,13.846,46,Metinic
25706,2021-07-13T18:01:07Z,13.942,480,Metinic
25707,2021-07-13T18:06:07Z,13.846,51,Metinic
25708,2021-07-13T18:11:07Z,13.942,432,Metinic
25709,2021-07-13T18:16:07Z,13.846,400,Metinic
25710,2021-07-13T18:21:07Z,13.942,20,Metinic
25711,2021-07-13T18:26:07Z,13.846,576,Metinic
25712,2021-07-13T18:31:07Z,13.942,26,Metinic
25713,2021-07-13T18:36:07Z,13.846,192,Metinic
25714,2021-07-13T18:41:07Z,13.846,52,Metinic
25715,2021-07-13T18:46:07Z,13.846,23,Metinic
25716,2021-07-13T18:51:07Z,13.846,224,Metinic
25717,2021-07-13T18:56:07Z,13.846,216,Metinic
25718,2021-07-13T19:01:07Z,13.942,10,Metinic
25719,2021-07-13T19:06:07Z,13.942,23,Metinic
25720,2021-07-13T19:11:07Z,13.942,54,Metinic
25721,2021-07-13T19:16:07Z,14.037999999999998,14,Metinic
25722,2021-07-13T19:21:07Z,13.942,144,Metinic
25723,2021-07-13T19:26:07Z,14.037999999999998,13,Metinic
25724,2021-07-13T19:31:07Z,13.942,304,Metinic
25725,2021-07-13T19:36:07Z,14.037999999999998,464,Metinic
25726,2021-07-13T19:41:07Z,14.037999999999998,248,Metinic
25727,2021-07-13T19:46:07Z,13.942,93,Metinic
25728,2021-07-13T19:51:07Z,13.942,8,Metinic
25729,2021-07-13T19:56:07Z,14.037999999999998,4,Metinic
25730,2021-07-13T20:01:07Z,14.037999999999998,11,Metinic
25731,2021-07-13T20:06:07Z,13.942,240,Metinic
25732,2021-07-13T20:11:07Z,13.942,105,Metinic
25733,2021-07-13T20:16:07Z,13.942,10,Metinic
25734,2021-07-13T20:21:07Z,13.942,16,Metinic
25735,2021-07-13T20:26:07Z,13.942,116,Metinic
25736,2021-07-13T20:31:07Z,13.942,3,Metinic
25737,2021-07-13T20:36:07Z,14.037999999999998,10,Metinic
25738,2021-07-13T20:41:07Z,13.942,41,Metinic
25739,2021-07-13T20:46:07Z,14.037999999999998,2,Metinic
25740,2021-07-13T20:51:07Z,13.942,128,Metinic
25741,2021-07-13T20:56:07Z,13.942,106,Metinic
25742,2021-07-13T21:01:07Z,13.942,6,Metinic
25743,2021-07-13T21:06:07Z,14.037999999999998,102,Metinic
25744,2021-07-13T21:11:07Z,14.037999999999998,13,Metinic
25745,2021-07-13T21:16:07Z,14.037999999999998,152,Metinic
25746,2021-07-13T21:21:07Z,14.037999999999998,128,Metinic
25747,2021-07-13T21:26:07Z,14.037999999999998,107,Metinic
25748,2021-07-13T21:31:07Z,14.037999999999998,16,Metinic
25749,2021-07-13T21:36:07Z,14.037999999999998,3,Metinic
25750,2021-07-13T21:41:07Z,14.037999999999998,107,Metinic
25751,2021-07-13T21:46:07Z,14.037999999999998,55,Metinic
25752,2021-07-13T21:51:07Z,13.942,58,Metinic
25753,2021-07-13T21:56:07Z,13.942,3,Metinic
25754,2021-07-13T22:01:07Z,13.942,1,Metinic
25755,2021-07-13T22:06:07Z,13.942,13,Metinic
25756,2021-07-13T22:11:07Z,13.942,62,Metinic
25757,2021-07-13T22:16:07Z,13.942,46,Metinic
25758,2021-07-13T22:21:07Z,13.942,6,Metinic
25759,2021-07-13T22:26:07Z,13.942,41,Metinic
25760,2021-07-13T22:31:07Z,13.942,3,Metinic
25761,2021-07-13T22:36:07Z,13.942,91,Metinic
25762,2021-07-13T22:41:07Z,13.942,36,Metinic
25763,2021-07-13T22:46:07Z,13.942,16,Metinic
25764,2021-07-13T22:51:07Z,13.942,2,Metinic
25765,2021-07-13T22:56:07Z,14.037999999999998,3,Metinic
25766,2021-07-13T23:01:07Z,14.037999999999998,6,Metinic
25767,2021-07-13T23:06:07Z,14.037999999999998,28,Metinic
25768,2021-07-13T23:11:07Z,14.037999999999998,9,Metinic
25769,2021-07-13T23:16:07Z,14.037999999999998,11,Metinic
25770,2021-07-13T23:21:07Z,14.037999999999998,9,Metinic
25771,2021-07-13T23:26:07Z,14.037999999999998,1,Metinic
25772,2021-07-13T23:31:07Z,14.037999999999998,0,Metinic
25773,2021-07-13T23:36:07Z,14.037999999999998,0,Metinic
25774,2021-07-13T23:41:07Z,14.037999999999998,9,Metinic
25775,2021-07-13T23:46:07Z,14.037999999999998,8,Metinic
25776,2021-07-13T23:51:07Z,14.037999999999998,2,Metinic
25777,2021-07-13T23:56:07Z,14.037999999999998,1,Metinic
25778,2021-07-14T00:01:07Z,14.037999999999998,0,Metinic
25779,2021-07-14T00:06:07Z,14.037999999999998,3,Metinic
25780,2021-07-14T00:11:07Z,14.037999999999998,2,Metinic
25781,2021-07-14T00:16:07Z,14.037999999999998,0,Metinic
25782,2021-07-14T00:21:07Z,14.133999999999999,0,Metinic
25783,2021-07-14T00:26:07Z,14.133999999999999,0,Metinic
25784,2021-07-14T00:31:07Z,14.133999999999999,0,Metinic
25785,2021-07-14T00:36:07Z,14.133999999999999,0,Metinic
25786,2021-07-14T00:41:07Z,14.133999999999999,0,Metinic
25787,2021-07-14T00:46:07Z,14.037999999999998,0,Metinic
25788,2021-07-14T00:51:07Z,13.846,0,Metinic
25789,2021-07-14T00:56:07Z,13.75,0,Metinic
25790,2021-07-14T01:01:07Z,13.558,0,Metinic
25791,2021-07-14T01:06:07Z,13.461,0,Metinic
25792,2021-07-14T01:11:07Z,13.365000000000002,0,Metinic
25793,2021-07-14T01:16:07Z,13.173,0,Metinic
25794,2021-07-14T01:21:07Z,13.076,0,Metinic
25795,2021-07-14T01:26:07Z,13.076,0,Metinic
25796,2021-07-14T01:31:07Z,12.98,0,Metinic
25797,2021-07-14T01:36:07Z,12.98,0,Metinic
25798,2021-07-14T01:41:07Z,12.883000000000001,0,Metinic
25799,2021-07-14T01:46:07Z,12.883000000000001,0,Metinic
25800,2021-07-14T01:51:07Z,12.69,0,Metinic
25801,2021-07-14T01:56:07Z,12.594,0,Metinic
25802,2021-07-14T02:01:07Z,12.497,0,Metinic
25803,2021-07-14T02:06:07Z,12.497,0,Metinic
25804,2021-07-14T02:11:07Z,12.401,0,Metinic
25805,2021-07-14T02:16:07Z,12.304,0,Metinic
25806,2021-07-14T02:21:07Z,12.304,0,Metinic
25807,2021-07-14T02:26:07Z,12.206999999999999,0,Metinic
25808,2021-07-14T02:31:07Z,12.11,0,Metinic
25809,2021-07-14T02:36:07Z,12.11,0,Metinic
25810,2021-07-14T02:41:07Z,12.11,0,Metinic
25811,2021-07-14T02:46:07Z,12.11,0,Metinic
25812,2021-07-14T02:51:07Z,12.11,0,Metinic
25813,2021-07-14T02:56:07Z,12.11,0,Metinic
25814,2021-07-14T03:01:07Z,12.206999999999999,0,Metinic
25815,2021-07-14T03:06:07Z,12.206999999999999,0,Metinic
25816,2021-07-14T03:11:07Z,12.304,0,Metinic
25817,2021-07-14T03:16:07Z,12.401,0,Metinic
25818,2021-07-14T03:21:07Z,12.401,0,Metinic
25819,2021-07-14T03:26:07Z,12.497,0,Metinic
25820,2021-07-14T03:31:07Z,12.497,0,Metinic
25821,2021-07-14T03:36:07Z,12.594,0,Metinic
25822,2021-07-14T03:41:07Z,12.594,0,Metinic
25823,2021-07-14T03:46:07Z,12.69,0,Metinic
25824,2021-07-14T03:51:07Z,12.786999999999999,0,Metinic
25825,2021-07-14T03:56:07Z,12.883000000000001,0,Metinic
25826,2021-07-14T04:01:07Z,13.076,0,Metinic
25827,2021-07-14T04:06:07Z,13.269,0,Metinic
25828,2021-07-14T04:11:07Z,13.269,0,Metinic
25829,2021-07-14T04:16:07Z,13.558,0,Metinic
25830,2021-07-14T04:21:07Z,13.654,0,Metinic
25831,2021-07-14T04:26:07Z,13.75,0,Metinic
25832,2021-07-14T04:31:07Z,13.75,0,Metinic
25833,2021-07-14T04:36:07Z,13.846,0,Metinic
25834,2021-07-14T04:41:07Z,13.846,0,Metinic
25835,2021-07-14T04:46:07Z,13.75,0,Metinic
25836,2021-07-14T04:51:07Z,13.558,0,Metinic
25837,2021-07-14T04:56:07Z,13.558,0,Metinic
25838,2021-07-14T05:01:07Z,13.461,0,Metinic
25839,2021-07-14T05:06:07Z,13.461,0,Metinic
25840,2021-07-14T05:11:07Z,13.558,0,Metinic
25841,2021-07-14T05:16:07Z,13.558,0,Metinic
25842,2021-07-14T05:21:07Z,13.558,0,Metinic
25843,2021-07-14T05:26:07Z,13.558,0,Metinic
25844,2021-07-14T05:31:07Z,13.558,0,Metinic
25845,2021-07-14T05:36:07Z,13.654,0,Metinic
25846,2021-07-14T05:41:07Z,13.654,0,Metinic
25847,2021-07-14T05:46:07Z,13.654,0,Metinic
25848,2021-07-14T05:51:07Z,13.558,0,Metinic
25849,2021-07-14T05:56:07Z,13.558,0,Metinic
25850,2021-07-14T06:01:07Z,13.558,0,Metinic
25851,2021-07-14T06:06:07Z,13.558,0,Metinic
25852,2021-07-14T06:11:07Z,13.461,0,Metinic
25853,2021-07-14T06:16:07Z,13.461,0,Metinic
25854,2021-07-14T06:21:07Z,13.365000000000002,0,Metinic
25855,2021-07-14T06:26:07Z,13.269,0,Metinic
25856,2021-07-14T06:31:07Z,13.269,0,Metinic
25857,2021-07-14T06:36:07Z,13.365000000000002,0,Metinic
25858,2021-07-14T06:41:07Z,13.461,0,Metinic
25859,2021-07-14T06:46:07Z,13.558,0,Metinic
25860,2021-07-14T06:51:07Z,13.461,0,Metinic
25861,2021-07-14T06:56:07Z,13.461,0,Metinic
25862,2021-07-14T07:01:07Z,13.558,0,Metinic
25863,2021-07-14T07:06:07Z,13.558,0,Metinic
25864,2021-07-14T07:11:07Z,13.558,0,Metinic
25865,2021-07-14T07:16:07Z,13.461,0,Metinic
25866,2021-07-14T07:21:07Z,13.558,0,Metinic
25867,2021-07-14T07:26:07Z,13.461,0,Metinic
25868,2021-07-14T07:31:07Z,13.461,0,Metinic
25869,2021-07-14T07:36:07Z,13.654,0,Metinic
25870,2021-07-14T07:41:07Z,13.654,0,Metinic
25871,2021-07-14T07:46:07Z,13.654,0,Metinic
25872,2021-07-14T07:51:07Z,13.654,0,Metinic
25873,2021-07-14T07:56:07Z,13.654,0,Metinic
25874,2021-07-14T08:01:07Z,13.654,0,Metinic
25875,2021-07-14T08:06:07Z,13.654,0,Metinic
25876,2021-07-14T08:11:07Z,13.654,0,Metinic
25877,2021-07-14T08:16:07Z,13.654,0,Metinic
25878,2021-07-14T08:21:07Z,13.654,0,Metinic
25879,2021-07-14T08:26:07Z,13.654,0,Metinic
25880,2021-07-14T08:31:07Z,13.75,0,Metinic
25881,2021-07-14T08:36:07Z,13.75,0,Metinic
25882,2021-07-14T08:41:07Z,13.75,0,Metinic
25883,2021-07-14T08:46:07Z,13.75,0,Metinic
25884,2021-07-14T08:51:07Z,13.654,0,Metinic
25885,2021-07-14T08:56:07Z,13.558,0,Metinic
25886,2021-07-14T09:01:07Z,13.558,0,Metinic
25887,2021-07-14T09:06:07Z,13.461,0,Metinic
25888,2021-07-14T09:11:07Z,13.461,0,Metinic
25889,2021-07-14T09:16:07Z,13.365000000000002,0,Metinic
25890,2021-07-14T09:21:07Z,13.365000000000002,0,Metinic
25891,2021-07-14T09:26:07Z,13.365000000000002,5,Metinic
25892,2021-07-14T09:31:07Z,13.365000000000002,6,Metinic
25893,2021-07-14T09:36:07Z,13.365000000000002,0,Metinic
25894,2021-07-14T09:41:07Z,13.269,6,Metinic
25895,2021-07-14T09:46:07Z,13.269,1,Metinic
25896,2021-07-14T09:51:07Z,13.269,3,Metinic
25897,2021-07-14T09:56:07Z,13.269,0,Metinic
25898,2021-07-14T10:01:07Z,13.269,0,Metinic
25899,2021-07-14T10:06:07Z,13.269,1,Metinic
25900,2021-07-14T10:11:07Z,13.269,9,Metinic
25901,2021-07-14T10:16:07Z,13.269,12,Metinic
25902,2021-07-14T10:21:07Z,13.269,17,Metinic
25903,2021-07-14T10:26:07Z,13.269,17,Metinic
25904,2021-07-14T10:31:07Z,13.269,0,Metinic
25905,2021-07-14T10:36:07Z,13.269,1,Metinic
25906,2021-07-14T10:41:07Z,13.269,14,Metinic
25907,2021-07-14T10:46:07Z,13.269,1,Metinic
25908,2021-07-14T10:51:07Z,13.269,18,Metinic
25909,2021-07-14T10:56:07Z,13.173,5,Metinic
25910,2021-07-14T11:01:07Z,13.173,0,Metinic
25911,2021-07-14T11:06:07Z,13.269,49,Metinic
25912,2021-07-14T11:11:07Z,13.269,65,Metinic
25913,2021-07-14T11:16:07Z,13.269,22,Metinic
25914,2021-07-14T11:21:07Z,13.269,6,Metinic
25915,2021-07-14T11:26:07Z,13.269,14,Metinic
25916,2021-07-14T11:31:07Z,13.269,42,Metinic
25917,2021-07-14T11:36:07Z,13.269,3,Metinic
25918,2021-07-14T11:41:07Z,13.269,74,Metinic
25919,2021-07-14T11:46:07Z,13.269,77,Metinic
25920,2021-07-14T11:51:07Z,13.365000000000002,3,Metinic
25921,2021-07-14T11:56:07Z,13.365000000000002,50,Metinic
25922,2021-07-14T12:01:07Z,13.365000000000002,4,Metinic
25923,2021-07-14T12:06:07Z,13.365000000000002,21,Metinic
25924,2021-07-14T12:11:07Z,13.461,9,Metinic
25925,2021-07-14T12:16:07Z,13.461,48,Metinic
25926,2021-07-14T12:21:07Z,13.558,240,Metinic
25927,2021-07-14T12:26:07Z,13.558,10,Metinic
25928,2021-07-14T12:31:07Z,13.558,55,Metinic
25929,2021-07-14T12:36:07Z,13.558,80,Metinic
25930,2021-07-14T12:41:07Z,13.558,67,Metinic
25931,2021-07-14T12:46:07Z,13.558,432,Metinic
25932,2021-07-14T12:51:07Z,13.558,256,Metinic
25933,2021-07-14T12:56:07Z,13.558,304,Metinic
25934,2021-07-14T13:01:07Z,13.461,43,Metinic
25935,2021-07-14T13:06:07Z,13.558,10,Metinic
25936,2021-07-14T13:11:07Z,13.461,46,Metinic
25937,2021-07-14T13:16:07Z,13.461,18,Metinic
25938,2021-07-14T13:21:07Z,13.461,224,Metinic
25939,2021-07-14T13:26:07Z,13.461,480,Metinic
25940,2021-07-14T13:31:07Z,13.558,512,Metinic
25941,2021-07-14T13:36:07Z,13.654,22,Metinic
25942,2021-07-14T13:41:07Z,13.558,19,Metinic
25943,2021-07-14T13:46:07Z,13.558,576,Metinic
25944,2021-07-14T13:51:07Z,13.558,11,Metinic
25945,2021-07-14T13:56:07Z,13.558,28,Metinic
25946,2021-07-14T14:01:07Z,13.558,11,Metinic
25947,2021-07-14T14:06:07Z,13.461,33,Metinic
25948,2021-07-14T14:11:07Z,13.365000000000002,576,Metinic
25949,2021-07-14T14:16:07Z,13.269,512,Metinic
25950,2021-07-14T14:21:07Z,13.269,24,Metinic
25951,2021-07-14T14:26:07Z,13.173,8,Metinic
25952,2021-07-14T14:31:07Z,13.173,400,Metinic
25953,2021-07-14T14:36:07Z,13.173,4,Metinic
25954,2021-07-14T14:41:07Z,13.173,14,Metinic
25955,2021-07-14T14:46:07Z,13.173,29,Metinic
25956,2021-07-14T14:51:07Z,13.076,40,Metinic
25957,2021-07-14T14:56:07Z,12.98,128,Metinic
25958,2021-07-14T15:01:07Z,12.98,11,Metinic
25959,2021-07-14T15:06:07Z,12.883000000000001,9,Metinic
25960,2021-07-14T15:11:07Z,12.883000000000001,23,Metinic
25961,2021-07-14T15:16:07Z,12.69,2,Metinic
25962,2021-07-14T15:21:07Z,12.594,85,Metinic
25963,2021-07-14T15:26:07Z,12.594,128,Metinic
25964,2021-07-14T15:31:07Z,12.594,6,Metinic
25965,2021-07-14T15:36:07Z,12.594,192,Metinic
25966,2021-07-14T15:41:07Z,12.69,60,Metinic
25967,2021-07-14T15:46:07Z,13.173,2,Metinic
25968,2021-07-14T15:51:07Z,13.558,416,Metinic
25969,2021-07-14T15:56:07Z,13.75,2,Metinic
25970,2021-07-14T16:01:07Z,13.942,104,Metinic
25971,2021-07-14T16:06:07Z,14.037999999999998,5,Metinic
25972,2021-07-14T16:11:07Z,14.133999999999999,49,Metinic
25973,2021-07-14T16:16:07Z,14.133999999999999,8,Metinic
25974,2021-07-14T16:21:07Z,14.229999999999999,87,Metinic
25975,2021-07-14T16:26:07Z,14.229999999999999,5,Metinic
25976,2021-07-14T16:31:07Z,14.229999999999999,94,Metinic
25977,2021-07-14T16:36:07Z,14.229999999999999,51,Metinic
25978,2021-07-14T16:41:07Z,14.229999999999999,0,Metinic
25979,2021-07-14T16:46:07Z,14.229999999999999,31,Metinic
25980,2021-07-14T16:51:07Z,14.229999999999999,68,Metinic
25981,2021-07-14T16:56:07Z,14.229999999999999,62,Metinic
25982,2021-07-14T17:01:07Z,14.133999999999999,1,Metinic
25983,2021-07-14T17:06:07Z,14.133999999999999,5,Metinic
25984,2021-07-14T17:11:07Z,14.133999999999999,6,Metinic
25985,2021-07-14T17:16:07Z,14.133999999999999,13,Metinic
25986,2021-07-14T17:21:07Z,14.133999999999999,85,Metinic
25987,2021-07-14T17:26:07Z,14.133999999999999,5,Metinic
25988,2021-07-14T17:31:07Z,14.133999999999999,98,Metinic
25989,2021-07-14T17:36:07Z,14.133999999999999,109,Metinic
25990,2021-07-14T17:41:07Z,14.133999999999999,184,Metinic
25991,2021-07-14T17:46:07Z,14.133999999999999,128,Metinic
25992,2021-07-14T17:51:07Z,14.133999999999999,10,Metinic
25993,2021-07-14T17:56:07Z,14.133999999999999,48,Metinic
25994,2021-07-14T18:01:07Z,14.037999999999998,16,Metinic
25995,2021-07-14T18:06:07Z,14.133999999999999,288,Metinic
25996,2021-07-14T18:11:07Z,14.133999999999999,184,Metinic
25997,2021-07-14T18:16:07Z,14.133999999999999,6,Metinic
25998,2021-07-14T18:21:07Z,14.133999999999999,5,Metinic
25999,2021-07-14T18:26:07Z,14.133999999999999,7,Metinic
26000,2021-07-14T18:31:07Z,14.133999999999999,10,Metinic
26001,2021-07-14T18:36:07Z,14.133999999999999,57,Metinic
26002,2021-07-14T18:41:07Z,14.133999999999999,9,Metinic
26003,2021-07-14T18:46:07Z,14.133999999999999,53,Metinic
26004,2021-07-14T18:51:07Z,14.229999999999999,2,Metinic
26005,2021-07-14T18:56:07Z,14.133999999999999,75,Metinic
26006,2021-07-14T19:01:07Z,14.037999999999998,43,Metinic
26007,2021-07-14T19:06:07Z,13.846,7,Metinic
26008,2021-07-14T19:11:07Z,13.75,184,Metinic
26009,2021-07-14T19:16:07Z,13.846,85,Metinic
26010,2021-07-14T19:21:07Z,13.846,16,Metinic
26011,2021-07-14T19:26:07Z,13.846,128,Metinic
26012,2021-07-14T19:31:07Z,13.846,52,Metinic
26013,2021-07-14T19:36:07Z,13.942,6,Metinic
26014,2021-07-14T19:41:07Z,13.942,17,Metinic
26015,2021-07-14T19:46:07Z,13.942,14,Metinic
26016,2021-07-14T19:51:07Z,13.942,168,Metinic
26017,2021-07-14T19:56:07Z,13.942,48,Metinic
26018,2021-07-14T20:01:07Z,13.942,17,Metinic
26019,2021-07-14T20:06:07Z,13.942,128,Metinic
26020,2021-07-14T20:11:07Z,13.942,49,Metinic
26021,2021-07-14T20:16:07Z,14.037999999999998,4,Metinic
26022,2021-07-14T20:21:07Z,13.942,128,Metinic
26023,2021-07-14T20:26:07Z,13.942,63,Metinic
26024,2021-07-14T20:31:07Z,13.942,7,Metinic
26025,2021-07-14T20:36:07Z,13.942,13,Metinic
26026,2021-07-14T20:41:07Z,13.942,6,Metinic
26027,2021-07-14T20:46:07Z,13.942,58,Metinic
26028,2021-07-14T20:51:07Z,13.942,50,Metinic
26029,2021-07-14T20:56:07Z,13.942,92,Metinic
26030,2021-07-14T21:01:07Z,13.942,108,Metinic
26031,2021-07-14T21:06:07Z,13.942,14,Metinic
26032,2021-07-14T21:11:07Z,14.037999999999998,4,Metinic
26033,2021-07-14T21:16:07Z,14.037999999999998,1,Metinic
26034,2021-07-14T21:21:07Z,14.037999999999998,144,Metinic
26035,2021-07-14T21:26:07Z,14.037999999999998,54,Metinic
26036,2021-07-14T21:31:07Z,13.942,0,Metinic
26037,2021-07-14T21:36:07Z,13.942,5,Metinic
26038,2021-07-14T21:41:07Z,13.942,24,Metinic
26039,2021-07-14T21:46:07Z,13.942,8,Metinic
26040,2021-07-14T21:51:07Z,13.75,5,Metinic
26041,2021-07-14T21:56:07Z,13.75,0,Metinic
26042,2021-07-14T22:01:07Z,13.75,0,Metinic
26043,2021-07-14T22:06:07Z,13.846,2,Metinic
26044,2021-07-14T22:11:07Z,13.75,11,Metinic
26045,2021-07-14T22:16:07Z,13.75,3,Metinic
26046,2021-07-14T22:21:07Z,13.75,12,Metinic
26047,2021-07-14T22:26:07Z,13.75,13,Metinic
26048,2021-07-14T22:31:07Z,13.654,13,Metinic
26049,2021-07-14T22:36:07Z,13.654,0,Metinic
26050,2021-07-14T22:41:07Z,13.654,7,Metinic
26051,2021-07-14T22:46:07Z,13.654,0,Metinic
26052,2021-07-14T22:51:07Z,13.654,0,Metinic
26053,2021-07-14T22:56:07Z,13.654,6,Metinic
26054,2021-07-14T23:01:07Z,13.654,0,Metinic
26055,2021-07-14T23:06:07Z,13.654,3,Metinic
26056,2021-07-14T23:11:07Z,13.558,0,Metinic
26057,2021-07-14T23:16:07Z,13.558,0,Metinic
26058,2021-07-14T23:21:07Z,13.558,2,Metinic
26059,2021-07-14T23:26:07Z,13.558,0,Metinic
26060,2021-07-14T23:31:07Z,13.558,0,Metinic
26061,2021-07-14T23:36:07Z,13.461,0,Metinic
26062,2021-07-14T23:41:07Z,13.558,0,Metinic
26063,2021-07-14T23:46:07Z,13.461,0,Metinic
26064,2021-07-14T23:51:07Z,13.365000000000002,0,Metinic
26065,2021-07-14T23:56:07Z,13.365000000000002,0,Metinic
26066,2021-07-15T00:01:07Z,13.365000000000002,0,Metinic
26067,2021-07-15T00:06:07Z,13.365000000000002,0,Metinic
26068,2021-07-15T00:11:07Z,13.365000000000002,0,Metinic
26069,2021-07-15T00:16:07Z,13.461,0,Metinic
26070,2021-07-15T00:21:07Z,13.461,0,Metinic
26071,2021-07-15T00:26:07Z,13.558,0,Metinic
26072,2021-07-15T00:31:07Z,13.558,0,Metinic
26073,2021-07-15T00:36:07Z,13.461,0,Metinic
26074,2021-07-15T00:41:07Z,13.461,0,Metinic
26075,2021-07-15T00:46:07Z,13.461,0,Metinic
26076,2021-07-15T00:51:07Z,13.558,0,Metinic
26077,2021-07-15T00:56:07Z,13.558,0,Metinic
26078,2021-07-15T01:01:07Z,13.654,0,Metinic
26079,2021-07-15T01:06:07Z,13.654,0,Metinic
26080,2021-07-15T01:11:07Z,13.654,0,Metinic
26081,2021-07-15T01:16:07Z,13.654,0,Metinic
26082,2021-07-15T01:21:07Z,13.654,0,Metinic
26083,2021-07-15T01:26:07Z,13.654,0,Metinic
26084,2021-07-15T01:31:07Z,13.654,0,Metinic
26085,2021-07-15T01:36:07Z,13.654,0,Metinic
26086,2021-07-15T01:41:07Z,13.654,0,Metinic
26087,2021-07-15T01:46:07Z,13.654,0,Metinic
26088,2021-07-15T01:51:07Z,13.654,0,Metinic
26089,2021-07-15T01:56:07Z,13.558,0,Metinic
26090,2021-07-15T02:01:07Z,13.558,0,Metinic
26091,2021-07-15T02:06:07Z,13.558,0,Metinic
26092,2021-07-15T02:11:07Z,13.558,0,Metinic
26093,2021-07-15T02:16:07Z,13.461,0,Metinic
26094,2021-07-15T02:21:07Z,13.461,0,Metinic
26095,2021-07-15T02:26:07Z,13.365000000000002,0,Metinic
26096,2021-07-15T02:31:07Z,13.173,0,Metinic
26097,2021-07-15T02:36:07Z,12.98,0,Metinic
26098,2021-07-15T02:41:07Z,12.98,0,Metinic
26099,2021-07-15T02:46:07Z,13.076,0,Metinic
26100,2021-07-15T02:51:07Z,13.076,0,Metinic
26101,2021-07-15T02:56:07Z,12.98,0,Metinic
26102,2021-07-15T03:01:07Z,12.98,0,Metinic
26103,2021-07-15T03:06:07Z,12.98,0,Metinic
26104,2021-07-15T03:11:07Z,12.883000000000001,0,Metinic
26105,2021-07-15T03:16:07Z,12.883000000000001,0,Metinic
26106,2021-07-15T03:21:07Z,12.786999999999999,0,Metinic
26107,2021-07-15T03:26:07Z,12.69,0,Metinic
26108,2021-07-15T03:31:07Z,12.69,0,Metinic
26109,2021-07-15T03:36:07Z,12.69,0,Metinic
26110,2021-07-15T03:41:07Z,12.69,0,Metinic
26111,2021-07-15T03:46:07Z,12.69,0,Metinic
26112,2021-07-15T03:51:07Z,12.69,0,Metinic
26113,2021-07-15T03:56:07Z,12.69,0,Metinic
26114,2021-07-15T04:01:07Z,12.69,0,Metinic
26115,2021-07-15T04:06:07Z,12.594,0,Metinic
26116,2021-07-15T04:11:07Z,12.594,0,Metinic
26117,2021-07-15T04:16:07Z,12.594,0,Metinic
26118,2021-07-15T04:21:07Z,12.497,0,Metinic
26119,2021-07-15T04:26:07Z,12.497,0,Metinic
26120,2021-07-15T04:31:07Z,12.497,0,Metinic
26121,2021-07-15T04:36:07Z,12.497,0,Metinic
26122,2021-07-15T04:41:07Z,12.497,0,Metinic
26123,2021-07-15T04:46:07Z,12.401,0,Metinic
26124,2021-07-15T04:51:07Z,12.401,0,Metinic
26125,2021-07-15T04:56:07Z,12.497,0,Metinic
26126,2021-07-15T05:01:07Z,12.497,0,Metinic
26127,2021-07-15T05:06:07Z,12.497,0,Metinic
26128,2021-07-15T05:11:07Z,12.497,0,Metinic
26129,2021-07-15T05:16:07Z,12.497,0,Metinic
26130,2021-07-15T05:21:07Z,12.497,0,Metinic
26131,2021-07-15T05:26:07Z,12.497,0,Metinic
26132,2021-07-15T05:31:07Z,12.497,0,Metinic
26133,2021-07-15T05:36:07Z,12.594,0,Metinic
26134,2021-07-15T05:41:07Z,12.594,0,Metinic
26135,2021-07-15T05:46:07Z,12.594,0,Metinic
26136,2021-07-15T05:51:07Z,12.594,0,Metinic
26137,2021-07-15T05:56:07Z,12.594,0,Metinic
26138,2021-07-15T06:01:07Z,12.69,0,Metinic
26139,2021-07-15T06:06:07Z,12.69,0,Metinic
26140,2021-07-15T06:11:07Z,12.69,0,Metinic
26141,2021-07-15T06:16:07Z,12.786999999999999,0,Metinic
26142,2021-07-15T06:21:07Z,12.883000000000001,0,Metinic
26143,2021-07-15T06:26:07Z,12.883000000000001,0,Metinic
26144,2021-07-15T06:31:07Z,12.883000000000001,0,Metinic
26145,2021-07-15T06:36:07Z,12.98,0,Metinic
26146,2021-07-15T06:41:07Z,12.98,0,Metinic
26147,2021-07-15T06:46:07Z,12.98,0,Metinic
26148,2021-07-15T06:51:07Z,12.98,0,Metinic
26149,2021-07-15T06:56:07Z,12.98,0,Metinic
26150,2021-07-15T07:01:07Z,13.076,0,Metinic
26151,2021-07-15T07:06:07Z,13.076,0,Metinic
26152,2021-07-15T07:11:07Z,13.076,0,Metinic
26153,2021-07-15T07:16:07Z,13.173,0,Metinic
26154,2021-07-15T07:21:07Z,13.173,0,Metinic
26155,2021-07-15T07:26:07Z,13.269,0,Metinic
26156,2021-07-15T07:31:07Z,13.269,0,Metinic
26157,2021-07-15T07:36:07Z,13.365000000000002,0,Metinic
26158,2021-07-15T07:41:07Z,13.365000000000002,0,Metinic
26159,2021-07-15T07:46:07Z,13.365000000000002,0,Metinic
26160,2021-07-15T07:51:07Z,13.365000000000002,0,Metinic
26161,2021-07-15T07:56:07Z,13.461,0,Metinic
26162,2021-07-15T08:01:07Z,13.461,0,Metinic
26163,2021-07-15T08:06:07Z,13.461,0,Metinic
26164,2021-07-15T08:11:07Z,13.461,0,Metinic
26165,2021-07-15T08:16:07Z,13.365000000000002,0,Metinic
26166,2021-07-15T08:21:07Z,13.365000000000002,0,Metinic
26167,2021-07-15T08:26:07Z,13.365000000000002,0,Metinic
26168,2021-07-15T08:31:07Z,13.365000000000002,0,Metinic
26169,2021-07-15T08:36:07Z,13.365000000000002,0,Metinic
26170,2021-07-15T08:41:07Z,13.365000000000002,0,Metinic
26171,2021-07-15T08:46:07Z,13.365000000000002,0,Metinic
26172,2021-07-15T08:51:07Z,13.365000000000002,0,Metinic
26173,2021-07-15T08:56:07Z,13.365000000000002,0,Metinic
26174,2021-07-15T09:01:07Z,13.365000000000002,0,Metinic
26175,2021-07-15T09:06:07Z,13.365000000000002,0,Metinic
26176,2021-07-15T09:11:07Z,13.365000000000002,0,Metinic
26177,2021-07-15T09:16:07Z,13.365000000000002,1,Metinic
26178,2021-07-15T09:21:07Z,13.365000000000002,0,Metinic
26179,2021-07-15T09:26:07Z,13.365000000000002,1,Metinic
26180,2021-07-15T09:31:07Z,13.365000000000002,0,Metinic
26181,2021-07-15T09:36:07Z,13.365000000000002,3,Metinic
26182,2021-07-15T09:41:07Z,13.365000000000002,0,Metinic
26183,2021-07-15T09:46:07Z,13.365000000000002,0,Metinic
26184,2021-07-15T09:51:07Z,13.365000000000002,0,Metinic
26185,2021-07-15T09:56:07Z,13.365000000000002,0,Metinic
26186,2021-07-15T10:01:07Z,13.461,0,Metinic
26187,2021-07-15T10:06:07Z,13.461,0,Metinic
26188,2021-07-15T10:11:07Z,13.461,20,Metinic
26189,2021-07-15T10:16:07Z,13.461,45,Metinic
26190,2021-07-15T10:21:07Z,13.461,28,Metinic
26191,2021-07-15T10:26:07Z,13.461,12,Metinic
26192,2021-07-15T10:31:07Z,13.461,30,Metinic
26193,2021-07-15T10:36:07Z,13.461,6,Metinic
26194,2021-07-15T10:41:07Z,13.558,10,Metinic
26195,2021-07-15T10:46:07Z,13.558,6,Metinic
26196,2021-07-15T10:51:07Z,13.558,4,Metinic
26197,2021-07-15T10:56:07Z,13.558,42,Metinic
26198,2021-07-15T11:01:07Z,13.558,17,Metinic
26199,2021-07-15T11:06:07Z,13.558,1,Metinic
26200,2021-07-15T11:11:07Z,13.654,28,Metinic
26201,2021-07-15T11:16:07Z,13.558,57,Metinic
26202,2021-07-15T11:21:07Z,13.654,4,Metinic
26203,2021-07-15T11:26:07Z,13.654,19,Metinic
26204,2021-07-15T11:31:07Z,13.654,26,Metinic
26205,2021-07-15T11:36:07Z,13.654,70,Metinic
26206,2021-07-15T11:41:07Z,13.654,88,Metinic
26207,2021-07-15T11:46:07Z,13.75,9,Metinic
26208,2021-07-15T11:51:07Z,13.654,38,Metinic
26209,2021-07-15T11:56:07Z,13.75,0,Metinic
26210,2021-07-15T12:01:07Z,13.75,106,Metinic
26211,2021-07-15T12:06:07Z,13.75,15,Metinic
26212,2021-07-15T12:11:07Z,13.75,111,Metinic
26213,2021-07-15T12:16:07Z,13.75,26,Metinic
26214,2021-07-15T12:21:07Z,13.75,176,Metinic
26215,2021-07-15T12:26:07Z,13.75,144,Metinic
26216,2021-07-15T12:31:07Z,13.75,136,Metinic
26217,2021-07-15T12:36:07Z,13.75,12,Metinic
26218,2021-07-15T12:41:07Z,13.75,64,Metinic
26219,2021-07-15T12:46:07Z,13.846,176,Metinic
26220,2021-07-15T12:51:07Z,13.846,14,Metinic
26221,2021-07-15T12:56:07Z,13.846,89,Metinic
26222,2021-07-15T13:01:07Z,13.846,256,Metinic
26223,2021-07-15T13:06:07Z,13.846,192,Metinic
26224,2021-07-15T13:11:07Z,13.846,320,Metinic
26225,2021-07-15T13:16:07Z,13.846,30,Metinic
26226,2021-07-15T13:21:07Z,13.846,176,Metinic
26227,2021-07-15T13:26:07Z,13.846,288,Metinic
26228,2021-07-15T13:31:07Z,13.846,224,Metinic
26229,2021-07-15T13:36:07Z,13.846,200,Metinic
26230,2021-07-15T13:41:07Z,13.942,106,Metinic
26231,2021-07-15T13:46:07Z,13.942,17,Metinic
26232,2021-07-15T13:51:07Z,13.942,104,Metinic
26233,2021-07-15T13:56:07Z,13.942,152,Metinic
26234,2021-07-15T14:01:07Z,13.942,14,Metinic
26235,2021-07-15T14:06:07Z,13.942,98,Metinic
26236,2021-07-15T14:11:07Z,14.037999999999998,432,Metinic
26237,2021-07-15T14:16:07Z,14.037999999999998,136,Metinic
26238,2021-07-15T14:21:07Z,13.942,91,Metinic
26239,2021-07-15T14:26:07Z,13.942,192,Metinic
26240,2021-07-15T14:31:07Z,13.942,400,Metinic
26241,2021-07-15T14:36:07Z,13.846,224,Metinic
26242,2021-07-15T14:41:07Z,13.846,336,Metinic
26243,2021-07-15T14:46:07Z,13.846,272,Metinic
26244,2021-07-15T14:51:07Z,13.942,128,Metinic
26245,2021-07-15T14:56:07Z,13.942,136,Metinic
26246,2021-07-15T15:01:07Z,13.846,256,Metinic
26247,2021-07-15T15:06:07Z,13.846,23,Metinic
26248,2021-07-15T15:11:07Z,13.846,64,Metinic
26249,2021-07-15T15:16:07Z,13.846,123,Metinic
26250,2021-07-15T15:21:07Z,13.846,416,Metinic
26251,2021-07-15T15:26:07Z,13.75,43,Metinic
26252,2021-07-15T15:31:07Z,13.461,91,Metinic
26253,2021-07-15T15:36:07Z,13.173,480,Metinic
26254,2021-07-15T15:41:07Z,12.883000000000001,136,Metinic
26255,2021-07-15T15:46:07Z,12.69,152,Metinic
26256,2021-07-15T15:51:07Z,12.69,200,Metinic
26257,2021-07-15T15:56:07Z,12.594,144,Metinic
26258,2021-07-15T16:01:07Z,12.69,200,Metinic
26259,2021-07-15T16:06:07Z,12.69,240,Metinic
26260,2021-07-15T16:11:07Z,12.69,272,Metinic
26261,2021-07-15T16:16:07Z,12.69,352,Metinic
26262,2021-07-15T16:21:07Z,12.69,184,Metinic
26263,2021-07-15T16:26:07Z,12.69,200,Metinic
26264,2021-07-15T16:31:07Z,12.594,87,Metinic
26265,2021-07-15T16:36:07Z,12.69,152,Metinic
26266,2021-07-15T16:41:07Z,12.594,105,Metinic
26267,2021-07-15T16:46:07Z,12.594,70,Metinic
26268,2021-07-15T16:51:07Z,12.594,100,Metinic
26269,2021-07-15T16:56:07Z,12.594,121,Metinic
26270,2021-07-15T17:01:07Z,12.69,47,Metinic
26271,2021-07-15T17:06:07Z,12.786999999999999,12,Metinic
26272,2021-07-15T17:11:07Z,12.883000000000001,30,Metinic
26273,2021-07-15T17:16:07Z,13.076,144,Metinic
26274,2021-07-15T17:21:07Z,13.173,84,Metinic
26275,2021-07-15T17:26:07Z,13.269,75,Metinic
26276,2021-07-15T17:31:07Z,13.365000000000002,128,Metinic
26277,2021-07-15T17:36:07Z,13.365000000000002,65,Metinic
26278,2021-07-15T17:41:07Z,13.269,168,Metinic
26279,2021-07-15T17:46:07Z,13.173,34,Metinic
26280,2021-07-15T17:51:07Z,13.076,32,Metinic
26281,2021-07-15T17:56:07Z,13.076,55,Metinic
26282,2021-07-15T18:01:07Z,13.076,88,Metinic
26283,2021-07-15T18:06:07Z,13.076,9,Metinic
26284,2021-07-15T18:11:07Z,13.076,32,Metinic
26285,2021-07-15T18:16:07Z,13.173,0,Metinic
26286,2021-07-15T18:21:07Z,13.173,77,Metinic
26287,2021-07-15T18:26:07Z,13.173,45,Metinic
26288,2021-07-15T18:31:07Z,13.269,56,Metinic
26289,2021-07-15T18:36:07Z,13.269,77,Metinic
26290,2021-07-15T18:41:07Z,13.365000000000002,8,Metinic
26291,2021-07-15T18:46:07Z,13.461,152,Metinic
26292,2021-07-15T18:51:07Z,13.461,62,Metinic
26293,2021-07-15T18:56:07Z,13.558,74,Metinic
26294,2021-07-15T19:01:07Z,13.654,256,Metinic
26295,2021-07-15T19:06:07Z,13.654,128,Metinic
26296,2021-07-15T19:11:07Z,13.75,106,Metinic
26297,2021-07-15T19:16:07Z,13.75,5,Metinic
26298,2021-07-15T19:21:07Z,13.75,28,Metinic
26299,2021-07-15T19:26:07Z,13.846,66,Metinic
26300,2021-07-15T19:31:07Z,13.846,94,Metinic
26301,2021-07-15T19:36:07Z,13.846,99,Metinic
26302,2021-07-15T19:41:07Z,13.846,71,Metinic
26303,2021-07-15T19:46:07Z,13.942,74,Metinic
26304,2021-07-15T19:51:07Z,14.037999999999998,84,Metinic
26305,2021-07-15T19:56:07Z,14.037999999999998,6,Metinic
26306,2021-07-15T20:01:07Z,14.037999999999998,81,Metinic
26307,2021-07-15T20:06:07Z,14.037999999999998,9,Metinic
26308,2021-07-15T20:11:07Z,14.037999999999998,7,Metinic
26309,2021-07-15T20:16:07Z,14.133999999999999,144,Metinic
26310,2021-07-15T20:21:07Z,14.229999999999999,9,Metinic
26311,2021-07-15T20:26:07Z,14.229999999999999,94,Metinic
26312,2021-07-15T20:31:07Z,14.229999999999999,121,Metinic
26313,2021-07-15T20:36:07Z,14.229999999999999,27,Metinic
26314,2021-07-15T20:41:07Z,14.229999999999999,86,Metinic
26315,2021-07-15T20:46:07Z,14.229999999999999,72,Metinic
26316,2021-07-15T20:51:07Z,14.229999999999999,112,Metinic
26317,2021-07-15T20:56:07Z,14.229999999999999,75,Metinic
26318,2021-07-15T21:01:07Z,14.229999999999999,4,Metinic
26319,2021-07-15T21:06:07Z,14.229999999999999,72,Metinic
26320,2021-07-15T21:11:07Z,14.133999999999999,40,Metinic
26321,2021-07-15T21:16:07Z,14.229999999999999,121,Metinic
26322,2021-07-15T21:21:07Z,14.229999999999999,25,Metinic
26323,2021-07-15T21:26:07Z,14.229999999999999,3,Metinic
26324,2021-07-15T21:31:07Z,14.229999999999999,59,Metinic
26325,2021-07-15T21:36:07Z,14.229999999999999,118,Metinic
26326,2021-07-15T21:41:07Z,14.229999999999999,23,Metinic
26327,2021-07-15T21:46:07Z,14.229999999999999,59,Metinic
26328,2021-07-15T21:51:07Z,14.229999999999999,67,Metinic
26329,2021-07-15T21:56:07Z,14.229999999999999,3,Metinic
26330,2021-07-15T22:01:07Z,14.229999999999999,6,Metinic
26331,2021-07-15T22:06:07Z,14.229999999999999,4,Metinic
26332,2021-07-15T22:11:07Z,14.133999999999999,99,Metinic
26333,2021-07-15T22:16:07Z,14.037999999999998,16,Metinic
26334,2021-07-15T22:21:07Z,14.037999999999998,15,Metinic
26335,2021-07-15T22:26:07Z,13.846,10,Metinic
26336,2021-07-15T22:31:07Z,13.846,0,Metinic
26337,2021-07-15T22:36:07Z,13.846,29,Metinic
26338,2021-07-15T22:41:07Z,13.75,36,Metinic
26339,2021-07-15T22:46:07Z,13.75,47,Metinic
26340,2021-07-15T22:51:07Z,13.75,2,Metinic
26341,2021-07-15T22:56:07Z,13.654,2,Metinic
26342,2021-07-15T23:01:07Z,13.654,27,Metinic
26343,2021-07-15T23:06:07Z,13.654,19,Metinic
26344,2021-07-15T23:11:07Z,13.558,19,Metinic
26345,2021-07-15T23:16:07Z,13.558,17,Metinic
26346,2021-07-15T23:21:07Z,13.461,1,Metinic
26347,2021-07-15T23:26:07Z,13.461,14,Metinic
26348,2021-07-15T23:31:07Z,13.365000000000002,0,Metinic
26349,2021-07-15T23:36:07Z,13.365000000000002,0,Metinic
26350,2021-07-15T23:41:07Z,13.269,6,Metinic
26351,2021-07-15T23:46:07Z,13.269,2,Metinic
26352,2021-07-15T23:51:07Z,13.173,0,Metinic
26353,2021-07-15T23:56:07Z,13.173,3,Metinic
26354,2021-07-16T00:01:07Z,13.173,0,Metinic
26355,2021-07-16T00:06:07Z,13.173,0,Metinic
26356,2021-07-16T00:11:07Z,13.269,1,Metinic
26357,2021-07-16T00:16:07Z,13.269,0,Metinic
26358,2021-07-16T00:21:07Z,13.269,0,Metinic
26359,2021-07-16T00:26:07Z,13.365000000000002,0,Metinic
26360,2021-07-16T00:31:07Z,13.365000000000002,0,Metinic
26361,2021-07-16T00:36:07Z,13.365000000000002,0,Metinic
26362,2021-07-16T00:41:07Z,13.365000000000002,0,Metinic
26363,2021-07-16T00:46:07Z,13.365000000000002,0,Metinic
26364,2021-07-16T00:51:07Z,13.365000000000002,0,Metinic
26365,2021-07-16T00:56:07Z,13.365000000000002,0,Metinic
26366,2021-07-16T01:01:07Z,13.365000000000002,0,Metinic
26367,2021-07-16T01:06:07Z,13.365000000000002,0,Metinic
26368,2021-07-16T01:11:07Z,13.365000000000002,0,Metinic
26369,2021-07-16T01:16:07Z,13.461,0,Metinic
26370,2021-07-16T01:21:07Z,13.461,0,Metinic
26371,2021-07-16T01:26:07Z,13.461,0,Metinic
26372,2021-07-16T01:31:07Z,13.461,0,Metinic
26373,2021-07-16T01:36:07Z,13.461,0,Metinic
26374,2021-07-16T01:41:07Z,13.461,0,Metinic
26375,2021-07-16T01:46:07Z,13.558,0,Metinic
26376,2021-07-16T01:51:07Z,13.461,0,Metinic
26377,2021-07-16T01:56:07Z,13.558,0,Metinic
26378,2021-07-16T02:01:07Z,13.558,0,Metinic
26379,2021-07-16T02:06:07Z,13.558,0,Metinic
26380,2021-07-16T02:11:07Z,13.654,0,Metinic
26381,2021-07-16T02:16:07Z,13.654,0,Metinic
26382,2021-07-16T02:21:07Z,13.75,0,Metinic
26383,2021-07-16T02:26:07Z,13.75,0,Metinic
26384,2021-07-16T02:31:07Z,13.75,0,Metinic
26385,2021-07-16T02:36:07Z,13.75,0,Metinic
26386,2021-07-16T02:41:07Z,13.654,0,Metinic
26387,2021-07-16T02:46:07Z,13.654,0,Metinic
26388,2021-07-16T02:51:07Z,13.558,0,Metinic
26389,2021-07-16T02:56:07Z,13.558,0,Metinic
26390,2021-07-16T03:01:07Z,13.558,0,Metinic
26391,2021-07-16T03:06:07Z,13.558,0,Metinic
26392,2021-07-16T03:11:07Z,13.558,0,Metinic
26393,2021-07-16T03:16:07Z,13.461,0,Metinic
26394,2021-07-16T03:21:07Z,13.365000000000002,0,Metinic
26395,2021-07-16T03:26:07Z,13.269,0,Metinic
26396,2021-07-16T03:31:07Z,13.269,0,Metinic
26397,2021-07-16T03:36:07Z,13.269,0,Metinic
26398,2021-07-16T03:41:07Z,13.269,0,Metinic
26399,2021-07-16T03:46:07Z,13.269,0,Metinic
26400,2021-07-16T03:51:07Z,13.269,0,Metinic
26401,2021-07-16T03:56:07Z,13.269,0,Metinic
26402,2021-07-16T04:01:07Z,13.269,0,Metinic
26403,2021-07-16T04:06:07Z,13.269,0,Metinic
26404,2021-07-16T04:11:07Z,13.269,0,Metinic
26405,2021-07-16T04:16:07Z,13.173,0,Metinic
26406,2021-07-16T04:21:07Z,12.98,0,Metinic
26407,2021-07-16T04:26:07Z,12.69,0,Metinic
26408,2021-07-16T04:31:07Z,12.594,0,Metinic
26409,2021-07-16T04:36:07Z,12.594,0,Metinic
26410,2021-07-16T04:41:07Z,12.497,0,Metinic
26411,2021-07-16T04:46:07Z,12.497,0,Metinic
26412,2021-07-16T04:51:07Z,12.497,0,Metinic
26413,2021-07-16T04:56:07Z,12.497,0,Metinic
26414,2021-07-16T05:01:07Z,12.497,0,Metinic
26415,2021-07-16T05:06:07Z,12.497,0,Metinic
26416,2021-07-16T05:11:07Z,12.497,0,Metinic
26417,2021-07-16T05:16:07Z,12.497,0,Metinic
26418,2021-07-16T05:21:07Z,12.594,0,Metinic
26419,2021-07-16T05:26:07Z,12.594,0,Metinic
26420,2021-07-16T05:31:07Z,12.594,0,Metinic
26421,2021-07-16T05:36:07Z,12.594,0,Metinic
26422,2021-07-16T05:41:07Z,12.594,0,Metinic
26423,2021-07-16T05:46:07Z,12.594,0,Metinic
26424,2021-07-16T05:51:07Z,12.594,0,Metinic
26425,2021-07-16T05:56:07Z,12.594,0,Metinic
26426,2021-07-16T06:01:07Z,12.69,0,Metinic
26427,2021-07-16T06:06:07Z,12.69,0,Metinic
26428,2021-07-16T06:11:07Z,12.69,0,Metinic
26429,2021-07-16T06:16:07Z,12.883000000000001,0,Metinic
26430,2021-07-16T06:21:07Z,12.883000000000001,0,Metinic
26431,2021-07-16T06:26:07Z,12.883000000000001,0,Metinic
26432,2021-07-16T06:31:07Z,12.883000000000001,0,Metinic
26433,2021-07-16T06:36:07Z,12.883000000000001,0,Metinic
26434,2021-07-16T06:41:07Z,12.883000000000001,0,Metinic
26435,2021-07-16T06:46:07Z,12.883000000000001,0,Metinic
26436,2021-07-16T06:51:07Z,12.883000000000001,0,Metinic
26437,2021-07-16T06:56:07Z,12.98,0,Metinic
26438,2021-07-16T07:01:07Z,12.98,0,Metinic
26439,2021-07-16T07:06:07Z,13.076,0,Metinic
26440,2021-07-16T07:11:07Z,13.173,0,Metinic
26441,2021-07-16T07:16:07Z,13.173,0,Metinic
26442,2021-07-16T07:21:07Z,13.269,0,Metinic
26443,2021-07-16T07:26:07Z,13.365000000000002,0,Metinic
26444,2021-07-16T07:31:07Z,13.365000000000002,0,Metinic
26445,2021-07-16T07:36:07Z,13.461,0,Metinic
26446,2021-07-16T07:41:07Z,13.461,0,Metinic
26447,2021-07-16T07:46:07Z,13.558,0,Metinic
26448,2021-07-16T07:51:07Z,13.558,0,Metinic
26449,2021-07-16T07:56:07Z,13.558,0,Metinic
26450,2021-07-16T08:01:07Z,13.654,0,Metinic
26451,2021-07-16T08:06:07Z,13.75,0,Metinic
26452,2021-07-16T08:11:07Z,13.75,0,Metinic
26453,2021-07-16T08:16:07Z,13.75,0,Metinic
26454,2021-07-16T08:21:07Z,13.846,0,Metinic
26455,2021-07-16T08:26:07Z,13.75,0,Metinic
26456,2021-07-16T08:31:07Z,13.846,0,Metinic
26457,2021-07-16T08:36:07Z,13.75,0,Metinic
26458,2021-07-16T08:41:07Z,13.75,0,Metinic
26459,2021-07-16T08:46:07Z,13.75,0,Metinic
26460,2021-07-16T08:51:07Z,13.846,0,Metinic
26461,2021-07-16T08:56:07Z,13.846,0,Metinic
26462,2021-07-16T09:01:07Z,13.846,0,Metinic
26463,2021-07-16T09:06:07Z,13.846,1,Metinic
26464,2021-07-16T09:11:07Z,13.846,0,Metinic
26465,2021-07-16T09:16:07Z,13.846,2,Metinic
26466,2021-07-16T09:21:07Z,13.846,0,Metinic
26467,2021-07-16T09:26:07Z,13.846,1,Metinic
26468,2021-07-16T09:31:07Z,13.846,5,Metinic
26469,2021-07-16T09:36:07Z,13.846,12,Metinic
26470,2021-07-16T09:41:07Z,13.846,10,Metinic
26471,2021-07-16T09:46:07Z,13.75,11,Metinic
26472,2021-07-16T09:51:07Z,13.75,17,Metinic
26473,2021-07-16T09:56:07Z,13.75,12,Metinic
26474,2021-07-16T10:01:07Z,13.75,28,Metinic
26475,2021-07-16T10:06:07Z,13.846,1,Metinic
26476,2021-07-16T10:11:07Z,13.846,2,Metinic
26477,2021-07-16T10:16:07Z,13.846,6,Metinic
26478,2021-07-16T10:21:07Z,13.942,38,Metinic
26479,2021-07-16T10:26:07Z,13.942,6,Metinic
26480,2021-07-16T10:31:07Z,14.037999999999998,66,Metinic
26481,2021-07-16T10:36:07Z,14.037999999999998,43,Metinic
26482,2021-07-16T10:41:07Z,14.037999999999998,76,Metinic
26483,2021-07-16T10:46:07Z,14.133999999999999,24,Metinic
26484,2021-07-16T10:51:07Z,14.037999999999998,23,Metinic
26485,2021-07-16T10:56:07Z,14.133999999999999,74,Metinic
26486,2021-07-16T11:01:07Z,14.037999999999998,28,Metinic
26487,2021-07-16T11:06:07Z,14.037999999999998,7,Metinic
26488,2021-07-16T11:11:07Z,13.942,0,Metinic
26489,2021-07-16T11:16:07Z,13.846,5,Metinic
26490,2021-07-16T11:21:07Z,13.75,105,Metinic
26491,2021-07-16T11:26:07Z,13.75,7,Metinic
26492,2021-07-16T11:31:07Z,13.654,12,Metinic
26493,2021-07-16T11:36:07Z,13.654,12,Metinic
26494,2021-07-16T11:41:07Z,13.654,11,Metinic
26495,2021-07-16T11:46:07Z,13.654,216,Metinic
26496,2021-07-16T11:51:07Z,13.654,176,Metinic
26497,2021-07-16T11:56:07Z,13.654,100,Metinic
26498,2021-07-16T12:01:07Z,13.654,43,Metinic
26499,2021-07-16T12:06:07Z,13.654,336,Metinic
26500,2021-07-16T12:11:07Z,13.654,224,Metinic
26501,2021-07-16T12:16:07Z,13.654,64,Metinic
26502,2021-07-16T12:21:07Z,13.654,368,Metinic
26503,2021-07-16T12:26:07Z,13.654,248,Metinic
26504,2021-07-16T12:31:07Z,13.75,512,Metinic
26505,2021-07-16T12:36:07Z,13.846,18,Metinic
26506,2021-07-16T12:41:07Z,13.942,11,Metinic
26507,2021-07-16T12:46:07Z,13.942,17,Metinic
26508,2021-07-16T12:51:07Z,13.942,108,Metinic
26509,2021-07-16T12:56:07Z,13.942,480,Metinic
26510,2021-07-16T13:01:07Z,13.846,576,Metinic
26511,2021-07-16T13:06:07Z,13.846,16,Metinic
26512,2021-07-16T13:11:07Z,13.75,496,Metinic
26513,2021-07-16T13:16:07Z,13.654,86,Metinic
26514,2021-07-16T13:21:07Z,13.558,576,Metinic
26515,2021-07-16T13:26:07Z,13.654,34,Metinic
26516,2021-07-16T13:31:07Z,13.558,576,Metinic
26517,2021-07-16T13:36:07Z,13.558,8,Metinic
26518,2021-07-16T13:41:07Z,13.654,672,Metinic
26519,2021-07-16T13:46:07Z,13.846,184,Metinic
26520,2021-07-16T13:51:07Z,14.133999999999999,60,Metinic
26521,2021-07-16T13:56:07Z,14.229999999999999,26,Metinic
26522,2021-07-16T14:01:07Z,14.421,800,Metinic
26523,2021-07-16T14:06:07Z,14.325000000000001,704,Metinic
26524,2021-07-16T14:11:07Z,14.325000000000001,87,Metinic
26525,2021-07-16T14:16:07Z,14.229999999999999,25,Metinic
26526,2021-07-16T14:21:07Z,14.133999999999999,30,Metinic
26527,2021-07-16T14:26:07Z,13.942,864,Metinic
26528,2021-07-16T14:31:07Z,13.75,992,Metinic
26529,2021-07-16T14:36:07Z,13.654,35,Metinic
26530,2021-07-16T14:41:07Z,13.558,1216,Metinic
26531,2021-07-16T14:46:07Z,13.558,672,Metinic
26532,2021-07-16T14:51:07Z,13.558,1216,Metinic
26533,2021-07-16T14:56:07Z,13.654,576,Metinic
26534,2021-07-16T15:01:07Z,13.75,56,Metinic
26535,2021-07-16T15:06:07Z,13.75,16,Metinic
26536,2021-07-16T15:11:07Z,13.75,1344,Metinic
26537,2021-07-16T15:16:07Z,13.558,864,Metinic
26538,2021-07-16T15:21:07Z,13.558,45,Metinic
26539,2021-07-16T15:26:07Z,13.558,704,Metinic
26540,2021-07-16T15:31:07Z,13.461,208,Metinic
26541,2021-07-16T15:36:07Z,13.461,72,Metinic
26542,2021-07-16T15:41:07Z,13.461,32,Metinic
26543,2021-07-16T15:46:07Z,13.269,1088,Metinic
26544,2021-07-16T15:51:07Z,13.173,28,Metinic
26545,2021-07-16T15:56:07Z,13.173,99,Metinic
26546,2021-07-16T16:01:07Z,13.076,48,Metinic
26547,2021-07-16T16:06:07Z,13.076,21,Metinic
26548,2021-07-16T16:11:07Z,13.076,9,Metinic
26549,2021-07-16T16:16:07Z,12.98,21,Metinic
26550,2021-07-16T16:21:07Z,12.883000000000001,672,Metinic
26551,2021-07-16T16:26:07Z,13.076,24,Metinic
26552,2021-07-16T16:31:07Z,12.883000000000001,1216,Metinic
26553,2021-07-16T16:36:07Z,12.883000000000001,34,Metinic
26554,2021-07-16T16:41:07Z,12.69,50,Metinic
26555,2021-07-16T16:46:07Z,12.69,512,Metinic
26556,2021-07-16T16:51:07Z,12.786999999999999,672,Metinic
26557,2021-07-16T16:56:07Z,12.69,144,Metinic
26558,2021-07-16T17:01:07Z,12.883000000000001,25,Metinic
26559,2021-07-16T17:06:07Z,12.69,896,Metinic
26560,2021-07-16T17:11:07Z,12.497,768,Metinic
26561,2021-07-16T17:16:07Z,12.497,2,Metinic
26562,2021-07-16T17:21:07Z,12.594,992,Metinic
26563,2021-07-16T17:26:07Z,12.497,384,Metinic
26564,2021-07-16T17:31:07Z,12.497,480,Metinic
26565,2021-07-16T17:36:07Z,12.883000000000001,25,Metinic
26566,2021-07-16T17:41:07Z,12.69,34,Metinic
26567,2021-07-16T17:46:07Z,12.69,37,Metinic
26568,2021-07-16T17:51:07Z,12.69,136,Metinic
26569,2021-07-16T17:56:07Z,12.594,128,Metinic
26570,2021-07-16T18:01:07Z,12.69,84,Metinic
26571,2021-07-16T18:06:07Z,12.786999999999999,60,Metinic
26572,2021-07-16T18:11:07Z,12.883000000000001,1,Metinic
26573,2021-07-16T18:16:07Z,12.786999999999999,400,Metinic
26574,2021-07-16T18:21:07Z,12.786999999999999,15,Metinic
26575,2021-07-16T18:26:07Z,12.883000000000001,18,Metinic
26576,2021-07-16T18:31:07Z,12.786999999999999,40,Metinic
26577,2021-07-16T18:36:07Z,12.98,26,Metinic
26578,2021-07-16T18:41:07Z,12.786999999999999,118,Metinic
26579,2021-07-16T18:46:07Z,12.786999999999999,25,Metinic
26580,2021-07-16T18:51:07Z,12.786999999999999,21,Metinic
26581,2021-07-16T18:56:07Z,12.69,75,Metinic
26582,2021-07-16T19:01:07Z,12.69,248,Metinic
26583,2021-07-16T19:06:07Z,12.69,81,Metinic
26584,2021-07-16T19:11:07Z,12.69,16,Metinic
26585,2021-07-16T19:16:07Z,12.69,288,Metinic
26586,2021-07-16T19:21:07Z,12.69,0,Metinic
26587,2021-07-16T19:26:07Z,12.69,136,Metinic
26588,2021-07-16T19:31:07Z,12.594,13,Metinic
26589,2021-07-16T19:36:07Z,12.69,160,Metinic
26590,2021-07-16T19:41:07Z,12.594,18,Metinic
26591,2021-07-16T19:46:07Z,12.594,19,Metinic
26592,2021-07-16T19:51:07Z,12.69,16,Metinic
26593,2021-07-16T19:56:07Z,12.594,14,Metinic
26594,2021-07-16T20:01:07Z,12.594,27,Metinic
26595,2021-07-16T20:06:07Z,12.594,70,Metinic
26596,2021-07-16T20:11:07Z,12.594,216,Metinic
26597,2021-07-16T20:16:07Z,12.594,11,Metinic
26598,2021-07-16T20:21:07Z,12.594,21,Metinic
26599,2021-07-16T20:26:07Z,12.594,152,Metinic
26600,2021-07-16T20:31:07Z,12.594,7,Metinic
26601,2021-07-16T20:36:07Z,12.497,14,Metinic
26602,2021-07-16T20:41:07Z,12.497,8,Metinic
26603,2021-07-16T20:46:07Z,12.401,14,Metinic
26604,2021-07-16T20:51:07Z,12.497,24,Metinic
26605,2021-07-16T20:56:07Z,12.497,26,Metinic
26606,2021-07-16T21:01:07Z,12.594,7,Metinic
26607,2021-07-16T21:06:07Z,12.594,19,Metinic
26608,2021-07-16T21:11:07Z,12.69,6,Metinic
26609,2021-07-16T21:16:07Z,12.594,29,Metinic
26610,2021-07-16T21:21:07Z,12.594,22,Metinic
26611,2021-07-16T21:26:07Z,12.69,33,Metinic
26612,2021-07-16T21:31:07Z,12.69,4,Metinic
26613,2021-07-16T21:36:07Z,12.69,8,Metinic
26614,2021-07-16T21:41:07Z,12.69,9,Metinic
26615,2021-07-16T21:46:07Z,12.69,10,Metinic
26616,2021-07-16T21:51:07Z,12.69,9,Metinic
26617,2021-07-16T21:56:07Z,12.594,7,Metinic
26618,2021-07-16T22:01:07Z,12.594,117,Metinic
26619,2021-07-16T22:06:07Z,12.594,36,Metinic
26620,2021-07-16T22:11:07Z,12.594,27,Metinic
26621,2021-07-16T22:16:07Z,12.594,0,Metinic
26622,2021-07-16T22:21:07Z,12.594,4,Metinic
26623,2021-07-16T22:26:07Z,12.594,0,Metinic
26624,2021-07-16T22:31:07Z,12.594,36,Metinic
26625,2021-07-16T22:36:07Z,12.594,22,Metinic
26626,2021-07-16T22:41:07Z,12.497,37,Metinic
26627,2021-07-16T22:46:07Z,12.497,70,Metinic
26628,2021-07-16T22:51:07Z,12.497,64,Metinic
26629,2021-07-16T22:56:07Z,12.497,8,Metinic
26630,2021-07-16T23:01:07Z,12.497,4,Metinic
26631,2021-07-16T23:06:07Z,12.497,24,Metinic
26632,2021-07-16T23:11:07Z,12.497,27,Metinic
26633,2021-07-16T23:16:07Z,12.497,24,Metinic
26634,2021-07-16T23:21:07Z,12.594,8,Metinic
26635,2021-07-16T23:26:07Z,12.594,13,Metinic
26636,2021-07-16T23:31:07Z,12.69,27,Metinic
26637,2021-07-16T23:36:07Z,12.786999999999999,11,Metinic
26638,2021-07-16T23:41:07Z,12.883000000000001,10,Metinic
26639,2021-07-16T23:46:07Z,12.883000000000001,11,Metinic
26640,2021-07-16T23:51:07Z,12.883000000000001,1,Metinic
26641,2021-07-16T23:56:07Z,12.883000000000001,8,Metinic
26642,2021-07-17T00:01:07Z,12.883000000000001,6,Metinic
26643,2021-07-17T00:06:07Z,12.98,0,Metinic
26644,2021-07-17T00:11:07Z,13.076,0,Metinic
26645,2021-07-17T00:16:07Z,13.076,0,Metinic
26646,2021-07-17T00:21:07Z,13.076,0,Metinic
26647,2021-07-17T00:26:07Z,13.173,0,Metinic
26648,2021-07-17T00:31:07Z,13.076,0,Metinic
26649,2021-07-17T00:36:07Z,13.076,0,Metinic
26650,2021-07-17T00:41:07Z,13.076,0,Metinic
26651,2021-07-17T00:46:07Z,13.076,0,Metinic
26652,2021-07-17T00:51:07Z,13.173,0,Metinic
26653,2021-07-17T00:56:07Z,13.173,0,Metinic
26654,2021-07-17T01:01:07Z,13.173,0,Metinic
26655,2021-07-17T01:06:07Z,13.173,0,Metinic
26656,2021-07-17T01:11:07Z,13.269,0,Metinic
26657,2021-07-17T01:16:07Z,13.269,0,Metinic
26658,2021-07-17T01:21:07Z,13.173,0,Metinic
26659,2021-07-17T01:26:07Z,13.173,0,Metinic
26660,2021-07-17T01:31:07Z,13.173,0,Metinic
26661,2021-07-17T01:36:07Z,13.076,0,Metinic
26662,2021-07-17T01:41:07Z,13.076,0,Metinic
26663,2021-07-17T01:46:07Z,13.076,0,Metinic
26664,2021-07-17T01:51:07Z,13.076,0,Metinic
26665,2021-07-17T01:56:07Z,13.076,0,Metinic
26666,2021-07-17T02:01:07Z,13.076,0,Metinic
26667,2021-07-17T02:06:07Z,13.076,0,Metinic
26668,2021-07-17T02:11:07Z,12.98,0,Metinic
26669,2021-07-17T02:16:07Z,12.98,0,Metinic
26670,2021-07-17T02:21:07Z,13.076,0,Metinic
26671,2021-07-17T02:26:07Z,13.076,0,Metinic
26672,2021-07-17T02:31:07Z,13.173,0,Metinic
26673,2021-07-17T02:36:07Z,13.173,0,Metinic
26674,2021-07-17T02:41:07Z,13.173,0,Metinic
26675,2021-07-17T02:46:07Z,13.269,0,Metinic
26676,2021-07-17T02:51:07Z,13.269,0,Metinic
26677,2021-07-17T02:56:07Z,13.269,0,Metinic
26678,2021-07-17T03:01:07Z,13.269,0,Metinic
26679,2021-07-17T03:06:07Z,13.365000000000002,0,Metinic
26680,2021-07-17T03:11:07Z,13.365000000000002,0,Metinic
26681,2021-07-17T03:16:07Z,13.269,0,Metinic
26682,2021-07-17T03:21:07Z,13.269,0,Metinic
26683,2021-07-17T03:26:07Z,13.269,0,Metinic
26684,2021-07-17T03:31:07Z,13.269,0,Metinic
26685,2021-07-17T03:36:07Z,13.269,0,Metinic
26686,2021-07-17T03:41:07Z,13.269,0,Metinic
26687,2021-07-17T03:46:07Z,13.269,0,Metinic
26688,2021-07-17T03:51:07Z,13.269,0,Metinic
26689,2021-07-17T03:56:07Z,13.269,0,Metinic
26690,2021-07-17T04:01:07Z,13.173,0,Metinic
26691,2021-07-17T04:06:07Z,13.173,0,Metinic
26692,2021-07-17T04:11:07Z,13.173,0,Metinic
26693,2021-07-17T04:16:07Z,13.173,0,Metinic
26694,2021-07-17T04:21:07Z,13.173,0,Metinic
26695,2021-07-17T04:26:07Z,13.173,0,Metinic
26696,2021-07-17T04:31:07Z,13.173,0,Metinic
26697,2021-07-17T04:36:07Z,13.173,0,Metinic
26698,2021-07-17T04:41:07Z,13.173,0,Metinic
26699,2021-07-17T04:46:07Z,13.173,0,Metinic
26700,2021-07-17T04:51:07Z,13.173,0,Metinic
26701,2021-07-17T04:56:07Z,13.173,0,Metinic
26702,2021-07-17T05:01:07Z,13.173,0,Metinic
26703,2021-07-17T05:06:07Z,13.173,0,Metinic
26704,2021-07-17T05:11:07Z,13.076,0,Metinic
26705,2021-07-17T05:16:07Z,13.076,0,Metinic
26706,2021-07-17T05:21:07Z,13.076,0,Metinic
26707,2021-07-17T05:26:07Z,13.076,0,Metinic
26708,2021-07-17T05:31:07Z,12.98,0,Metinic
26709,2021-07-17T05:36:07Z,12.98,0,Metinic
26710,2021-07-17T05:41:07Z,12.883000000000001,0,Metinic
26711,2021-07-17T05:46:07Z,12.69,0,Metinic
26712,2021-07-17T05:51:07Z,12.594,0,Metinic
26713,2021-07-17T05:56:07Z,12.594,0,Metinic
26714,2021-07-17T06:01:07Z,12.497,0,Metinic
26715,2021-07-17T06:06:07Z,12.594,0,Metinic
26716,2021-07-17T06:11:07Z,12.594,0,Metinic
26717,2021-07-17T06:16:07Z,12.594,0,Metinic
26718,2021-07-17T06:21:07Z,12.69,0,Metinic
26719,2021-07-17T06:26:07Z,12.69,0,Metinic
26720,2021-07-17T06:31:07Z,12.69,0,Metinic
26721,2021-07-17T06:36:07Z,12.786999999999999,0,Metinic
26722,2021-07-17T06:41:07Z,12.883000000000001,0,Metinic
26723,2021-07-17T06:46:07Z,12.883000000000001,0,Metinic
26724,2021-07-17T06:51:07Z,12.883000000000001,0,Metinic
26725,2021-07-17T06:56:07Z,12.98,0,Metinic
26726,2021-07-17T07:01:07Z,12.98,0,Metinic
26727,2021-07-17T07:06:07Z,12.98,0,Metinic
26728,2021-07-17T07:11:07Z,12.98,0,Metinic
26729,2021-07-17T07:16:07Z,13.076,0,Metinic
26730,2021-07-17T07:21:07Z,13.076,0,Metinic
26731,2021-07-17T07:26:07Z,13.076,0,Metinic
26732,2021-07-17T07:31:07Z,13.076,0,Metinic
26733,2021-07-17T07:36:07Z,13.173,0,Metinic
26734,2021-07-17T07:41:07Z,13.173,0,Metinic
26735,2021-07-17T07:46:07Z,13.269,0,Metinic
26736,2021-07-17T07:51:07Z,13.269,0,Metinic
26737,2021-07-17T07:56:07Z,13.365000000000002,0,Metinic
26738,2021-07-17T08:01:07Z,13.461,0,Metinic
26739,2021-07-17T08:06:07Z,13.461,0,Metinic
26740,2021-07-17T08:11:07Z,13.558,0,Metinic
26741,2021-07-17T08:16:07Z,13.558,0,Metinic
26742,2021-07-17T08:21:07Z,13.654,0,Metinic
26743,2021-07-17T08:26:07Z,13.654,0,Metinic
26744,2021-07-17T08:31:07Z,13.654,0,Metinic
26745,2021-07-17T08:36:07Z,13.75,0,Metinic
26746,2021-07-17T08:41:07Z,13.75,0,Metinic
26747,2021-07-17T08:46:07Z,13.75,0,Metinic
26748,2021-07-17T08:51:07Z,13.75,0,Metinic
26749,2021-07-17T08:56:07Z,13.846,0,Metinic
26750,2021-07-17T09:01:07Z,13.846,0,Metinic
26751,2021-07-17T09:06:07Z,13.846,0,Metinic
26752,2021-07-17T09:11:07Z,13.942,0,Metinic
26753,2021-07-17T09:16:07Z,13.942,0,Metinic
26754,2021-07-17T09:21:07Z,13.942,0,Metinic
26755,2021-07-17T09:26:07Z,13.942,0,Metinic
26756,2021-07-17T09:31:07Z,13.942,2,Metinic
26757,2021-07-17T09:36:07Z,13.942,0,Metinic
26758,2021-07-17T09:41:07Z,14.037999999999998,6,Metinic
26759,2021-07-17T09:46:07Z,14.037999999999998,8,Metinic
26760,2021-07-17T09:51:07Z,14.037999999999998,1,Metinic
26761,2021-07-17T09:56:07Z,14.037999999999998,9,Metinic
26762,2021-07-17T10:01:07Z,14.133999999999999,0,Metinic
26763,2021-07-17T10:06:07Z,14.133999999999999,21,Metinic
26764,2021-07-17T10:11:07Z,14.133999999999999,0,Metinic
26765,2021-07-17T10:16:07Z,14.133999999999999,46,Metinic
26766,2021-07-17T10:21:07Z,14.133999999999999,2,Metinic
26767,2021-07-17T10:26:07Z,14.133999999999999,3,Metinic
26768,2021-07-17T10:31:07Z,14.133999999999999,1,Metinic
26769,2021-07-17T10:36:07Z,14.133999999999999,1,Metinic
26770,2021-07-17T10:41:07Z,14.133999999999999,53,Metinic
26771,2021-07-17T10:46:07Z,14.133999999999999,4,Metinic
26772,2021-07-17T10:51:07Z,14.229999999999999,4,Metinic
26773,2021-07-17T10:56:07Z,14.229999999999999,1,Metinic
26774,2021-07-17T11:01:07Z,14.229999999999999,4,Metinic
26775,2021-07-17T11:06:07Z,14.229999999999999,4,Metinic
26776,2021-07-17T11:11:07Z,14.229999999999999,4,Metinic
26777,2021-07-17T11:16:07Z,14.229999999999999,32,Metinic
26778,2021-07-17T11:21:07Z,14.229999999999999,46,Metinic
26779,2021-07-17T11:26:07Z,14.229999999999999,152,Metinic
26780,2021-07-17T11:31:07Z,14.229999999999999,103,Metinic
26781,2021-07-17T11:36:07Z,14.229999999999999,113,Metinic
26782,2021-07-17T11:41:07Z,14.229999999999999,28,Metinic
26783,2021-07-17T11:46:07Z,14.133999999999999,1,Metinic
26784,2021-07-17T11:51:07Z,14.133999999999999,4,Metinic
26785,2021-07-17T11:56:07Z,14.133999999999999,3,Metinic
26786,2021-07-17T12:01:07Z,14.037999999999998,128,Metinic
26787,2021-07-17T12:06:07Z,14.037999999999998,36,Metinic
26788,2021-07-17T12:11:07Z,14.133999999999999,11,Metinic
26789,2021-07-17T12:16:07Z,14.133999999999999,29,Metinic
26790,2021-07-17T12:21:07Z,14.133999999999999,42,Metinic
26791,2021-07-17T12:26:07Z,14.133999999999999,12,Metinic
26792,2021-07-17T12:31:07Z,14.133999999999999,256,Metinic
26793,2021-07-17T12:36:07Z,14.037999999999998,176,Metinic
26794,2021-07-17T12:41:07Z,14.037999999999998,5,Metinic
26795,2021-07-17T12:46:07Z,14.037999999999998,19,Metinic
26796,2021-07-17T12:51:07Z,14.037999999999998,9,Metinic
26797,2021-07-17T12:56:07Z,14.037999999999998,0,Metinic
26798,2021-07-17T13:01:07Z,14.037999999999998,23,Metinic
26799,2021-07-17T13:06:07Z,13.942,216,Metinic
26800,2021-07-17T13:11:07Z,13.942,15,Metinic
26801,2021-07-17T13:16:07Z,14.037999999999998,19,Metinic
26802,2021-07-17T13:21:07Z,13.942,98,Metinic
26803,2021-07-17T13:26:07Z,13.942,29,Metinic
26804,2021-07-17T13:31:07Z,13.942,81,Metinic
26805,2021-07-17T13:36:07Z,13.942,480,Metinic
26806,2021-07-17T13:41:07Z,14.037999999999998,21,Metinic
26807,2021-07-17T13:46:07Z,14.037999999999998,27,Metinic
26808,2021-07-17T13:51:07Z,14.037999999999998,7,Metinic
26809,2021-07-17T13:56:07Z,14.037999999999998,52,Metinic
26810,2021-07-17T14:01:07Z,14.037999999999998,136,Metinic
26811,2021-07-17T14:06:07Z,13.942,8,Metinic
26812,2021-07-17T14:11:07Z,13.942,5,Metinic
26813,2021-07-17T14:16:07Z,13.942,11,Metinic
26814,2021-07-17T14:21:07Z,13.942,304,Metinic
26815,2021-07-17T14:26:07Z,14.037999999999998,74,Metinic
26816,2021-07-17T14:31:07Z,13.942,304,Metinic
26817,2021-07-17T14:36:07Z,13.942,63,Metinic
26818,2021-07-17T14:41:07Z,13.942,47,Metinic
26819,2021-07-17T14:46:07Z,13.942,192,Metinic
26820,2021-07-17T14:51:07Z,13.942,304,Metinic
26821,2021-07-17T14:56:07Z,14.037999999999998,42,Metinic
26822,2021-07-17T15:01:07Z,14.037999999999998,432,Metinic
26823,2021-07-17T15:06:07Z,14.037999999999998,368,Metinic
26824,2021-07-17T15:11:07Z,13.942,288,Metinic
26825,2021-07-17T15:16:07Z,14.037999999999998,84,Metinic
26826,2021-07-17T15:21:07Z,13.942,21,Metinic
26827,2021-07-17T15:26:07Z,13.846,112,Metinic
26828,2021-07-17T15:31:07Z,13.75,256,Metinic
26829,2021-07-17T15:36:07Z,13.654,28,Metinic
26830,2021-07-17T15:41:07Z,13.654,119,Metinic
26831,2021-07-17T15:46:07Z,13.654,94,Metinic
26832,2021-07-17T15:51:07Z,13.654,29,Metinic
26833,2021-07-17T15:56:07Z,13.558,200,Metinic
26834,2021-07-17T16:01:07Z,13.558,33,Metinic
26835,2021-07-17T16:06:07Z,13.654,168,Metinic
26836,2021-07-17T16:11:07Z,13.558,248,Metinic
26837,2021-07-17T16:16:07Z,13.558,7,Metinic
26838,2021-07-17T16:21:07Z,13.558,121,Metinic
26839,2021-07-17T16:26:07Z,13.461,20,Metinic
26840,2021-07-17T16:31:07Z,13.461,6,Metinic
26841,2021-07-17T16:36:07Z,13.461,13,Metinic
26842,2021-07-17T16:41:07Z,13.461,4,Metinic
26843,2021-07-17T16:46:07Z,13.365000000000002,111,Metinic
26844,2021-07-17T16:51:07Z,13.365000000000002,35,Metinic
26845,2021-07-17T16:56:07Z,13.365000000000002,9,Metinic
26846,2021-07-17T17:01:07Z,13.365000000000002,4,Metinic
26847,2021-07-17T17:06:07Z,13.365000000000002,7,Metinic
26848,2021-07-17T17:11:07Z,13.269,11,Metinic
26849,2021-07-17T17:16:07Z,13.173,192,Metinic
26850,2021-07-17T17:21:07Z,13.173,152,Metinic
26851,2021-07-17T17:26:07Z,13.173,16,Metinic
26852,2021-07-17T17:31:07Z,13.076,95,Metinic
26853,2021-07-17T17:36:07Z,13.076,1,Metinic
26854,2021-07-17T17:41:07Z,13.076,29,Metinic
26855,2021-07-17T17:46:07Z,13.076,26,Metinic
26856,2021-07-17T17:51:07Z,13.076,81,Metinic
26857,2021-07-17T17:56:07Z,13.076,10,Metinic
26858,2021-07-17T18:01:07Z,13.076,52,Metinic
26859,2021-07-17T18:06:07Z,12.98,39,Metinic
26860,2021-07-17T18:11:07Z,13.076,152,Metinic
26861,2021-07-17T18:16:07Z,12.98,256,Metinic
26862,2021-07-17T18:21:07Z,12.98,75,Metinic
26863,2021-07-17T18:26:07Z,12.883000000000001,240,Metinic
26864,2021-07-17T18:31:07Z,12.883000000000001,216,Metinic
26865,2021-07-17T18:36:07Z,12.883000000000001,25,Metinic
26866,2021-07-17T18:41:07Z,12.883000000000001,70,Metinic
26867,2021-07-17T18:46:07Z,12.98,5,Metinic
26868,2021-07-17T18:51:07Z,12.98,86,Metinic
26869,2021-07-17T18:56:07Z,13.076,224,Metinic
26870,2021-07-17T19:01:07Z,13.173,30,Metinic
26871,2021-07-17T19:06:07Z,13.173,105,Metinic
26872,2021-07-17T19:11:07Z,13.076,12,Metinic
26873,2021-07-17T19:16:07Z,13.173,11,Metinic
26874,2021-07-17T19:21:07Z,13.173,12,Metinic
26875,2021-07-17T19:26:07Z,13.269,58,Metinic
26876,2021-07-17T19:31:07Z,13.173,272,Metinic
26877,2021-07-17T19:36:07Z,13.076,38,Metinic
26878,2021-07-17T19:41:07Z,13.076,160,Metinic
26879,2021-07-17T19:46:07Z,13.076,9,Metinic
26880,2021-07-17T19:51:07Z,13.076,4,Metinic
26881,2021-07-17T19:56:07Z,13.076,5,Metinic
26882,2021-07-17T20:01:07Z,13.076,8,Metinic
26883,2021-07-17T20:06:07Z,13.076,192,Metinic
26884,2021-07-17T20:11:07Z,13.173,13,Metinic
26885,2021-07-17T20:16:07Z,13.173,82,Metinic
26886,2021-07-17T20:21:07Z,13.173,71,Metinic
26887,2021-07-17T20:26:07Z,13.173,10,Metinic
26888,2021-07-17T20:31:07Z,13.173,176,Metinic
26889,2021-07-17T20:36:07Z,13.173,6,Metinic
26890,2021-07-17T20:41:07Z,13.173,152,Metinic
26891,2021-07-17T20:46:07Z,13.269,108,Metinic
26892,2021-07-17T20:51:07Z,13.269,54,Metinic
26893,2021-07-17T20:56:07Z,13.269,27,Metinic
26894,2021-07-17T21:01:07Z,13.269,43,Metinic
26895,2021-07-17T21:06:07Z,13.365000000000002,71,Metinic
26896,2021-07-17T21:11:07Z,13.365000000000002,61,Metinic
26897,2021-07-17T21:16:07Z,13.461,97,Metinic
26898,2021-07-17T21:21:07Z,13.558,8,Metinic
26899,2021-07-17T21:26:07Z,13.75,9,Metinic
26900,2021-07-17T21:31:07Z,13.846,76,Metinic
26901,2021-07-17T21:36:07Z,13.942,46,Metinic
26902,2021-07-17T21:41:07Z,13.942,12,Metinic
26903,2021-07-17T21:46:07Z,13.846,4,Metinic
26904,2021-07-17T21:51:07Z,13.846,0,Metinic
26905,2021-07-17T21:56:07Z,13.942,40,Metinic
26906,2021-07-17T22:01:07Z,14.037999999999998,4,Metinic
26907,2021-07-17T22:06:07Z,14.133999999999999,54,Metinic
26908,2021-07-17T22:11:07Z,14.133999999999999,59,Metinic
26909,2021-07-17T22:16:07Z,14.229999999999999,58,Metinic
26910,2021-07-17T22:21:07Z,14.325000000000001,12,Metinic
26911,2021-07-17T22:26:07Z,14.325000000000001,1,Metinic
26912,2021-07-17T22:31:07Z,14.325000000000001,1,Metinic
26913,2021-07-17T22:36:07Z,14.421,3,Metinic
26914,2021-07-17T22:41:07Z,14.421,1,Metinic
26915,2021-07-17T22:46:07Z,14.421,13,Metinic
26916,2021-07-17T22:51:07Z,14.325000000000001,23,Metinic
26917,2021-07-17T22:56:07Z,14.325000000000001,0,Metinic
26918,2021-07-17T23:01:07Z,14.325000000000001,14,Metinic
26919,2021-07-17T23:06:07Z,14.325000000000001,0,Metinic
26920,2021-07-17T23:11:07Z,14.325000000000001,0,Metinic
26921,2021-07-17T23:16:07Z,14.325000000000001,12,Metinic
26922,2021-07-17T23:21:07Z,14.229999999999999,12,Metinic
26923,2021-07-17T23:26:07Z,14.133999999999999,11,Metinic
26924,2021-07-17T23:31:07Z,14.133999999999999,4,Metinic
26925,2021-07-17T23:36:07Z,14.133999999999999,4,Metinic
26926,2021-07-17T23:41:07Z,14.037999999999998,6,Metinic
26927,2021-07-17T23:46:07Z,14.037999999999998,3,Metinic
26928,2021-07-17T23:51:07Z,14.037999999999998,2,Metinic
26929,2021-07-17T23:56:07Z,14.037999999999998,1,Metinic
26930,2021-07-18T00:01:07Z,14.037999999999998,1,Metinic
26931,2021-07-18T00:06:07Z,14.037999999999998,3,Metinic
26932,2021-07-18T00:11:07Z,14.037999999999998,0,Metinic
26933,2021-07-18T00:16:07Z,14.037999999999998,0,Metinic
26934,2021-07-18T00:21:07Z,14.037999999999998,0,Metinic
26935,2021-07-18T00:26:07Z,14.037999999999998,0,Metinic
26936,2021-07-18T00:31:07Z,14.037999999999998,0,Metinic
26937,2021-07-18T00:36:07Z,14.037999999999998,0,Metinic
26938,2021-07-18T00:41:07Z,14.037999999999998,0,Metinic
26939,2021-07-18T00:46:07Z,14.037999999999998,0,Metinic
26940,2021-07-18T00:51:07Z,14.037999999999998,0,Metinic
26941,2021-07-18T00:56:07Z,13.942,0,Metinic
26942,2021-07-18T01:01:07Z,13.942,0,Metinic
26943,2021-07-18T01:06:07Z,13.846,0,Metinic
26944,2021-07-18T01:11:07Z,13.75,0,Metinic
26945,2021-07-18T01:16:07Z,13.654,0,Metinic
26946,2021-07-18T01:21:07Z,13.558,0,Metinic
26947,2021-07-18T01:26:07Z,13.558,0,Metinic
26948,2021-07-18T01:31:07Z,13.461,0,Metinic
26949,2021-07-18T01:36:07Z,13.461,0,Metinic
26950,2021-07-18T01:41:07Z,13.461,0,Metinic
26951,2021-07-18T01:46:07Z,13.461,0,Metinic
26952,2021-07-18T01:51:07Z,13.461,0,Metinic
26953,2021-07-18T01:56:07Z,13.558,0,Metinic
26954,2021-07-18T02:01:07Z,13.558,0,Metinic
26955,2021-07-18T02:06:07Z,13.558,0,Metinic
26956,2021-07-18T02:11:07Z,13.558,0,Metinic
26957,2021-07-18T02:16:07Z,13.558,0,Metinic
26958,2021-07-18T02:21:07Z,13.558,0,Metinic
26959,2021-07-18T02:26:07Z,13.558,0,Metinic
26960,2021-07-18T02:31:07Z,13.558,0,Metinic
26961,2021-07-18T02:36:07Z,13.654,0,Metinic
26962,2021-07-18T02:41:07Z,13.75,0,Metinic
26963,2021-07-18T02:46:07Z,13.75,0,Metinic
26964,2021-07-18T02:51:07Z,13.75,0,Metinic
26965,2021-07-18T02:56:07Z,13.846,0,Metinic
26966,2021-07-18T03:01:07Z,13.846,0,Metinic
26967,2021-07-18T03:06:07Z,13.942,0,Metinic
26968,2021-07-18T03:11:07Z,13.942,0,Metinic
26969,2021-07-18T03:16:07Z,13.942,0,Metinic
26970,2021-07-18T03:21:07Z,13.942,0,Metinic
26971,2021-07-18T03:26:07Z,13.942,0,Metinic
26972,2021-07-18T03:31:07Z,13.942,0,Metinic
26973,2021-07-18T03:36:07Z,13.942,0,Metinic
26974,2021-07-18T03:41:07Z,13.942,0,Metinic
26975,2021-07-18T03:46:07Z,13.846,0,Metinic
26976,2021-07-18T03:51:07Z,13.654,0,Metinic
26977,2021-07-18T03:56:07Z,13.558,0,Metinic
26978,2021-07-18T04:01:07Z,13.365000000000002,0,Metinic
26979,2021-07-18T04:06:07Z,13.269,0,Metinic
26980,2021-07-18T04:11:07Z,13.269,0,Metinic
26981,2021-07-18T04:16:07Z,13.269,0,Metinic
26982,2021-07-18T04:21:07Z,13.173,0,Metinic
26983,2021-07-18T04:26:07Z,13.269,0,Metinic
26984,2021-07-18T04:31:07Z,13.269,0,Metinic
26985,2021-07-18T04:36:07Z,13.365000000000002,0,Metinic
26986,2021-07-18T04:41:07Z,13.269,0,Metinic
26987,2021-07-18T04:46:07Z,13.269,0,Metinic
26988,2021-07-18T04:51:07Z,13.076,0,Metinic
26989,2021-07-18T04:56:07Z,12.883000000000001,0,Metinic
26990,2021-07-18T05:01:07Z,12.786999999999999,0,Metinic
26991,2021-07-18T05:06:07Z,12.883000000000001,0,Metinic
26992,2021-07-18T05:11:07Z,12.883000000000001,0,Metinic
26993,2021-07-18T05:16:07Z,12.883000000000001,0,Metinic
26994,2021-07-18T05:21:07Z,12.883000000000001,0,Metinic
26995,2021-07-18T05:26:07Z,12.98,0,Metinic
26996,2021-07-18T05:31:07Z,12.98,0,Metinic
26997,2021-07-18T05:36:07Z,13.076,0,Metinic
26998,2021-07-18T05:41:07Z,13.076,0,Metinic
26999,2021-07-18T05:46:07Z,13.076,0,Metinic
27000,2021-07-18T05:51:07Z,13.076,0,Metinic
27001,2021-07-18T05:56:07Z,13.076,0,Metinic
27002,2021-07-18T06:01:07Z,13.076,0,Metinic
27003,2021-07-18T06:06:07Z,13.076,0,Metinic
27004,2021-07-18T06:11:07Z,13.076,0,Metinic
27005,2021-07-18T06:16:07Z,13.076,0,Metinic
27006,2021-07-18T06:21:07Z,13.173,0,Metinic
27007,2021-07-18T06:26:07Z,13.173,0,Metinic
27008,2021-07-18T06:31:07Z,13.173,0,Metinic
27009,2021-07-18T06:36:07Z,13.173,0,Metinic
27010,2021-07-18T06:41:07Z,13.173,0,Metinic
27011,2021-07-18T06:46:07Z,13.173,0,Metinic
27012,2021-07-18T06:51:07Z,13.173,0,Metinic
27013,2021-07-18T06:56:07Z,13.173,0,Metinic
27014,2021-07-18T07:01:07Z,13.173,0,Metinic
27015,2021-07-18T07:06:07Z,13.173,0,Metinic
27016,2021-07-18T07:11:07Z,13.173,0,Metinic
27017,2021-07-18T07:16:07Z,13.173,0,Metinic
27018,2021-07-18T07:21:07Z,13.173,0,Metinic
27019,2021-07-18T07:26:07Z,13.173,0,Metinic
27020,2021-07-18T07:31:07Z,13.173,0,Metinic
27021,2021-07-18T07:36:07Z,13.173,0,Metinic
27022,2021-07-18T07:41:07Z,13.173,0,Metinic
27023,2021-07-18T07:46:07Z,13.269,0,Metinic
27024,2021-07-18T07:51:07Z,13.269,0,Metinic
27025,2021-07-18T07:56:07Z,13.269,0,Metinic
27026,2021-07-18T08:01:07Z,13.269,0,Metinic
27027,2021-07-18T08:06:07Z,13.269,0,Metinic
27028,2021-07-18T08:11:07Z,13.269,0,Metinic
27029,2021-07-18T08:16:07Z,13.269,0,Metinic
27030,2021-07-18T08:21:07Z,13.269,0,Metinic
27031,2021-07-18T08:26:07Z,13.269,0,Metinic
27032,2021-07-18T08:31:07Z,13.269,0,Metinic
27033,2021-07-18T08:36:07Z,13.269,0,Metinic
27034,2021-07-18T08:41:07Z,13.269,0,Metinic
27035,2021-07-18T08:46:07Z,13.365000000000002,0,Metinic
27036,2021-07-18T08:51:07Z,13.365000000000002,0,Metinic
27037,2021-07-18T08:56:07Z,13.365000000000002,0,Metinic
27038,2021-07-18T09:01:07Z,13.365000000000002,0,Metinic
27039,2021-07-18T09:06:07Z,13.365000000000002,0,Metinic
27040,2021-07-18T09:11:07Z,13.365000000000002,0,Metinic
27041,2021-07-18T09:16:07Z,13.365000000000002,0,Metinic
27042,2021-07-18T09:21:07Z,13.365000000000002,0,Metinic
27043,2021-07-18T09:26:07Z,13.365000000000002,0,Metinic
27044,2021-07-18T09:31:07Z,13.365000000000002,0,Metinic
27045,2021-07-18T09:36:07Z,13.365000000000002,0,Metinic
27046,2021-07-18T09:41:07Z,13.365000000000002,1,Metinic
27047,2021-07-18T09:46:07Z,13.365000000000002,4,Metinic
27048,2021-07-18T09:51:07Z,13.365000000000002,1,Metinic
27049,2021-07-18T09:56:07Z,13.461,2,Metinic
27050,2021-07-18T10:01:07Z,13.558,24,Metinic
27051,2021-07-18T10:06:07Z,13.654,1,Metinic
27052,2021-07-18T10:11:07Z,13.75,2,Metinic
27053,2021-07-18T10:16:07Z,13.846,2,Metinic
27054,2021-07-18T10:21:07Z,13.846,2,Metinic
27055,2021-07-18T10:26:07Z,13.942,2,Metinic
27056,2021-07-18T10:31:07Z,13.846,2,Metinic
27057,2021-07-18T10:36:07Z,13.942,4,Metinic
27058,2021-07-18T10:41:07Z,13.942,53,Metinic
27059,2021-07-18T10:46:07Z,14.037999999999998,52,Metinic
27060,2021-07-18T10:51:07Z,14.037999999999998,5,Metinic
27061,2021-07-18T10:56:07Z,14.037999999999998,4,Metinic
27062,2021-07-18T11:01:07Z,14.037999999999998,1,Metinic
27063,2021-07-18T11:06:07Z,14.037999999999998,4,Metinic
27064,2021-07-18T11:11:07Z,14.037999999999998,4,Metinic
27065,2021-07-18T11:16:07Z,13.942,6,Metinic
27066,2021-07-18T11:21:07Z,13.942,1,Metinic
27067,2021-07-18T11:26:07Z,13.942,7,Metinic
27068,2021-07-18T11:31:07Z,13.942,1,Metinic
27069,2021-07-18T11:36:07Z,13.942,4,Metinic
27070,2021-07-18T11:41:07Z,13.942,4,Metinic
27071,2021-07-18T11:46:07Z,14.037999999999998,3,Metinic
27072,2021-07-18T11:51:07Z,14.037999999999998,3,Metinic
27073,2021-07-18T11:56:07Z,14.037999999999998,3,Metinic
27074,2021-07-18T12:01:07Z,14.037999999999998,8,Metinic
27075,2021-07-18T12:06:07Z,14.037999999999998,4,Metinic
27076,2021-07-18T12:11:07Z,14.037999999999998,8,Metinic
27077,2021-07-18T12:16:07Z,14.037999999999998,2,Metinic
27078,2021-07-18T12:21:07Z,14.037999999999998,1,Metinic
27079,2021-07-18T12:26:07Z,14.133999999999999,26,Metinic
27080,2021-07-18T12:31:07Z,14.037999999999998,3,Metinic
27081,2021-07-18T12:36:07Z,14.133999999999999,27,Metinic
27082,2021-07-18T12:41:07Z,14.133999999999999,2,Metinic
27083,2021-07-18T12:46:07Z,14.133999999999999,40,Metinic
27084,2021-07-18T12:51:07Z,14.133999999999999,19,Metinic
27085,2021-07-18T12:56:07Z,14.133999999999999,2,Metinic
27086,2021-07-18T13:01:07Z,14.133999999999999,2,Metinic
27087,2021-07-18T13:06:07Z,14.133999999999999,2,Metinic
27088,2021-07-18T13:11:07Z,14.133999999999999,2,Metinic
27089,2021-07-18T13:16:07Z,14.133999999999999,1,Metinic
27090,2021-07-18T13:21:07Z,14.133999999999999,1,Metinic
27091,2021-07-18T13:26:07Z,14.133999999999999,2,Metinic
27092,2021-07-18T13:31:07Z,14.133999999999999,2,Metinic
27093,2021-07-18T13:36:07Z,14.133999999999999,2,Metinic
27094,2021-07-18T13:41:07Z,14.037999999999998,0,Metinic
27095,2021-07-18T13:46:07Z,14.037999999999998,1,Metinic
27096,2021-07-18T13:51:07Z,14.037999999999998,1,Metinic
27097,2021-07-18T13:56:07Z,14.037999999999998,3,Metinic
27098,2021-07-18T14:01:07Z,14.037999999999998,1,Metinic
27099,2021-07-18T14:06:07Z,14.037999999999998,1,Metinic
27100,2021-07-18T14:11:07Z,14.037999999999998,2,Metinic
27101,2021-07-18T14:16:07Z,14.037999999999998,3,Metinic
27102,2021-07-18T14:21:07Z,14.037999999999998,3,Metinic
27103,2021-07-18T14:26:07Z,14.037999999999998,4,Metinic
27104,2021-07-18T14:31:07Z,14.133999999999999,5,Metinic
27105,2021-07-18T14:36:07Z,14.133999999999999,2,Metinic
27106,2021-07-18T14:41:07Z,14.133999999999999,2,Metinic
27107,2021-07-18T14:46:07Z,14.133999999999999,4,Metinic
27108,2021-07-18T14:51:07Z,14.229999999999999,5,Metinic
27109,2021-07-18T14:56:07Z,14.133999999999999,0,Metinic
27110,2021-07-18T15:01:07Z,14.133999999999999,0,Metinic
27111,2021-07-18T15:06:07Z,14.133999999999999,1,Metinic
27112,2021-07-18T15:11:07Z,14.133999999999999,3,Metinic
27113,2021-07-18T15:16:07Z,14.133999999999999,1,Metinic
27114,2021-07-18T15:21:07Z,14.133999999999999,2,Metinic
27115,2021-07-18T15:26:07Z,14.229999999999999,8,Metinic
27116,2021-07-18T15:31:07Z,14.229999999999999,11,Metinic
27117,2021-07-18T15:36:07Z,14.133999999999999,160,Metinic
27118,2021-07-18T15:41:07Z,14.133999999999999,144,Metinic
27119,2021-07-18T15:46:07Z,14.133999999999999,53,Metinic
27120,2021-07-18T15:51:07Z,14.133999999999999,97,Metinic
27121,2021-07-18T15:56:07Z,14.133999999999999,19,Metinic
27122,2021-07-18T16:01:07Z,14.133999999999999,2,Metinic
27123,2021-07-18T16:06:07Z,14.133999999999999,37,Metinic
27124,2021-07-18T16:11:07Z,14.133999999999999,31,Metinic
27125,2021-07-18T16:16:07Z,14.133999999999999,43,Metinic
27126,2021-07-18T16:21:07Z,14.133999999999999,50,Metinic
27127,2021-07-18T16:26:07Z,14.133999999999999,23,Metinic
27128,2021-07-18T16:31:07Z,14.133999999999999,53,Metinic
27129,2021-07-18T16:36:07Z,14.133999999999999,126,Metinic
27130,2021-07-18T16:41:07Z,14.133999999999999,24,Metinic
27131,2021-07-18T16:46:07Z,14.133999999999999,160,Metinic
27132,2021-07-18T16:51:07Z,14.133999999999999,45,Metinic
27133,2021-07-18T16:56:07Z,14.133999999999999,184,Metinic
27134,2021-07-18T17:01:07Z,14.133999999999999,40,Metinic
27135,2021-07-18T17:06:07Z,14.133999999999999,23,Metinic
27136,2021-07-18T17:11:07Z,14.133999999999999,208,Metinic
27137,2021-07-18T17:16:07Z,14.133999999999999,75,Metinic
27138,2021-07-18T17:21:07Z,14.133999999999999,120,Metinic
27139,2021-07-18T17:26:07Z,14.133999999999999,128,Metinic
27140,2021-07-18T17:31:07Z,14.133999999999999,2,Metinic
27141,2021-07-18T17:36:07Z,14.133999999999999,126,Metinic
27142,2021-07-18T17:41:07Z,14.133999999999999,69,Metinic
27143,2021-07-18T17:46:07Z,14.133999999999999,117,Metinic
27144,2021-07-18T17:51:07Z,14.133999999999999,1,Metinic
27145,2021-07-18T17:56:07Z,14.133999999999999,144,Metinic
27146,2021-07-18T18:01:07Z,14.133999999999999,110,Metinic
27147,2021-07-18T18:06:07Z,14.133999999999999,128,Metinic
27148,2021-07-18T18:11:07Z,14.133999999999999,144,Metinic
27149,2021-07-18T18:16:07Z,14.133999999999999,136,Metinic
27150,2021-07-18T18:21:07Z,14.133999999999999,15,Metinic
27151,2021-07-18T18:26:07Z,14.037999999999998,80,Metinic
27152,2021-07-18T18:31:07Z,14.037999999999998,81,Metinic
27153,2021-07-18T18:36:07Z,14.037999999999998,6,Metinic
27154,2021-07-18T18:41:07Z,14.037999999999998,35,Metinic
27155,2021-07-18T18:46:07Z,13.942,5,Metinic
27156,2021-07-18T18:51:07Z,13.942,4,Metinic
27157,2021-07-18T18:56:07Z,13.942,6,Metinic
27158,2021-07-18T19:01:07Z,13.942,2,Metinic
27159,2021-07-18T19:06:07Z,13.846,101,Metinic
27160,2021-07-18T19:11:07Z,13.846,76,Metinic
27161,2021-07-18T19:16:07Z,13.846,13,Metinic
27162,2021-07-18T19:21:07Z,13.75,160,Metinic
27163,2021-07-18T19:26:07Z,13.75,160,Metinic
27164,2021-07-18T19:31:07Z,13.654,114,Metinic
27165,2021-07-18T19:36:07Z,13.558,42,Metinic
27166,2021-07-18T19:41:07Z,13.558,12,Metinic
27167,2021-07-18T19:46:07Z,13.558,12,Metinic
27168,2021-07-18T19:51:07Z,13.461,12,Metinic
27169,2021-07-18T19:56:07Z,13.461,136,Metinic
27170,2021-07-18T20:01:07Z,13.461,37,Metinic
27171,2021-07-18T20:06:07Z,13.461,5,Metinic
27172,2021-07-18T20:11:07Z,13.365000000000002,46,Metinic
27173,2021-07-18T20:16:07Z,13.365000000000002,10,Metinic
27174,2021-07-18T20:21:07Z,13.269,10,Metinic
27175,2021-07-18T20:26:07Z,13.269,7,Metinic
27176,2021-07-18T20:31:07Z,13.269,82,Metinic
27177,2021-07-18T20:36:07Z,13.365000000000002,8,Metinic
27178,2021-07-18T20:41:07Z,13.365000000000002,13,Metinic
27179,2021-07-18T20:46:07Z,13.365000000000002,81,Metinic
27180,2021-07-18T20:51:07Z,13.461,9,Metinic
27181,2021-07-18T20:56:07Z,13.461,4,Metinic
27182,2021-07-18T21:01:07Z,13.461,37,Metinic
27183,2021-07-18T21:06:07Z,13.461,108,Metinic
27184,2021-07-18T21:11:07Z,13.558,168,Metinic
27185,2021-07-18T21:16:07Z,13.558,19,Metinic
27186,2021-07-18T21:21:07Z,13.558,12,Metinic
27187,2021-07-18T21:26:07Z,13.654,3,Metinic
27188,2021-07-18T21:31:07Z,13.654,4,Metinic
27189,2021-07-18T21:36:07Z,13.654,3,Metinic
27190,2021-07-18T21:41:07Z,13.654,1,Metinic
27191,2021-07-18T21:46:07Z,13.654,1,Metinic
27192,2021-07-18T21:51:07Z,13.654,1,Metinic
27193,2021-07-18T21:56:07Z,13.75,0,Metinic
27194,2021-07-18T22:01:07Z,13.75,2,Metinic
27195,2021-07-18T22:06:07Z,13.75,9,Metinic
27196,2021-07-18T22:11:07Z,13.75,42,Metinic
27197,2021-07-18T22:16:07Z,13.75,2,Metinic
27198,2021-07-18T22:21:07Z,13.75,1,Metinic
27199,2021-07-18T22:26:07Z,13.75,0,Metinic
27200,2021-07-18T22:31:07Z,13.75,1,Metinic
27201,2021-07-18T22:36:07Z,13.75,0,Metinic
27202,2021-07-18T22:41:07Z,13.846,0,Metinic
27203,2021-07-18T22:46:07Z,13.846,0,Metinic
27204,2021-07-18T22:51:07Z,13.846,0,Metinic
27205,2021-07-18T22:56:07Z,13.846,0,Metinic
27206,2021-07-18T23:01:07Z,13.846,0,Metinic
27207,2021-07-18T23:06:07Z,13.846,0,Metinic
27208,2021-07-18T23:11:07Z,13.846,0,Metinic
27209,2021-07-18T23:16:07Z,13.942,0,Metinic
27210,2021-07-18T23:21:07Z,13.942,1,Metinic
27211,2021-07-18T23:26:07Z,13.942,8,Metinic
27212,2021-07-18T23:31:07Z,13.942,7,Metinic
27213,2021-07-18T23:36:07Z,13.942,0,Metinic
27214,2021-07-18T23:41:07Z,13.942,0,Metinic
27215,2021-07-18T23:46:07Z,13.942,0,Metinic
27216,2021-07-18T23:51:07Z,13.942,0,Metinic
27217,2021-07-18T23:56:07Z,13.942,0,Metinic
27218,2021-07-19T00:01:07Z,13.942,0,Metinic
27219,2021-07-19T00:06:07Z,13.942,0,Metinic
27220,2021-07-19T00:11:07Z,13.942,0,Metinic
27221,2021-07-19T00:16:07Z,13.846,0,Metinic
27222,2021-07-19T00:21:07Z,13.846,0,Metinic
27223,2021-07-19T00:26:07Z,13.846,0,Metinic
27224,2021-07-19T00:31:07Z,13.846,0,Metinic
27225,2021-07-19T00:36:07Z,13.846,0,Metinic
27226,2021-07-19T00:41:07Z,13.846,0,Metinic
27227,2021-07-19T00:46:07Z,13.846,0,Metinic
27228,2021-07-19T00:51:07Z,13.846,0,Metinic
27229,2021-07-19T00:56:07Z,13.846,0,Metinic
27230,2021-07-19T01:01:07Z,13.846,0,Metinic
27231,2021-07-19T01:06:07Z,13.846,0,Metinic
27232,2021-07-19T01:11:07Z,13.846,0,Metinic
27233,2021-07-19T01:16:07Z,13.846,0,Metinic
27234,2021-07-19T01:21:07Z,13.846,0,Metinic
27235,2021-07-19T01:26:07Z,13.75,0,Metinic
27236,2021-07-19T01:31:07Z,13.846,0,Metinic
27237,2021-07-19T01:36:07Z,13.75,0,Metinic
27238,2021-07-19T01:41:07Z,13.75,0,Metinic
27239,2021-07-19T01:46:07Z,13.75,0,Metinic
27240,2021-07-19T01:51:07Z,13.75,0,Metinic
27241,2021-07-19T01:56:07Z,13.75,0,Metinic
27242,2021-07-19T02:01:07Z,13.75,0,Metinic
27243,2021-07-19T02:06:07Z,13.75,0,Metinic
27244,2021-07-19T02:11:07Z,13.75,0,Metinic
27245,2021-07-19T02:16:07Z,13.75,0,Metinic
27246,2021-07-19T02:21:07Z,13.654,0,Metinic
27247,2021-07-19T02:26:07Z,13.654,0,Metinic
27248,2021-07-19T02:31:07Z,13.654,0,Metinic
27249,2021-07-19T02:36:07Z,13.558,0,Metinic
27250,2021-07-19T02:41:07Z,13.558,0,Metinic
27251,2021-07-19T02:46:07Z,13.558,0,Metinic
27252,2021-07-19T02:51:07Z,13.558,0,Metinic
27253,2021-07-19T02:56:07Z,13.461,0,Metinic
27254,2021-07-19T03:01:07Z,13.365000000000002,0,Metinic
27255,2021-07-19T03:06:07Z,13.269,0,Metinic
27256,2021-07-19T03:11:07Z,13.269,0,Metinic
27257,2021-07-19T03:16:07Z,13.269,0,Metinic
27258,2021-07-19T03:21:07Z,13.173,0,Metinic
27259,2021-07-19T03:26:07Z,13.173,0,Metinic
27260,2021-07-19T03:31:07Z,13.269,0,Metinic
27261,2021-07-19T03:36:07Z,13.269,0,Metinic
27262,2021-07-19T03:41:07Z,13.365000000000002,0,Metinic
27263,2021-07-19T03:46:07Z,13.365000000000002,0,Metinic
27264,2021-07-19T03:51:07Z,13.461,0,Metinic
27265,2021-07-19T03:56:07Z,13.461,0,Metinic
27266,2021-07-19T04:01:07Z,13.558,0,Metinic
27267,2021-07-19T04:06:07Z,13.558,0,Metinic
27268,2021-07-19T04:11:07Z,13.558,0,Metinic
27269,2021-07-19T04:16:07Z,13.558,0,Metinic
27270,2021-07-19T04:21:07Z,13.558,0,Metinic
27271,2021-07-19T04:26:07Z,13.558,0,Metinic
27272,2021-07-19T04:31:07Z,13.558,0,Metinic
27273,2021-07-19T04:36:07Z,13.654,0,Metinic
27274,2021-07-19T04:41:07Z,13.654,0,Metinic
27275,2021-07-19T04:46:07Z,13.654,0,Metinic
27276,2021-07-19T04:51:07Z,13.654,0,Metinic
27277,2021-07-19T04:56:07Z,13.654,0,Metinic
27278,2021-07-19T05:01:07Z,13.654,0,Metinic
27279,2021-07-19T05:06:07Z,13.558,0,Metinic
27280,2021-07-19T05:11:07Z,13.461,0,Metinic
27281,2021-07-19T05:16:07Z,13.461,0,Metinic
27282,2021-07-19T05:21:07Z,13.461,0,Metinic
27283,2021-07-19T05:26:07Z,13.461,0,Metinic
27284,2021-07-19T05:31:07Z,13.461,0,Metinic
27285,2021-07-19T05:36:07Z,13.461,0,Metinic
27286,2021-07-19T05:41:07Z,13.558,0,Metinic
27287,2021-07-19T05:46:07Z,13.558,0,Metinic
27288,2021-07-19T05:51:07Z,13.654,0,Metinic
27289,2021-07-19T05:56:07Z,13.654,0,Metinic
27290,2021-07-19T06:01:07Z,13.654,0,Metinic
27291,2021-07-19T06:06:07Z,13.75,0,Metinic
27292,2021-07-19T06:11:07Z,13.75,0,Metinic
27293,2021-07-19T06:16:07Z,13.75,0,Metinic
27294,2021-07-19T06:21:07Z,13.75,0,Metinic
27295,2021-07-19T06:26:07Z,13.75,0,Metinic
27296,2021-07-19T06:31:07Z,13.75,0,Metinic
27297,2021-07-19T06:36:07Z,13.75,0,Metinic
27298,2021-07-19T06:41:07Z,13.75,0,Metinic
27299,2021-07-19T06:46:07Z,13.654,0,Metinic
27300,2021-07-19T06:51:07Z,13.558,0,Metinic
27301,2021-07-19T06:56:07Z,13.365000000000002,0,Metinic
27302,2021-07-19T07:01:07Z,13.365000000000002,0,Metinic
27303,2021-07-19T07:06:07Z,13.269,0,Metinic
27304,2021-07-19T07:11:07Z,13.269,0,Metinic
27305,2021-07-19T07:16:07Z,13.269,0,Metinic
27306,2021-07-19T07:21:07Z,13.269,0,Metinic
27307,2021-07-19T07:26:07Z,13.269,0,Metinic
27308,2021-07-19T07:31:07Z,13.269,0,Metinic
27309,2021-07-19T07:36:07Z,13.269,0,Metinic
27310,2021-07-19T07:41:07Z,13.269,0,Metinic
27311,2021-07-19T07:46:07Z,13.269,0,Metinic
27312,2021-07-19T07:51:07Z,13.269,0,Metinic
27313,2021-07-19T07:56:07Z,13.269,0,Metinic
27314,2021-07-19T08:01:07Z,13.269,0,Metinic
27315,2021-07-19T08:06:07Z,13.173,0,Metinic
27316,2021-07-19T08:11:07Z,13.173,0,Metinic
27317,2021-07-19T08:16:07Z,13.173,0,Metinic
27318,2021-07-19T08:21:07Z,13.173,0,Metinic
27319,2021-07-19T08:26:07Z,13.173,0,Metinic
27320,2021-07-19T08:31:07Z,13.173,0,Metinic
27321,2021-07-19T08:36:07Z,13.076,0,Metinic
27322,2021-07-19T08:41:07Z,13.076,0,Metinic
27323,2021-07-19T08:46:07Z,13.076,0,Metinic
27324,2021-07-19T08:51:07Z,13.076,0,Metinic
27325,2021-07-19T08:56:07Z,13.076,0,Metinic
27326,2021-07-19T09:01:07Z,13.076,0,Metinic
27327,2021-07-19T09:06:07Z,12.98,0,Metinic
27328,2021-07-19T09:11:07Z,12.98,0,Metinic
27329,2021-07-19T09:16:07Z,12.98,0,Metinic
27330,2021-07-19T09:21:07Z,12.883000000000001,0,Metinic
27331,2021-07-19T09:26:07Z,12.98,0,Metinic
27332,2021-07-19T09:31:07Z,12.883000000000001,0,Metinic
27333,2021-07-19T09:36:07Z,12.98,0,Metinic
27334,2021-07-19T09:41:07Z,12.98,4,Metinic
27335,2021-07-19T09:46:07Z,12.98,0,Metinic
27336,2021-07-19T09:51:07Z,12.98,0,Metinic
27337,2021-07-19T09:56:07Z,13.076,0,Metinic
27338,2021-07-19T10:01:07Z,13.076,0,Metinic
27339,2021-07-19T10:06:07Z,13.076,0,Metinic
27340,2021-07-19T10:11:07Z,13.076,0,Metinic
27341,2021-07-19T10:16:07Z,13.173,0,Metinic
27342,2021-07-19T10:21:07Z,13.076,0,Metinic
27343,2021-07-19T10:26:07Z,13.076,0,Metinic
27344,2021-07-19T10:31:07Z,13.173,0,Metinic
27345,2021-07-19T10:36:07Z,13.076,0,Metinic
27346,2021-07-19T10:41:07Z,13.173,17,Metinic
27347,2021-07-19T10:46:07Z,13.173,5,Metinic
27348,2021-07-19T10:51:07Z,13.173,18,Metinic
27349,2021-07-19T10:56:07Z,13.173,3,Metinic
27350,2021-07-19T11:01:07Z,13.173,3,Metinic
27351,2021-07-19T11:06:07Z,13.173,0,Metinic
27352,2021-07-19T11:11:07Z,13.269,0,Metinic
27353,2021-07-19T11:16:07Z,13.269,27,Metinic
27354,2021-07-19T11:21:07Z,13.269,3,Metinic
27355,2021-07-19T11:26:07Z,13.269,22,Metinic
27356,2021-07-19T11:31:07Z,13.269,12,Metinic
27357,2021-07-19T11:36:07Z,13.269,9,Metinic
27358,2021-07-19T11:41:07Z,13.269,19,Metinic
27359,2021-07-19T11:46:07Z,13.269,12,Metinic
27360,2021-07-19T11:51:07Z,13.269,4,Metinic
27361,2021-07-19T11:56:07Z,13.269,16,Metinic
27362,2021-07-19T12:01:07Z,13.269,68,Metinic
27363,2021-07-19T12:06:07Z,13.269,11,Metinic
27364,2021-07-19T12:11:07Z,13.269,12,Metinic
27365,2021-07-19T12:16:07Z,13.269,13,Metinic
27366,2021-07-19T12:21:07Z,13.269,100,Metinic
27367,2021-07-19T12:26:07Z,13.269,144,Metinic
27368,2021-07-19T12:31:07Z,13.269,86,Metinic
27369,2021-07-19T12:36:07Z,13.269,136,Metinic
27370,2021-07-19T12:41:07Z,13.269,144,Metinic
27371,2021-07-19T12:46:07Z,13.365000000000002,128,Metinic
27372,2021-07-19T12:51:07Z,13.365000000000002,7,Metinic
27373,2021-07-19T12:56:07Z,13.365000000000002,10,Metinic
27374,2021-07-19T13:01:07Z,13.365000000000002,160,Metinic
27375,2021-07-19T13:06:07Z,13.365000000000002,98,Metinic
27376,2021-07-19T13:11:07Z,13.365000000000002,44,Metinic
27377,2021-07-19T13:16:07Z,13.365000000000002,192,Metinic
27378,2021-07-19T13:21:07Z,13.461,10,Metinic
27379,2021-07-19T13:26:07Z,13.461,9,Metinic
27380,2021-07-19T13:31:07Z,13.461,88,Metinic
27381,2021-07-19T13:36:07Z,13.461,136,Metinic
27382,2021-07-19T13:41:07Z,13.461,14,Metinic
27383,2021-07-19T13:46:07Z,13.461,13,Metinic
27384,2021-07-19T13:51:07Z,13.558,16,Metinic
27385,2021-07-19T13:56:07Z,13.558,14,Metinic
27386,2021-07-19T14:01:07Z,13.461,272,Metinic
27387,2021-07-19T14:06:07Z,13.461,18,Metinic
27388,2021-07-19T14:11:07Z,13.558,21,Metinic
27389,2021-07-19T14:16:07Z,13.558,23,Metinic
27390,2021-07-19T14:21:07Z,13.461,79,Metinic
27391,2021-07-19T14:26:07Z,13.461,100,Metinic
27392,2021-07-19T14:31:07Z,13.365000000000002,43,Metinic
27393,2021-07-19T14:36:07Z,13.365000000000002,216,Metinic
27394,2021-07-19T14:41:07Z,13.365000000000002,102,Metinic
27395,2021-07-19T14:46:07Z,13.365000000000002,160,Metinic
27396,2021-07-19T14:51:07Z,13.365000000000002,160,Metinic
27397,2021-07-19T14:56:07Z,13.365000000000002,34,Metinic
27398,2021-07-19T15:01:07Z,13.365000000000002,22,Metinic
27399,2021-07-19T15:06:07Z,13.461,384,Metinic
27400,2021-07-19T15:11:07Z,13.365000000000002,480,Metinic
27401,2021-07-19T15:16:07Z,13.365000000000002,128,Metinic
27402,2021-07-19T15:21:07Z,13.365000000000002,20,Metinic
27403,2021-07-19T15:26:07Z,13.365000000000002,272,Metinic
27404,2021-07-19T15:31:07Z,13.365000000000002,15,Metinic
27405,2021-07-19T15:36:07Z,13.365000000000002,29,Metinic
27406,2021-07-19T15:41:07Z,13.461,336,Metinic
27407,2021-07-19T15:46:07Z,13.558,24,Metinic
27408,2021-07-19T15:51:07Z,13.558,32,Metinic
27409,2021-07-19T15:56:07Z,13.558,89,Metinic
27410,2021-07-19T16:01:07Z,13.461,87,Metinic
27411,2021-07-19T16:06:07Z,13.654,40,Metinic
27412,2021-07-19T16:11:07Z,13.654,14,Metinic
27413,2021-07-19T16:16:07Z,13.558,26,Metinic
27414,2021-07-19T16:21:07Z,13.558,32,Metinic
27415,2021-07-19T16:26:07Z,13.558,576,Metinic
27416,2021-07-19T16:31:07Z,13.558,480,Metinic
27417,2021-07-19T16:36:07Z,13.461,66,Metinic
27418,2021-07-19T16:41:07Z,13.461,61,Metinic
27419,2021-07-19T16:46:07Z,13.461,256,Metinic
27420,2021-07-19T16:51:07Z,13.461,38,Metinic
27421,2021-07-19T16:56:07Z,13.461,19,Metinic
27422,2021-07-19T17:01:07Z,13.461,20,Metinic
27423,2021-07-19T17:06:07Z,13.461,41,Metinic
27424,2021-07-19T17:11:07Z,13.558,232,Metinic
27425,2021-07-19T17:16:07Z,13.461,29,Metinic
27426,2021-07-19T17:21:07Z,13.558,25,Metinic
27427,2021-07-19T17:26:07Z,13.558,152,Metinic
27428,2021-07-19T17:31:07Z,13.558,114,Metinic
27429,2021-07-19T17:36:07Z,13.654,24,Metinic
27430,2021-07-19T17:41:07Z,13.654,23,Metinic
27431,2021-07-19T17:46:07Z,13.654,114,Metinic
27432,2021-07-19T17:51:07Z,13.654,16,Metinic
27433,2021-07-19T17:56:07Z,13.75,14,Metinic
27434,2021-07-19T18:01:07Z,13.75,16,Metinic
27435,2021-07-19T18:06:07Z,13.75,11,Metinic
27436,2021-07-19T18:11:07Z,13.75,54,Metinic
27437,2021-07-19T18:16:07Z,13.654,272,Metinic
27438,2021-07-19T18:21:07Z,13.75,117,Metinic
27439,2021-07-19T18:26:07Z,13.654,16,Metinic
27440,2021-07-19T18:31:07Z,13.75,31,Metinic
27441,2021-07-19T18:36:07Z,13.75,128,Metinic
27442,2021-07-19T18:41:07Z,13.75,160,Metinic
27443,2021-07-19T18:46:07Z,13.846,112,Metinic
27444,2021-07-19T18:51:07Z,13.75,272,Metinic
27445,2021-07-19T18:56:07Z,13.75,43,Metinic
27446,2021-07-19T19:01:07Z,13.75,65,Metinic
27447,2021-07-19T19:06:07Z,13.75,60,Metinic
27448,2021-07-19T19:11:07Z,13.75,384,Metinic
27449,2021-07-19T19:16:07Z,13.75,192,Metinic
27450,2021-07-19T19:21:07Z,13.75,608,Metinic
27451,2021-07-19T19:26:07Z,13.654,432,Metinic
27452,2021-07-19T19:31:07Z,13.558,80,Metinic
27453,2021-07-19T19:36:07Z,13.461,512,Metinic
27454,2021-07-19T19:41:07Z,13.365000000000002,448,Metinic
27455,2021-07-19T19:46:07Z,13.269,19,Metinic
27456,2021-07-19T19:51:07Z,13.269,32,Metinic
27457,2021-07-19T19:56:07Z,13.076,464,Metinic
27458,2021-07-19T20:01:07Z,13.076,176,Metinic
27459,2021-07-19T20:06:07Z,13.076,152,Metinic
27460,2021-07-19T20:11:07Z,13.076,232,Metinic
27461,2021-07-19T20:16:07Z,13.076,160,Metinic
27462,2021-07-19T20:21:07Z,12.98,232,Metinic
27463,2021-07-19T20:26:07Z,12.98,208,Metinic
27464,2021-07-19T20:31:07Z,12.98,26,Metinic
27465,2021-07-19T20:36:07Z,12.98,20,Metinic
27466,2021-07-19T20:41:07Z,12.98,14,Metinic
27467,2021-07-19T20:46:07Z,12.98,17,Metinic
27468,2021-07-19T20:51:07Z,12.98,16,Metinic
27469,2021-07-19T20:56:07Z,12.98,13,Metinic
27470,2021-07-19T21:01:07Z,12.98,14,Metinic
27471,2021-07-19T21:06:07Z,12.98,18,Metinic
27472,2021-07-19T21:11:07Z,13.076,13,Metinic
27473,2021-07-19T21:16:07Z,13.076,9,Metinic
27474,2021-07-19T21:21:07Z,13.076,5,Metinic
27475,2021-07-19T21:26:07Z,13.076,35,Metinic
27476,2021-07-19T21:31:07Z,13.173,6,Metinic
27477,2021-07-19T21:36:07Z,13.173,1,Metinic
27478,2021-07-19T21:41:07Z,13.173,1,Metinic
27479,2021-07-19T21:46:07Z,13.269,1,Metinic
27480,2021-07-19T21:51:07Z,13.269,1,Metinic
27481,2021-07-19T21:56:07Z,13.269,1,Metinic
27482,2021-07-19T22:01:07Z,13.365000000000002,2,Metinic
27483,2021-07-19T22:06:07Z,13.365000000000002,2,Metinic
27484,2021-07-19T22:11:07Z,13.365000000000002,1,Metinic
27485,2021-07-19T22:16:07Z,13.365000000000002,0,Metinic
27486,2021-07-19T22:21:07Z,13.365000000000002,0,Metinic
27487,2021-07-19T22:26:07Z,13.365000000000002,0,Metinic
27488,2021-07-19T22:31:07Z,13.365000000000002,0,Metinic
27489,2021-07-19T22:36:07Z,13.461,2,Metinic
27490,2021-07-19T22:41:07Z,13.461,1,Metinic
27491,2021-07-19T22:46:07Z,13.461,3,Metinic
27492,2021-07-19T22:51:07Z,13.461,3,Metinic
27493,2021-07-19T22:56:07Z,13.461,14,Metinic
27494,2021-07-19T23:01:07Z,13.461,0,Metinic
27495,2021-07-19T23:06:07Z,13.461,0,Metinic
27496,2021-07-19T23:11:07Z,13.461,2,Metinic
27497,2021-07-19T23:16:07Z,13.461,10,Metinic
27498,2021-07-19T23:21:07Z,13.558,16,Metinic
27499,2021-07-19T23:26:07Z,13.558,8,Metinic
27500,2021-07-19T23:31:07Z,13.558,13,Metinic
27501,2021-07-19T23:36:07Z,13.558,12,Metinic
27502,2021-07-19T23:41:07Z,13.558,1,Metinic
27503,2021-07-19T23:46:07Z,13.558,0,Metinic
27504,2021-07-19T23:51:07Z,13.558,0,Metinic
27505,2021-07-19T23:56:07Z,13.654,0,Metinic
27506,2021-07-20T00:01:07Z,13.654,0,Metinic
27507,2021-07-20T00:06:07Z,13.654,0,Metinic
27508,2021-07-20T00:11:07Z,13.654,0,Metinic
27509,2021-07-20T00:16:07Z,13.654,0,Metinic
27510,2021-07-20T00:21:07Z,13.654,0,Metinic
27511,2021-07-20T00:26:07Z,13.654,0,Metinic
27512,2021-07-20T00:31:07Z,13.654,0,Metinic
27513,2021-07-20T00:36:07Z,13.654,0,Metinic
27514,2021-07-20T00:41:07Z,13.654,0,Metinic
27515,2021-07-20T00:46:07Z,13.654,0,Metinic
27516,2021-07-20T00:51:07Z,13.654,0,Metinic
27517,2021-07-20T00:56:07Z,13.654,0,Metinic
27518,2021-07-20T01:01:07Z,13.654,0,Metinic
27519,2021-07-20T01:06:07Z,13.654,0,Metinic
27520,2021-07-20T01:11:07Z,13.558,0,Metinic
27521,2021-07-20T01:16:07Z,13.558,0,Metinic
27522,2021-07-20T01:21:07Z,13.558,0,Metinic
27523,2021-07-20T01:26:07Z,13.558,0,Metinic
27524,2021-07-20T01:31:07Z,13.558,0,Metinic
27525,2021-07-20T01:36:07Z,13.558,0,Metinic
27526,2021-07-20T01:41:07Z,13.558,0,Metinic
27527,2021-07-20T01:46:07Z,13.558,0,Metinic
27528,2021-07-20T01:51:07Z,13.558,0,Metinic
27529,2021-07-20T01:56:07Z,13.461,0,Metinic
27530,2021-07-20T02:01:07Z,13.558,0,Metinic
27531,2021-07-20T02:06:07Z,13.558,0,Metinic
27532,2021-07-20T02:11:07Z,13.558,0,Metinic
27533,2021-07-20T02:16:07Z,13.558,0,Metinic
27534,2021-07-20T02:21:07Z,13.558,0,Metinic
27535,2021-07-20T02:26:07Z,13.558,0,Metinic
27536,2021-07-20T02:31:07Z,13.558,0,Metinic
27537,2021-07-20T02:36:07Z,13.558,0,Metinic
27538,2021-07-20T02:41:07Z,13.558,0,Metinic
27539,2021-07-20T02:46:07Z,13.461,0,Metinic
27540,2021-07-20T02:51:07Z,13.461,0,Metinic
27541,2021-07-20T02:56:07Z,13.461,0,Metinic
27542,2021-07-20T03:01:07Z,13.365000000000002,0,Metinic
27543,2021-07-20T03:06:07Z,13.365000000000002,0,Metinic
27544,2021-07-20T03:11:07Z,13.365000000000002,0,Metinic
27545,2021-07-20T03:16:07Z,13.269,0,Metinic
27546,2021-07-20T03:21:07Z,13.269,0,Metinic
27547,2021-07-20T03:26:07Z,13.269,0,Metinic
27548,2021-07-20T03:31:07Z,13.269,0,Metinic
27549,2021-07-20T03:36:07Z,13.173,0,Metinic
27550,2021-07-20T03:41:07Z,13.173,0,Metinic
27551,2021-07-20T03:46:07Z,13.173,0,Metinic
27552,2021-07-20T03:51:07Z,13.173,0,Metinic
27553,2021-07-20T03:56:07Z,13.173,0,Metinic
27554,2021-07-20T04:01:07Z,13.173,0,Metinic
27555,2021-07-20T04:06:07Z,13.269,0,Metinic
27556,2021-07-20T04:11:07Z,13.365000000000002,0,Metinic
27557,2021-07-20T04:16:07Z,13.461,0,Metinic
27558,2021-07-20T04:21:07Z,13.461,0,Metinic
27559,2021-07-20T04:26:07Z,13.461,0,Metinic
27560,2021-07-20T04:31:07Z,13.365000000000002,0,Metinic
27561,2021-07-20T04:36:07Z,13.461,0,Metinic
27562,2021-07-20T04:41:07Z,13.461,0,Metinic
27563,2021-07-20T04:46:07Z,13.558,0,Metinic
27564,2021-07-20T04:51:07Z,13.558,0,Metinic
27565,2021-07-20T04:56:07Z,13.654,0,Metinic
27566,2021-07-20T05:01:07Z,13.654,0,Metinic
27567,2021-07-20T05:06:07Z,13.654,0,Metinic
27568,2021-07-20T05:11:07Z,13.654,0,Metinic
27569,2021-07-20T05:16:07Z,13.654,0,Metinic
27570,2021-07-20T05:21:07Z,13.558,0,Metinic
27571,2021-07-20T05:26:07Z,13.558,0,Metinic
27572,2021-07-20T05:31:07Z,13.654,0,Metinic
27573,2021-07-20T05:36:07Z,13.654,0,Metinic
27574,2021-07-20T05:41:07Z,13.654,0,Metinic
27575,2021-07-20T05:46:07Z,13.654,0,Metinic
27576,2021-07-20T05:51:07Z,13.654,0,Metinic
27577,2021-07-20T05:56:07Z,13.75,0,Metinic
27578,2021-07-20T06:01:07Z,13.75,0,Metinic
27579,2021-07-20T06:06:07Z,13.75,0,Metinic
27580,2021-07-20T06:11:07Z,13.75,0,Metinic
27581,2021-07-20T06:16:07Z,13.75,0,Metinic
27582,2021-07-20T06:21:07Z,13.75,0,Metinic
27583,2021-07-20T06:26:07Z,13.75,0,Metinic
27584,2021-07-20T06:31:07Z,13.654,0,Metinic
27585,2021-07-20T06:36:07Z,13.654,0,Metinic
27586,2021-07-20T06:41:07Z,13.654,0,Metinic
27587,2021-07-20T06:46:07Z,13.558,0,Metinic
27588,2021-07-20T06:51:07Z,13.461,0,Metinic
27589,2021-07-20T06:56:07Z,13.461,0,Metinic
27590,2021-07-20T07:01:07Z,13.365000000000002,0,Metinic
27591,2021-07-20T07:06:07Z,13.269,0,Metinic
27592,2021-07-20T07:11:07Z,13.269,0,Metinic
27593,2021-07-20T07:16:07Z,13.173,0,Metinic
27594,2021-07-20T07:21:07Z,13.076,0,Metinic
27595,2021-07-20T07:26:07Z,13.076,0,Metinic
27596,2021-07-20T07:31:07Z,12.98,0,Metinic
27597,2021-07-20T07:36:07Z,12.98,0,Metinic
27598,2021-07-20T07:41:07Z,12.98,0,Metinic
27599,2021-07-20T07:46:07Z,12.883000000000001,0,Metinic
27600,2021-07-20T07:51:07Z,12.883000000000001,0,Metinic
27601,2021-07-20T07:56:07Z,12.786999999999999,0,Metinic
27602,2021-07-20T08:01:07Z,12.786999999999999,0,Metinic
27603,2021-07-20T08:06:07Z,12.69,0,Metinic
27604,2021-07-20T08:11:07Z,12.69,0,Metinic
27605,2021-07-20T08:16:07Z,12.69,0,Metinic
27606,2021-07-20T08:21:07Z,12.594,0,Metinic
27607,2021-07-20T08:26:07Z,12.497,0,Metinic
27608,2021-07-20T08:31:07Z,12.497,0,Metinic
27609,2021-07-20T08:36:07Z,12.497,0,Metinic
27610,2021-07-20T08:41:07Z,12.497,0,Metinic
27611,2021-07-20T08:46:07Z,12.401,0,Metinic
27612,2021-07-20T08:51:07Z,12.497,0,Metinic
27613,2021-07-20T08:56:07Z,12.497,0,Metinic
27614,2021-07-20T09:01:07Z,12.497,0,Metinic
27615,2021-07-20T09:06:07Z,12.497,0,Metinic
27616,2021-07-20T09:11:07Z,12.497,0,Metinic
27617,2021-07-20T09:16:07Z,12.594,0,Metinic
27618,2021-07-20T09:21:07Z,12.594,0,Metinic
27619,2021-07-20T09:26:07Z,12.69,0,Metinic
27620,2021-07-20T09:31:07Z,12.69,0,Metinic
27621,2021-07-20T09:36:07Z,12.786999999999999,1,Metinic
27622,2021-07-20T09:41:07Z,12.883000000000001,3,Metinic
27623,2021-07-20T09:46:07Z,12.98,13,Metinic
27624,2021-07-20T09:51:07Z,12.98,12,Metinic
27625,2021-07-20T09:56:07Z,13.076,5,Metinic
27626,2021-07-20T10:01:07Z,13.076,1,Metinic
27627,2021-07-20T10:06:07Z,13.076,6,Metinic
27628,2021-07-20T10:11:07Z,13.076,0,Metinic
27629,2021-07-20T10:16:07Z,13.076,9,Metinic
27630,2021-07-20T10:21:07Z,13.076,1,Metinic
27631,2021-07-20T10:26:07Z,13.076,0,Metinic
27632,2021-07-20T10:31:07Z,13.076,0,Metinic
27633,2021-07-20T10:36:07Z,13.076,0,Metinic
27634,2021-07-20T10:41:07Z,13.173,0,Metinic
27635,2021-07-20T10:46:07Z,13.173,2,Metinic
27636,2021-07-20T10:51:07Z,13.173,1,Metinic
27637,2021-07-20T10:56:07Z,13.173,1,Metinic
27638,2021-07-20T11:01:07Z,13.173,3,Metinic
27639,2021-07-20T11:06:07Z,13.173,7,Metinic
27640,2021-07-20T11:11:07Z,13.173,5,Metinic
27641,2021-07-20T11:16:07Z,13.173,1,Metinic
27642,2021-07-20T11:21:07Z,13.173,8,Metinic
27643,2021-07-20T11:26:07Z,13.173,2,Metinic
27644,2021-07-20T11:31:07Z,13.173,14,Metinic
27645,2021-07-20T11:36:07Z,13.173,20,Metinic
27646,2021-07-20T11:41:07Z,13.173,50,Metinic
27647,2021-07-20T11:46:07Z,13.173,123,Metinic
27648,2021-07-20T11:51:07Z,13.173,18,Metinic
27649,2021-07-20T11:56:07Z,13.076,184,Metinic
27650,2021-07-20T12:01:07Z,13.173,5,Metinic
27651,2021-07-20T12:06:07Z,13.173,109,Metinic
27652,2021-07-20T12:11:07Z,13.365000000000002,47,Metinic
27653,2021-07-20T12:16:07Z,13.365000000000002,36,Metinic
27654,2021-07-20T12:21:07Z,13.558,10,Metinic
27655,2021-07-20T12:26:07Z,13.558,39,Metinic
27656,2021-07-20T12:31:07Z,13.558,54,Metinic
27657,2021-07-20T12:36:07Z,13.558,8,Metinic
27658,2021-07-20T12:41:07Z,13.654,13,Metinic
27659,2021-07-20T12:46:07Z,13.654,6,Metinic
27660,2021-07-20T12:51:07Z,13.654,11,Metinic
27661,2021-07-20T12:56:07Z,13.654,14,Metinic
27662,2021-07-20T13:01:07Z,13.654,3,Metinic
27663,2021-07-20T13:06:07Z,13.654,47,Metinic
27664,2021-07-20T13:11:07Z,13.654,5,Metinic
27665,2021-07-20T13:16:07Z,13.75,23,Metinic
27666,2021-07-20T13:21:07Z,13.75,47,Metinic
27667,2021-07-20T13:26:07Z,13.75,136,Metinic
27668,2021-07-20T13:31:07Z,13.846,15,Metinic
27669,2021-07-20T13:36:07Z,13.846,16,Metinic
27670,2021-07-20T13:41:07Z,13.846,6,Metinic
27671,2021-07-20T13:46:07Z,13.846,5,Metinic
27672,2021-07-20T13:51:07Z,13.846,17,Metinic
27673,2021-07-20T13:56:07Z,13.942,17,Metinic
27674,2021-07-20T14:01:07Z,13.846,480,Metinic
27675,2021-07-20T14:06:07Z,13.846,448,Metinic
27676,2021-07-20T14:11:07Z,13.75,480,Metinic
27677,2021-07-20T14:16:07Z,13.846,22,Metinic
27678,2021-07-20T14:21:07Z,13.846,13,Metinic
27679,2021-07-20T14:26:07Z,13.846,23,Metinic
27680,2021-07-20T14:31:07Z,13.846,22,Metinic
27681,2021-07-20T14:36:07Z,13.654,144,Metinic
27682,2021-07-20T14:41:07Z,13.558,96,Metinic
27683,2021-07-20T14:46:07Z,13.558,89,Metinic
27684,2021-07-20T14:51:07Z,13.654,16,Metinic
27685,2021-07-20T14:56:07Z,13.654,23,Metinic
27686,2021-07-20T15:01:07Z,13.654,26,Metinic
27687,2021-07-20T15:06:07Z,13.654,36,Metinic
27688,2021-07-20T15:11:07Z,13.654,35,Metinic
27689,2021-07-20T15:16:07Z,13.654,28,Metinic
27690,2021-07-20T15:21:07Z,13.654,31,Metinic
27691,2021-07-20T15:26:07Z,13.654,37,Metinic
27692,2021-07-20T15:31:07Z,13.654,18,Metinic
27693,2021-07-20T15:36:07Z,13.654,18,Metinic
27694,2021-07-20T15:41:07Z,13.558,30,Metinic
27695,2021-07-20T15:46:07Z,13.461,960,Metinic
27696,2021-07-20T15:51:07Z,13.558,63,Metinic
27697,2021-07-20T15:56:07Z,13.654,35,Metinic
27698,2021-07-20T16:01:07Z,13.558,30,Metinic
27699,2021-07-20T16:06:07Z,13.654,39,Metinic
27700,2021-07-20T16:11:07Z,13.558,704,Metinic
27701,2021-07-20T16:16:07Z,13.654,17,Metinic
27702,2021-07-20T16:21:07Z,13.75,800,Metinic
27703,2021-07-20T16:26:07Z,13.846,960,Metinic
27704,2021-07-20T16:31:07Z,13.846,1088,Metinic
27705,2021-07-20T16:36:07Z,14.133999999999999,168,Metinic
27706,2021-07-20T16:41:07Z,14.229999999999999,608,Metinic
27707,2021-07-20T16:46:07Z,14.037999999999998,896,Metinic
27708,2021-07-20T16:51:07Z,14.133999999999999,960,Metinic
27709,2021-07-20T16:56:07Z,14.517,49,Metinic
27710,2021-07-20T17:01:07Z,14.421,304,Metinic
27711,2021-07-20T17:06:07Z,14.229999999999999,93,Metinic
27712,2021-07-20T17:11:07Z,14.517,80,Metinic
27713,2021-07-20T17:16:07Z,14.325000000000001,672,Metinic
27714,2021-07-20T17:21:07Z,14.421,480,Metinic
27715,2021-07-20T17:26:07Z,14.421,98,Metinic
27716,2021-07-20T17:31:07Z,14.421,28,Metinic
27717,2021-07-20T17:36:07Z,14.325000000000001,70,Metinic
27718,2021-07-20T17:41:07Z,14.421,90,Metinic
27719,2021-07-20T17:46:07Z,14.613,38,Metinic
27720,2021-07-20T17:51:07Z,14.709,57,Metinic
27721,2021-07-20T17:56:07Z,14.517,864,Metinic
27722,2021-07-20T18:01:07Z,14.421,480,Metinic
27723,2021-07-20T18:06:07Z,14.421,576,Metinic
27724,2021-07-20T18:11:07Z,14.517,37,Metinic
27725,2021-07-20T18:16:07Z,14.421,69,Metinic
27726,2021-07-20T18:21:07Z,14.421,54,Metinic
27727,2021-07-20T18:26:07Z,14.613,40,Metinic
27728,2021-07-20T18:31:07Z,14.709,304,Metinic
27729,2021-07-20T18:36:07Z,14.709,39,Metinic
27730,2021-07-20T18:41:07Z,14.517,66,Metinic
27731,2021-07-20T18:46:07Z,14.613,208,Metinic
27732,2021-07-20T18:51:07Z,14.613,55,Metinic
27733,2021-07-20T18:56:07Z,14.517,768,Metinic
27734,2021-07-20T19:01:07Z,14.709,14,Metinic
27735,2021-07-20T19:06:07Z,14.709,304,Metinic
27736,2021-07-20T19:11:07Z,14.709,384,Metinic
27737,2021-07-20T19:16:07Z,14.804,368,Metinic
27738,2021-07-20T19:21:07Z,14.709,192,Metinic
27739,2021-07-20T19:26:07Z,14.709,576,Metinic
27740,2021-07-20T19:31:07Z,14.709,24,Metinic
27741,2021-07-20T19:36:07Z,14.421,14,Metinic
27742,2021-07-20T19:41:07Z,13.942,27,Metinic
27743,2021-07-20T19:46:07Z,13.846,6,Metinic
27744,2021-07-20T19:51:07Z,13.654,54,Metinic
27745,2021-07-20T19:56:07Z,13.558,37,Metinic
27746,2021-07-20T20:01:07Z,13.365000000000002,15,Metinic
27747,2021-07-20T20:06:07Z,13.269,15,Metinic
27748,2021-07-20T20:11:07Z,13.173,7,Metinic
27749,2021-07-20T20:16:07Z,13.076,3,Metinic
27750,2021-07-20T20:21:07Z,12.98,4,Metinic
27751,2021-07-20T20:26:07Z,12.883000000000001,6,Metinic
27752,2021-07-20T20:31:07Z,12.69,6,Metinic
27753,2021-07-20T20:36:07Z,12.594,6,Metinic
27754,2021-07-20T20:41:07Z,12.497,27,Metinic
27755,2021-07-20T20:46:07Z,12.401,11,Metinic
27756,2021-07-20T20:51:07Z,12.304,96,Metinic
27757,2021-07-20T20:56:07Z,12.304,7,Metinic
27758,2021-07-20T21:01:07Z,12.304,8,Metinic
27759,2021-07-20T21:06:07Z,12.206999999999999,67,Metinic
27760,2021-07-20T21:11:07Z,12.206999999999999,14,Metinic
27761,2021-07-20T21:16:07Z,12.206999999999999,20,Metinic
27762,2021-07-20T21:21:07Z,12.206999999999999,216,Metinic
27763,2021-07-20T21:26:07Z,12.304,25,Metinic
27764,2021-07-20T21:31:07Z,12.304,31,Metinic
27765,2021-07-20T21:36:07Z,12.304,15,Metinic
27766,2021-07-20T21:41:07Z,12.206999999999999,111,Metinic
27767,2021-07-20T21:46:07Z,12.304,128,Metinic
27768,2021-07-20T21:51:07Z,12.304,9,Metinic
27769,2021-07-20T21:56:07Z,12.304,25,Metinic
27770,2021-07-20T22:01:07Z,12.304,103,Metinic
27771,2021-07-20T22:06:07Z,12.304,100,Metinic
27772,2021-07-20T22:11:07Z,12.304,71,Metinic
27773,2021-07-20T22:16:07Z,12.304,60,Metinic
27774,2021-07-20T22:21:07Z,12.304,27,Metinic
27775,2021-07-20T22:26:07Z,12.401,13,Metinic
27776,2021-07-20T22:31:07Z,12.401,32,Metinic
27777,2021-07-20T22:36:07Z,12.401,12,Metinic
27778,2021-07-20T22:41:07Z,12.401,4,Metinic
27779,2021-07-20T22:46:07Z,12.497,11,Metinic
27780,2021-07-20T22:51:07Z,12.497,20,Metinic
27781,2021-07-20T22:56:07Z,12.497,36,Metinic
27782,2021-07-20T23:01:07Z,12.594,18,Metinic
27783,2021-07-20T23:06:07Z,12.594,1,Metinic
27784,2021-07-20T23:11:07Z,12.594,22,Metinic
27785,2021-07-20T23:16:07Z,12.69,13,Metinic
27786,2021-07-20T23:21:07Z,12.69,11,Metinic
27787,2021-07-20T23:26:07Z,12.69,11,Metinic
27788,2021-07-20T23:31:07Z,12.69,5,Metinic
27789,2021-07-20T23:36:07Z,12.69,6,Metinic
27790,2021-07-20T23:41:07Z,12.69,5,Metinic
27791,2021-07-20T23:46:07Z,12.69,3,Metinic
27792,2021-07-20T23:51:07Z,12.69,2,Metinic
27793,2021-07-20T23:56:07Z,12.69,1,Metinic
27794,2021-07-21T00:01:07Z,12.786999999999999,0,Metinic
27795,2021-07-21T00:06:07Z,12.883000000000001,0,Metinic
27796,2021-07-21T00:11:07Z,12.883000000000001,0,Metinic
27797,2021-07-21T00:16:07Z,12.883000000000001,0,Metinic
27798,2021-07-21T00:21:07Z,12.98,0,Metinic
27799,2021-07-21T00:26:07Z,12.98,0,Metinic
27800,2021-07-21T00:31:07Z,13.076,0,Metinic
27801,2021-07-21T00:36:07Z,13.076,0,Metinic
27802,2021-07-21T00:41:07Z,13.076,0,Metinic
27803,2021-07-21T00:46:07Z,13.076,0,Metinic
27804,2021-07-21T00:51:07Z,13.173,0,Metinic
27805,2021-07-21T00:56:07Z,13.173,0,Metinic
27806,2021-07-21T01:01:07Z,13.269,0,Metinic
27807,2021-07-21T01:06:07Z,13.269,0,Metinic
27808,2021-07-21T01:11:07Z,13.269,0,Metinic
27809,2021-07-21T01:16:07Z,13.269,0,Metinic
27810,2021-07-21T01:21:07Z,13.269,0,Metinic
27811,2021-07-21T01:26:07Z,13.365000000000002,0,Metinic
27812,2021-07-21T01:31:07Z,13.365000000000002,0,Metinic
27813,2021-07-21T01:36:07Z,13.365000000000002,0,Metinic
27814,2021-07-21T01:41:07Z,13.461,0,Metinic
27815,2021-07-21T01:46:07Z,13.461,0,Metinic
27816,2021-07-21T01:51:07Z,13.461,0,Metinic
27817,2021-07-21T01:56:07Z,13.558,0,Metinic
27818,2021-07-21T02:01:07Z,13.654,0,Metinic
27819,2021-07-21T02:06:07Z,13.75,0,Metinic
27820,2021-07-21T02:11:07Z,13.75,0,Metinic
27821,2021-07-21T02:16:07Z,13.75,0,Metinic
27822,2021-07-21T02:21:07Z,13.75,0,Metinic
27823,2021-07-21T02:26:07Z,13.75,0,Metinic
27824,2021-07-21T02:31:07Z,13.75,0,Metinic
27825,2021-07-21T02:36:07Z,13.75,0,Metinic
27826,2021-07-21T02:41:07Z,13.75,0,Metinic
27827,2021-07-21T02:46:07Z,13.654,0,Metinic
27828,2021-07-21T02:51:07Z,13.654,0,Metinic
27829,2021-07-21T02:56:07Z,13.558,0,Metinic
27830,2021-07-21T03:01:07Z,13.558,0,Metinic
27831,2021-07-21T03:06:07Z,13.461,0,Metinic
27832,2021-07-21T03:11:07Z,13.461,0,Metinic
27833,2021-07-21T03:16:07Z,13.461,0,Metinic
27834,2021-07-21T03:21:07Z,13.461,0,Metinic
27835,2021-07-21T03:26:07Z,13.461,0,Metinic
27836,2021-07-21T03:31:07Z,13.461,0,Metinic
27837,2021-07-21T03:36:07Z,13.461,0,Metinic
27838,2021-07-21T03:41:07Z,13.461,0,Metinic
27839,2021-07-21T03:46:07Z,13.461,0,Metinic
27840,2021-07-21T03:51:07Z,13.461,0,Metinic
27841,2021-07-21T03:56:07Z,13.461,0,Metinic
27842,2021-07-21T04:01:07Z,13.461,0,Metinic
27843,2021-07-21T04:06:07Z,13.461,0,Metinic
27844,2021-07-21T04:11:07Z,13.461,0,Metinic
27845,2021-07-21T04:16:07Z,13.461,0,Metinic
27846,2021-07-21T04:21:07Z,13.461,0,Metinic
27847,2021-07-21T04:26:07Z,13.461,0,Metinic
27848,2021-07-21T04:31:07Z,13.461,0,Metinic
27849,2021-07-21T04:36:07Z,13.461,0,Metinic
27850,2021-07-21T04:41:07Z,13.461,0,Metinic
27851,2021-07-21T04:46:07Z,13.558,0,Metinic
27852,2021-07-21T04:51:07Z,13.558,0,Metinic
27853,2021-07-21T04:56:07Z,13.558,0,Metinic
27854,2021-07-21T05:01:07Z,13.558,0,Metinic
27855,2021-07-21T05:06:07Z,13.654,0,Metinic
27856,2021-07-21T05:11:07Z,13.75,0,Metinic
27857,2021-07-21T05:16:07Z,13.75,0,Metinic
27858,2021-07-21T05:21:07Z,13.75,0,Metinic
27859,2021-07-21T05:26:07Z,13.75,0,Metinic
27860,2021-07-21T05:31:07Z,13.75,0,Metinic
27861,2021-07-21T05:36:07Z,13.75,0,Metinic
27862,2021-07-21T05:41:07Z,13.75,0,Metinic
27863,2021-07-21T05:46:07Z,13.654,0,Metinic
27864,2021-07-21T05:51:07Z,13.654,0,Metinic
27865,2021-07-21T05:56:07Z,13.75,0,Metinic
27866,2021-07-21T06:01:07Z,13.846,0,Metinic
27867,2021-07-21T06:06:07Z,13.75,0,Metinic
27868,2021-07-21T06:11:07Z,13.558,0,Metinic
27869,2021-07-21T06:16:07Z,13.558,0,Metinic
27870,2021-07-21T06:21:07Z,13.558,0,Metinic
27871,2021-07-21T06:26:07Z,13.461,0,Metinic
27872,2021-07-21T06:31:07Z,13.461,0,Metinic
27873,2021-07-21T06:36:07Z,13.461,0,Metinic
27874,2021-07-21T06:41:07Z,13.461,0,Metinic
27875,2021-07-21T06:46:07Z,13.461,0,Metinic
27876,2021-07-21T06:51:07Z,13.558,0,Metinic
27877,2021-07-21T06:56:07Z,13.654,0,Metinic
27878,2021-07-21T07:01:07Z,13.75,0,Metinic
27879,2021-07-21T07:06:07Z,13.846,0,Metinic
27880,2021-07-21T07:11:07Z,13.942,0,Metinic
27881,2021-07-21T07:16:07Z,13.942,0,Metinic
27882,2021-07-21T07:21:07Z,14.037999999999998,0,Metinic
27883,2021-07-21T07:26:07Z,14.037999999999998,0,Metinic
27884,2021-07-21T07:31:07Z,14.133999999999999,0,Metinic
27885,2021-07-21T07:36:07Z,14.133999999999999,0,Metinic
27886,2021-07-21T07:41:07Z,14.133999999999999,0,Metinic
27887,2021-07-21T07:46:07Z,14.133999999999999,0,Metinic
27888,2021-07-21T07:51:07Z,14.133999999999999,0,Metinic
27889,2021-07-21T07:56:07Z,13.942,0,Metinic
27890,2021-07-21T08:01:07Z,13.461,0,Metinic
27891,2021-07-21T08:06:07Z,13.173,0,Metinic
27892,2021-07-21T08:11:07Z,12.98,0,Metinic
27893,2021-07-21T08:16:07Z,12.883000000000001,0,Metinic
27894,2021-07-21T08:21:07Z,12.69,0,Metinic
27895,2021-07-21T08:26:07Z,12.69,0,Metinic
27896,2021-07-21T08:31:07Z,12.594,0,Metinic
27897,2021-07-21T08:36:07Z,12.594,0,Metinic
27898,2021-07-21T08:41:07Z,12.497,0,Metinic
27899,2021-07-21T08:46:07Z,12.497,0,Metinic
27900,2021-07-21T08:51:07Z,12.497,0,Metinic
27901,2021-07-21T08:56:07Z,12.497,0,Metinic
27902,2021-07-21T09:01:07Z,12.497,0,Metinic
27903,2021-07-21T09:06:07Z,12.497,0,Metinic
27904,2021-07-21T09:11:07Z,12.497,0,Metinic
27905,2021-07-21T09:16:07Z,12.497,0,Metinic
27906,2021-07-21T09:21:07Z,12.594,1,Metinic
27907,2021-07-21T09:26:07Z,12.594,0,Metinic
27908,2021-07-21T09:31:07Z,12.594,0,Metinic
27909,2021-07-21T09:36:07Z,12.594,6,Metinic
27910,2021-07-21T09:41:07Z,12.594,0,Metinic
27911,2021-07-21T09:46:07Z,12.594,0,Metinic
27912,2021-07-21T09:51:07Z,12.594,2,Metinic
27913,2021-07-21T09:56:07Z,12.69,0,Metinic
27914,2021-07-21T10:01:07Z,12.69,17,Metinic
27915,2021-07-21T10:06:07Z,12.69,1,Metinic
27916,2021-07-21T10:11:07Z,12.786999999999999,0,Metinic
27917,2021-07-21T10:16:07Z,12.883000000000001,1,Metinic
27918,2021-07-21T10:21:07Z,12.883000000000001,0,Metinic
27919,2021-07-21T10:26:07Z,12.98,0,Metinic
27920,2021-07-21T10:31:07Z,12.98,12,Metinic
27921,2021-07-21T10:36:07Z,12.98,1,Metinic
27922,2021-07-21T10:41:07Z,12.98,0,Metinic
27923,2021-07-21T10:46:07Z,13.076,0,Metinic
27924,2021-07-21T10:51:07Z,13.076,1,Metinic
27925,2021-07-21T10:56:07Z,13.076,1,Metinic
27926,2021-07-21T11:01:07Z,13.076,0,Metinic
27927,2021-07-21T11:06:07Z,13.173,3,Metinic
27928,2021-07-21T11:11:07Z,13.173,8,Metinic
27929,2021-07-21T11:16:07Z,13.173,17,Metinic
27930,2021-07-21T11:21:07Z,13.173,2,Metinic
27931,2021-07-21T11:26:07Z,13.173,2,Metinic
27932,2021-07-21T11:31:07Z,13.173,51,Metinic
27933,2021-07-21T11:36:07Z,13.173,2,Metinic
27934,2021-07-21T11:41:07Z,13.269,12,Metinic
27935,2021-07-21T11:46:07Z,13.269,2,Metinic
27936,2021-07-21T11:51:07Z,13.269,66,Metinic
27937,2021-07-21T11:56:07Z,13.269,40,Metinic
27938,2021-07-21T12:01:07Z,13.269,11,Metinic
27939,2021-07-21T12:06:07Z,13.365000000000002,2,Metinic
27940,2021-07-21T12:11:07Z,13.461,1,Metinic
27941,2021-07-21T12:16:07Z,13.461,102,Metinic
27942,2021-07-21T12:21:07Z,13.75,13,Metinic
27943,2021-07-21T12:26:07Z,13.942,6,Metinic
27944,2021-07-21T12:31:07Z,13.942,75,Metinic
27945,2021-07-21T12:36:07Z,14.037999999999998,27,Metinic
27946,2021-07-21T12:41:07Z,14.133999999999999,6,Metinic
27947,2021-07-21T12:46:07Z,14.325000000000001,128,Metinic
27948,2021-07-21T12:51:07Z,14.325000000000001,16,Metinic
27949,2021-07-21T12:56:07Z,14.421,6,Metinic
27950,2021-07-21T13:01:07Z,14.421,152,Metinic
27951,2021-07-21T13:06:07Z,14.517,10,Metinic
27952,2021-07-21T13:11:07Z,14.517,144,Metinic
27953,2021-07-21T13:16:07Z,14.517,95,Metinic
27954,2021-07-21T13:21:07Z,14.613,116,Metinic
27955,2021-07-21T13:26:07Z,14.613,240,Metinic
27956,2021-07-21T13:31:07Z,14.613,2,Metinic
27957,2021-07-21T13:36:07Z,14.613,121,Metinic
27958,2021-07-21T13:41:07Z,14.613,8,Metinic
27959,2021-07-21T13:46:07Z,14.709,7,Metinic
27960,2021-07-21T13:51:07Z,14.709,304,Metinic
27961,2021-07-21T13:56:07Z,14.709,14,Metinic
27962,2021-07-21T14:01:07Z,14.709,10,Metinic
27963,2021-07-21T14:06:07Z,14.613,5,Metinic
27964,2021-07-21T14:11:07Z,14.613,216,Metinic
27965,2021-07-21T14:16:07Z,14.517,136,Metinic
27966,2021-07-21T14:21:07Z,14.613,14,Metinic
27967,2021-07-21T14:26:07Z,14.517,72,Metinic
27968,2021-07-21T14:31:07Z,14.229999999999999,13,Metinic
27969,2021-07-21T14:36:07Z,14.037999999999998,4,Metinic
27970,2021-07-21T14:41:07Z,13.942,18,Metinic
27971,2021-07-21T14:46:07Z,13.942,184,Metinic
27972,2021-07-21T14:51:07Z,13.942,232,Metinic
27973,2021-07-21T14:56:07Z,13.846,83,Metinic
27974,2021-07-21T15:01:07Z,13.942,43,Metinic
27975,2021-07-21T15:06:07Z,13.942,15,Metinic
27976,2021-07-21T15:11:07Z,13.654,118,Metinic
27977,2021-07-21T15:16:07Z,13.365000000000002,608,Metinic
27978,2021-07-21T15:21:07Z,13.269,576,Metinic
27979,2021-07-21T15:26:07Z,13.365000000000002,232,Metinic
27980,2021-07-21T15:31:07Z,13.269,288,Metinic
27981,2021-07-21T15:36:07Z,13.269,864,Metinic
27982,2021-07-21T15:41:07Z,13.365000000000002,8,Metinic
27983,2021-07-21T15:46:07Z,13.461,38,Metinic
27984,2021-07-21T15:51:07Z,13.365000000000002,416,Metinic
27985,2021-07-21T15:56:07Z,13.365000000000002,608,Metinic
27986,2021-07-21T16:01:07Z,13.461,6,Metinic
27987,2021-07-21T16:06:07Z,13.461,43,Metinic
27988,2021-07-21T16:11:07Z,13.461,24,Metinic
27989,2021-07-21T16:16:07Z,13.365000000000002,13,Metinic
27990,2021-07-21T16:21:07Z,13.365000000000002,54,Metinic
27991,2021-07-21T16:26:07Z,13.269,248,Metinic
27992,2021-07-21T16:31:07Z,13.365000000000002,704,Metinic
27993,2021-07-21T16:36:07Z,13.461,368,Metinic
27994,2021-07-21T16:41:07Z,13.461,416,Metinic
27995,2021-07-21T16:46:07Z,13.654,39,Metinic
27996,2021-07-21T16:51:07Z,13.558,608,Metinic
27997,2021-07-21T16:56:07Z,13.558,1024,Metinic
27998,2021-07-21T17:01:07Z,13.654,496,Metinic
27999,2021-07-21T17:06:07Z,13.75,1088,Metinic
28000,2021-07-21T17:11:07Z,13.846,1152,Metinic
28001,2021-07-21T17:16:07Z,13.942,93,Metinic
28002,2021-07-21T17:21:07Z,14.037999999999998,87,Metinic
28003,2021-07-21T17:26:07Z,14.229999999999999,29,Metinic
28004,2021-07-21T17:31:07Z,14.325000000000001,608,Metinic
28005,2021-07-21T17:36:07Z,14.613,43,Metinic
28006,2021-07-21T17:41:07Z,14.613,1280,Metinic
28007,2021-07-21T17:46:07Z,14.709,43,Metinic
28008,2021-07-21T17:51:07Z,14.709,51,Metinic
28009,2021-07-21T17:56:07Z,14.804,128,Metinic
28010,2021-07-21T18:01:07Z,14.996,44,Metinic
28011,2021-07-21T18:06:07Z,15.091,96,Metinic
28012,2021-07-21T18:11:07Z,15.091,576,Metinic
28013,2021-07-21T18:16:07Z,15.282,208,Metinic
28014,2021-07-21T18:21:07Z,15.187,43,Metinic
28015,2021-07-21T18:26:07Z,15.091,76,Metinic
28016,2021-07-21T18:31:07Z,14.709,1152,Metinic
28017,2021-07-21T18:36:07Z,14.613,1152,Metinic
28018,2021-07-21T18:41:07Z,14.421,28,Metinic
28019,2021-07-21T18:46:07Z,14.421,36,Metinic
28020,2021-07-21T18:51:07Z,14.229999999999999,1152,Metinic
28021,2021-07-21T18:56:07Z,14.325000000000001,184,Metinic
28022,2021-07-21T19:01:07Z,14.325000000000001,128,Metinic
28023,2021-07-21T19:06:07Z,14.037999999999998,1024,Metinic
28024,2021-07-21T19:11:07Z,14.133999999999999,11,Metinic
28025,2021-07-21T19:16:07Z,14.133999999999999,704,Metinic
28026,2021-07-21T19:21:07Z,14.229999999999999,50,Metinic
28027,2021-07-21T19:26:07Z,14.229999999999999,248,Metinic
28028,2021-07-21T19:31:07Z,14.325000000000001,14,Metinic
28029,2021-07-21T19:36:07Z,14.325000000000001,13,Metinic
28030,2021-07-21T19:41:07Z,14.517,176,Metinic
28031,2021-07-21T19:46:07Z,14.613,224,Metinic
28032,2021-07-21T19:51:07Z,14.517,128,Metinic
28033,2021-07-21T19:56:07Z,14.229999999999999,33,Metinic
28034,2021-07-21T20:01:07Z,14.037999999999998,6,Metinic
28035,2021-07-21T20:06:07Z,13.942,34,Metinic
28036,2021-07-21T20:11:07Z,13.654,48,Metinic
28037,2021-07-21T20:16:07Z,13.558,44,Metinic
28038,2021-07-21T20:21:07Z,13.558,45,Metinic
28039,2021-07-21T20:26:07Z,13.461,25,Metinic
28040,2021-07-21T20:31:07Z,13.269,144,Metinic
28041,2021-07-21T20:36:07Z,13.173,113,Metinic
28042,2021-07-21T20:41:07Z,13.173,23,Metinic
28043,2021-07-21T20:46:07Z,13.173,9,Metinic
28044,2021-07-21T20:51:07Z,13.076,66,Metinic
28045,2021-07-21T20:56:07Z,12.883000000000001,136,Metinic
28046,2021-07-21T21:01:07Z,12.69,87,Metinic
28047,2021-07-21T21:06:07Z,12.69,117,Metinic
28048,2021-07-21T21:11:07Z,12.594,17,Metinic
28049,2021-07-21T21:16:07Z,12.594,69,Metinic
28050,2021-07-21T21:21:07Z,12.594,122,Metinic
28051,2021-07-21T21:26:07Z,12.497,99,Metinic
28052,2021-07-21T21:31:07Z,12.401,13,Metinic
28053,2021-07-21T21:36:07Z,12.304,13,Metinic
28054,2021-07-21T21:41:07Z,12.304,152,Metinic
28055,2021-07-21T21:46:07Z,12.206999999999999,56,Metinic
28056,2021-07-21T21:51:07Z,12.206999999999999,9,Metinic
28057,2021-07-21T21:56:07Z,12.206999999999999,16,Metinic
28058,2021-07-21T22:01:07Z,12.206999999999999,0,Metinic
28059,2021-07-21T22:06:07Z,12.206999999999999,50,Metinic
28060,2021-07-21T22:11:07Z,12.206999999999999,107,Metinic
28061,2021-07-21T22:16:07Z,12.304,16,Metinic
28062,2021-07-21T22:21:07Z,12.304,0,Metinic
28063,2021-07-21T22:26:07Z,12.304,6,Metinic
28064,2021-07-21T22:31:07Z,12.304,49,Metinic
28065,2021-07-21T22:36:07Z,12.304,35,Metinic
28066,2021-07-21T22:41:07Z,12.401,6,Metinic
28067,2021-07-21T22:46:07Z,12.401,68,Metinic
28068,2021-07-21T22:51:07Z,12.497,3,Metinic
28069,2021-07-21T22:56:07Z,12.497,8,Metinic
28070,2021-07-21T23:01:07Z,12.594,3,Metinic
28071,2021-07-21T23:06:07Z,12.594,1,Metinic
28072,2021-07-21T23:11:07Z,12.594,1,Metinic
28073,2021-07-21T23:16:07Z,12.69,0,Metinic
28074,2021-07-21T23:21:07Z,12.69,0,Metinic
28075,2021-07-21T23:26:07Z,12.69,0,Metinic
28076,2021-07-21T23:31:07Z,12.69,0,Metinic
28077,2021-07-21T23:36:07Z,12.69,0,Metinic
28078,2021-07-21T23:41:07Z,12.69,8,Metinic
28079,2021-07-21T23:46:07Z,12.69,2,Metinic
28080,2021-07-21T23:51:07Z,12.786999999999999,0,Metinic
28081,2021-07-21T23:56:07Z,12.786999999999999,0,Metinic
28082,2021-07-22T00:01:07Z,12.786999999999999,2,Metinic
28083,2021-07-22T00:06:07Z,12.786999999999999,0,Metinic
28084,2021-07-22T00:11:07Z,12.786999999999999,0,Metinic
28085,2021-07-22T00:16:07Z,12.69,0,Metinic
28086,2021-07-22T00:21:07Z,12.786999999999999,0,Metinic
28087,2021-07-22T00:26:07Z,12.786999999999999,0,Metinic
28088,2021-07-22T00:31:07Z,12.786999999999999,0,Metinic
28089,2021-07-22T00:36:07Z,12.786999999999999,0,Metinic
28090,2021-07-22T00:41:07Z,12.786999999999999,0,Metinic
28091,2021-07-22T00:46:07Z,12.883000000000001,0,Metinic
28092,2021-07-22T00:51:07Z,12.883000000000001,0,Metinic
28093,2021-07-22T00:56:07Z,12.883000000000001,0,Metinic
28094,2021-07-22T01:01:07Z,12.883000000000001,0,Metinic
28095,2021-07-22T01:06:07Z,12.883000000000001,0,Metinic
28096,2021-07-22T01:11:07Z,12.98,0,Metinic
28097,2021-07-22T01:16:07Z,12.98,0,Metinic
28098,2021-07-22T01:21:07Z,12.98,0,Metinic
28099,2021-07-22T01:26:07Z,13.076,0,Metinic
28100,2021-07-22T01:31:07Z,13.173,0,Metinic
28101,2021-07-22T01:36:07Z,13.173,0,Metinic
28102,2021-07-22T01:41:07Z,13.173,0,Metinic
28103,2021-07-22T01:46:07Z,13.173,0,Metinic
28104,2021-07-22T01:51:07Z,13.076,0,Metinic
28105,2021-07-22T01:56:07Z,13.173,0,Metinic
28106,2021-07-22T02:01:07Z,13.173,0,Metinic
28107,2021-07-22T02:06:07Z,13.173,0,Metinic
28108,2021-07-22T02:11:07Z,13.269,0,Metinic
28109,2021-07-22T02:16:07Z,13.269,0,Metinic
28110,2021-07-22T02:21:07Z,13.269,0,Metinic
28111,2021-07-22T02:26:07Z,13.269,0,Metinic
28112,2021-07-22T02:31:07Z,13.269,0,Metinic
28113,2021-07-22T02:36:07Z,13.269,0,Metinic
28114,2021-07-22T02:41:07Z,13.269,0,Metinic
28115,2021-07-22T02:46:07Z,13.269,0,Metinic
28116,2021-07-22T02:51:07Z,13.365000000000002,0,Metinic
28117,2021-07-22T02:56:07Z,13.269,0,Metinic
28118,2021-07-22T03:01:07Z,13.365000000000002,0,Metinic
28119,2021-07-22T03:06:07Z,13.365000000000002,0,Metinic
28120,2021-07-22T03:11:07Z,13.365000000000002,0,Metinic
28121,2021-07-22T03:16:07Z,13.365000000000002,0,Metinic
28122,2021-07-22T03:21:07Z,13.365000000000002,0,Metinic
28123,2021-07-22T03:26:07Z,13.365000000000002,0,Metinic
28124,2021-07-22T03:31:07Z,13.365000000000002,0,Metinic
28125,2021-07-22T03:36:07Z,13.365000000000002,0,Metinic
28126,2021-07-22T03:41:07Z,13.365000000000002,0,Metinic
28127,2021-07-22T03:46:07Z,13.365000000000002,0,Metinic
28128,2021-07-22T03:51:07Z,13.365000000000002,0,Metinic
28129,2021-07-22T03:56:07Z,13.365000000000002,0,Metinic
28130,2021-07-22T04:01:07Z,13.365000000000002,0,Metinic
28131,2021-07-22T04:06:07Z,13.365000000000002,0,Metinic
28132,2021-07-22T04:11:07Z,13.365000000000002,0,Metinic
28133,2021-07-22T04:16:07Z,13.365000000000002,0,Metinic
28134,2021-07-22T04:21:07Z,13.365000000000002,0,Metinic
28135,2021-07-22T04:26:07Z,13.365000000000002,0,Metinic
28136,2021-07-22T04:31:07Z,13.461,0,Metinic
28137,2021-07-22T04:36:07Z,13.461,0,Metinic
28138,2021-07-22T04:41:07Z,13.461,0,Metinic
28139,2021-07-22T04:46:07Z,13.461,0,Metinic
28140,2021-07-22T04:51:07Z,13.461,0,Metinic
28141,2021-07-22T04:56:07Z,13.365000000000002,0,Metinic
28142,2021-07-22T05:01:07Z,13.269,0,Metinic
28143,2021-07-22T05:06:07Z,13.269,0,Metinic
28144,2021-07-22T05:11:07Z,13.269,0,Metinic
28145,2021-07-22T05:16:07Z,13.365000000000002,0,Metinic
28146,2021-07-22T05:21:07Z,13.365000000000002,0,Metinic
28147,2021-07-22T05:26:07Z,13.365000000000002,0,Metinic
28148,2021-07-22T05:31:07Z,13.365000000000002,0,Metinic
28149,2021-07-22T05:36:07Z,13.365000000000002,0,Metinic
28150,2021-07-22T05:41:07Z,13.269,0,Metinic
28151,2021-07-22T05:46:07Z,13.173,0,Metinic
28152,2021-07-22T05:51:07Z,13.173,0,Metinic
28153,2021-07-22T05:56:07Z,13.076,0,Metinic
28154,2021-07-22T06:01:07Z,13.076,0,Metinic
28155,2021-07-22T06:06:07Z,13.076,0,Metinic
28156,2021-07-22T06:11:07Z,13.076,0,Metinic
28157,2021-07-22T06:16:07Z,13.076,0,Metinic
28158,2021-07-22T06:21:07Z,13.076,0,Metinic
28159,2021-07-22T06:26:07Z,13.076,0,Metinic
28160,2021-07-22T06:31:07Z,13.076,0,Metinic
28161,2021-07-22T06:36:07Z,13.076,0,Metinic
28162,2021-07-22T06:41:07Z,13.076,0,Metinic
28163,2021-07-22T06:46:07Z,13.076,0,Metinic
28164,2021-07-22T06:51:07Z,13.076,0,Metinic
28165,2021-07-22T06:56:07Z,13.076,0,Metinic
28166,2021-07-22T07:01:07Z,13.076,0,Metinic
28167,2021-07-22T07:06:07Z,13.076,0,Metinic
28168,2021-07-22T07:11:07Z,13.076,0,Metinic
28169,2021-07-22T07:16:07Z,13.076,0,Metinic
28170,2021-07-22T07:21:07Z,13.076,0,Metinic
28171,2021-07-22T07:26:07Z,13.173,0,Metinic
28172,2021-07-22T07:31:07Z,13.173,0,Metinic
28173,2021-07-22T07:36:07Z,13.173,0,Metinic
28174,2021-07-22T07:41:07Z,13.173,0,Metinic
28175,2021-07-22T07:46:07Z,13.173,0,Metinic
28176,2021-07-22T07:51:07Z,13.173,0,Metinic
28177,2021-07-22T07:56:07Z,13.269,0,Metinic
28178,2021-07-22T08:01:07Z,13.269,0,Metinic
28179,2021-07-22T08:06:07Z,13.269,0,Metinic
28180,2021-07-22T08:11:07Z,13.269,0,Metinic
28181,2021-07-22T08:16:07Z,13.269,0,Metinic
28182,2021-07-22T08:21:07Z,13.269,0,Metinic
28183,2021-07-22T08:26:07Z,13.269,0,Metinic
28184,2021-07-22T08:31:07Z,13.365000000000002,0,Metinic
28185,2021-07-22T08:36:07Z,13.269,0,Metinic
28186,2021-07-22T08:41:07Z,13.269,0,Metinic
28187,2021-07-22T08:46:07Z,13.365000000000002,0,Metinic
28188,2021-07-22T08:51:07Z,13.365000000000002,0,Metinic
28189,2021-07-22T08:56:07Z,13.365000000000002,0,Metinic
28190,2021-07-22T09:01:07Z,13.461,0,Metinic
28191,2021-07-22T09:06:07Z,13.461,0,Metinic
28192,2021-07-22T09:11:07Z,13.365000000000002,0,Metinic
28193,2021-07-22T09:16:07Z,13.076,0,Metinic
28194,2021-07-22T09:21:07Z,12.883000000000001,0,Metinic
28195,2021-07-22T09:26:07Z,12.786999999999999,0,Metinic
28196,2021-07-22T09:31:07Z,12.69,0,Metinic
28197,2021-07-22T09:36:07Z,12.69,0,Metinic
28198,2021-07-22T09:41:07Z,12.594,0,Metinic
28199,2021-07-22T09:46:07Z,12.497,2,Metinic
28200,2021-07-22T09:51:07Z,12.497,0,Metinic
28201,2021-07-22T09:56:07Z,12.497,0,Metinic
28202,2021-07-22T10:01:07Z,12.497,3,Metinic
28203,2021-07-22T10:06:07Z,12.497,1,Metinic
28204,2021-07-22T10:11:07Z,12.497,1,Metinic
28205,2021-07-22T10:16:07Z,12.497,5,Metinic
28206,2021-07-22T10:21:07Z,12.401,1,Metinic
28207,2021-07-22T10:26:07Z,12.401,2,Metinic
28208,2021-07-22T10:31:07Z,12.401,1,Metinic
28209,2021-07-22T10:36:07Z,12.401,16,Metinic
28210,2021-07-22T10:41:07Z,12.304,46,Metinic
28211,2021-07-22T10:46:07Z,12.304,10,Metinic
28212,2021-07-22T10:51:07Z,12.304,65,Metinic
28213,2021-07-22T10:56:07Z,12.304,88,Metinic
28214,2021-07-22T11:01:07Z,12.304,88,Metinic
28215,2021-07-22T11:06:07Z,12.304,11,Metinic
28216,2021-07-22T11:11:07Z,12.304,92,Metinic
28217,2021-07-22T11:16:07Z,12.304,128,Metinic
28218,2021-07-22T11:21:07Z,12.304,103,Metinic
28219,2021-07-22T11:26:07Z,12.304,3,Metinic
28220,2021-07-22T11:31:07Z,12.206999999999999,128,Metinic
28221,2021-07-22T11:36:07Z,12.206999999999999,1,Metinic
28222,2021-07-22T11:41:07Z,12.206999999999999,86,Metinic
28223,2021-07-22T11:46:07Z,12.206999999999999,5,Metinic
28224,2021-07-22T11:51:07Z,12.206999999999999,51,Metinic
28225,2021-07-22T11:56:07Z,12.206999999999999,56,Metinic
28226,2021-07-22T12:01:07Z,12.206999999999999,20,Metinic
28227,2021-07-22T12:06:07Z,12.304,3,Metinic
28228,2021-07-22T12:11:07Z,12.304,25,Metinic
28229,2021-07-22T12:16:07Z,12.401,8,Metinic
28230,2021-07-22T12:21:07Z,12.497,5,Metinic
28231,2021-07-22T12:26:07Z,12.497,3,Metinic
28232,2021-07-22T12:31:07Z,12.497,3,Metinic
28233,2021-07-22T12:36:07Z,12.497,160,Metinic
28234,2021-07-22T12:41:07Z,12.497,8,Metinic
28235,2021-07-22T12:46:07Z,12.497,7,Metinic
28236,2021-07-22T12:51:07Z,12.497,8,Metinic
28237,2021-07-22T12:56:07Z,12.497,5,Metinic
28238,2021-07-22T13:01:07Z,12.497,3,Metinic
28239,2021-07-22T13:06:07Z,12.497,91,Metinic
28240,2021-07-22T13:11:07Z,12.497,13,Metinic
28241,2021-07-22T13:16:07Z,12.497,144,Metinic
28242,2021-07-22T13:21:07Z,12.594,121,Metinic
28243,2021-07-22T13:26:07Z,12.594,200,Metinic
28244,2021-07-22T13:31:07Z,12.69,208,Metinic
28245,2021-07-22T13:36:07Z,12.786999999999999,85,Metinic
28246,2021-07-22T13:41:07Z,12.883000000000001,144,Metinic
28247,2021-07-22T13:46:07Z,13.076,21,Metinic
28248,2021-07-22T13:51:07Z,13.173,3,Metinic
28249,2021-07-22T13:56:07Z,13.365000000000002,28,Metinic
28250,2021-07-22T14:01:07Z,13.558,30,Metinic
28251,2021-07-22T14:06:07Z,13.461,152,Metinic
28252,2021-07-22T14:11:07Z,13.75,30,Metinic
28253,2021-07-22T14:16:07Z,13.846,25,Metinic
28254,2021-07-22T14:21:07Z,13.846,9,Metinic
28255,2021-07-22T14:26:07Z,13.846,31,Metinic
28256,2021-07-22T14:31:07Z,13.75,13,Metinic
28257,2021-07-22T14:36:07Z,13.654,38,Metinic
28258,2021-07-22T14:41:07Z,13.75,704,Metinic
28259,2021-07-22T14:46:07Z,13.75,272,Metinic
28260,2021-07-22T14:51:07Z,13.846,113,Metinic
28261,2021-07-22T14:56:07Z,13.942,5,Metinic
28262,2021-07-22T15:01:07Z,14.037999999999998,13,Metinic
28263,2021-07-22T15:06:07Z,14.037999999999998,21,Metinic
28264,2021-07-22T15:11:07Z,14.037999999999998,26,Metinic
28265,2021-07-22T15:16:07Z,14.037999999999998,29,Metinic
28266,2021-07-22T15:21:07Z,14.133999999999999,576,Metinic
28267,2021-07-22T15:26:07Z,14.133999999999999,27,Metinic
28268,2021-07-22T15:31:07Z,14.133999999999999,232,Metinic
28269,2021-07-22T15:36:07Z,14.037999999999998,112,Metinic
28270,2021-07-22T15:41:07Z,14.037999999999998,768,Metinic
28271,2021-07-22T15:46:07Z,14.037999999999998,224,Metinic
28272,2021-07-22T15:51:07Z,14.037999999999998,800,Metinic
28273,2021-07-22T15:56:07Z,14.133999999999999,184,Metinic
28274,2021-07-22T16:01:07Z,14.037999999999998,800,Metinic
28275,2021-07-22T16:06:07Z,14.133999999999999,77,Metinic
28276,2021-07-22T16:11:07Z,13.942,71,Metinic
28277,2021-07-22T16:16:07Z,14.037999999999998,33,Metinic
28278,2021-07-22T16:21:07Z,13.846,768,Metinic
28279,2021-07-22T16:26:07Z,13.846,1024,Metinic
28280,2021-07-22T16:31:07Z,13.846,992,Metinic
28281,2021-07-22T16:36:07Z,13.846,864,Metinic
28282,2021-07-22T16:41:07Z,13.846,960,Metinic
28283,2021-07-22T16:46:07Z,13.942,992,Metinic
28284,2021-07-22T16:51:07Z,13.846,672,Metinic
28285,2021-07-22T16:56:07Z,13.846,95,Metinic
28286,2021-07-22T17:01:07Z,14.037999999999998,59,Metinic
28287,2021-07-22T17:06:07Z,14.037999999999998,21,Metinic
28288,2021-07-22T17:11:07Z,14.037999999999998,39,Metinic
28289,2021-07-22T17:16:07Z,13.942,40,Metinic
28290,2021-07-22T17:21:07Z,13.942,23,Metinic
28291,2021-07-22T17:26:07Z,13.942,68,Metinic
28292,2021-07-22T17:31:07Z,14.037999999999998,37,Metinic
28293,2021-07-22T17:36:07Z,13.75,288,Metinic
28294,2021-07-22T17:41:07Z,13.75,800,Metinic
28295,2021-07-22T17:46:07Z,13.654,120,Metinic
28296,2021-07-22T17:51:07Z,13.846,5,Metinic
28297,2021-07-22T17:56:07Z,13.846,62,Metinic
28298,2021-07-22T18:01:07Z,13.558,992,Metinic
28299,2021-07-22T18:06:07Z,13.461,119,Metinic
28300,2021-07-22T18:11:07Z,13.558,65,Metinic
28301,2021-07-22T18:16:07Z,13.846,43,Metinic
28302,2021-07-22T18:21:07Z,13.846,20,Metinic
28303,2021-07-22T18:26:07Z,13.558,106,Metinic
28304,2021-07-22T18:31:07Z,13.654,8,Metinic
28305,2021-07-22T18:36:07Z,13.654,176,Metinic
28306,2021-07-22T18:41:07Z,13.75,368,Metinic
28307,2021-07-22T18:46:07Z,13.75,36,Metinic
28308,2021-07-22T18:51:07Z,13.75,128,Metinic
28309,2021-07-22T18:56:07Z,13.75,26,Metinic
28310,2021-07-22T19:01:07Z,13.75,136,Metinic
28311,2021-07-22T19:06:07Z,13.942,32,Metinic
28312,2021-07-22T19:11:07Z,14.037999999999998,416,Metinic
28313,2021-07-22T19:16:07Z,14.037999999999998,26,Metinic
28314,2021-07-22T19:21:07Z,14.133999999999999,24,Metinic
28315,2021-07-22T19:26:07Z,14.421,54,Metinic
28316,2021-07-22T19:31:07Z,14.421,16,Metinic
28317,2021-07-22T19:36:07Z,14.421,240,Metinic
28318,2021-07-22T19:41:07Z,14.421,72,Metinic
28319,2021-07-22T19:46:07Z,14.421,216,Metinic
28320,2021-07-22T19:51:07Z,14.421,160,Metinic
28321,2021-07-22T19:56:07Z,14.325000000000001,256,Metinic
28322,2021-07-22T20:01:07Z,14.325000000000001,4,Metinic
28323,2021-07-22T20:06:07Z,14.325000000000001,176,Metinic
28324,2021-07-22T20:11:07Z,14.517,87,Metinic
28325,2021-07-22T20:16:07Z,14.613,18,Metinic
28326,2021-07-22T20:21:07Z,14.613,256,Metinic
28327,2021-07-22T20:26:07Z,14.613,128,Metinic
28328,2021-07-22T20:31:07Z,14.613,102,Metinic
28329,2021-07-22T20:36:07Z,14.709,7,Metinic
28330,2021-07-22T20:41:07Z,14.709,33,Metinic
28331,2021-07-22T20:46:07Z,14.613,144,Metinic
28332,2021-07-22T20:51:07Z,14.709,25,Metinic
28333,2021-07-22T20:56:07Z,14.709,33,Metinic
28334,2021-07-22T21:01:07Z,14.709,192,Metinic
28335,2021-07-22T21:06:07Z,14.804,93,Metinic
28336,2021-07-22T21:11:07Z,14.804,30,Metinic
28337,2021-07-22T21:16:07Z,14.804,15,Metinic
28338,2021-07-22T21:21:07Z,14.804,7,Metinic
28339,2021-07-22T21:26:07Z,14.804,3,Metinic
28340,2021-07-22T21:31:07Z,14.804,6,Metinic
28341,2021-07-22T21:36:07Z,14.613,98,Metinic
28342,2021-07-22T21:41:07Z,14.613,117,Metinic
28343,2021-07-22T21:46:07Z,14.517,118,Metinic
28344,2021-07-22T21:51:07Z,14.517,17,Metinic
28345,2021-07-22T21:56:07Z,14.421,71,Metinic
28346,2021-07-22T22:01:07Z,14.325000000000001,27,Metinic
28347,2021-07-22T22:06:07Z,14.229999999999999,4,Metinic
28348,2021-07-22T22:11:07Z,14.229999999999999,40,Metinic
28349,2021-07-22T22:16:07Z,14.229999999999999,6,Metinic
28350,2021-07-22T22:21:07Z,14.229999999999999,16,Metinic
28351,2021-07-22T22:26:07Z,14.133999999999999,8,Metinic
28352,2021-07-22T22:31:07Z,14.037999999999998,2,Metinic
28353,2021-07-22T22:36:07Z,13.942,6,Metinic
28354,2021-07-22T22:41:07Z,13.461,5,Metinic
28355,2021-07-22T22:46:07Z,13.173,33,Metinic
28356,2021-07-22T22:51:07Z,12.98,10,Metinic
28357,2021-07-22T22:56:07Z,12.594,23,Metinic
28358,2021-07-22T23:01:07Z,12.401,21,Metinic
28359,2021-07-22T23:06:07Z,12.401,42,Metinic
28360,2021-07-22T23:11:07Z,12.304,42,Metinic
28361,2021-07-22T23:16:07Z,12.304,37,Metinic
28362,2021-07-22T23:21:07Z,12.304,1,Metinic
28363,2021-07-22T23:26:07Z,12.304,0,Metinic
28364,2021-07-22T23:31:07Z,12.401,24,Metinic
28365,2021-07-22T23:36:07Z,12.497,0,Metinic
28366,2021-07-22T23:41:07Z,12.594,0,Metinic
28367,2021-07-22T23:46:07Z,12.883000000000001,6,Metinic
28368,2021-07-22T23:51:07Z,12.98,1,Metinic
28369,2021-07-22T23:56:07Z,13.076,4,Metinic
28370,2021-07-23T00:01:07Z,13.173,0,Metinic
28371,2021-07-23T00:06:07Z,13.173,0,Metinic
28372,2021-07-23T00:11:07Z,13.173,0,Metinic
28373,2021-07-23T00:16:07Z,13.173,0,Metinic
28374,2021-07-23T00:21:07Z,13.173,0,Metinic
28375,2021-07-23T00:26:07Z,13.076,0,Metinic
28376,2021-07-23T00:31:07Z,13.076,0,Metinic
28377,2021-07-23T00:36:07Z,13.076,0,Metinic
28378,2021-07-23T00:41:07Z,12.98,0,Metinic
28379,2021-07-23T00:46:07Z,12.98,0,Metinic
28380,2021-07-23T00:51:07Z,12.98,0,Metinic
28381,2021-07-23T00:56:07Z,12.98,0,Metinic
28382,2021-07-23T01:01:07Z,12.98,0,Metinic
28383,2021-07-23T01:06:07Z,12.98,0,Metinic
28384,2021-07-23T01:11:07Z,12.98,0,Metinic
28385,2021-07-23T01:16:07Z,12.98,0,Metinic
28386,2021-07-23T01:21:07Z,12.98,0,Metinic
28387,2021-07-23T01:26:07Z,12.98,0,Metinic
28388,2021-07-23T01:31:07Z,12.98,0,Metinic
28389,2021-07-23T01:36:07Z,13.076,0,Metinic
28390,2021-07-23T01:41:07Z,13.076,0,Metinic
28391,2021-07-23T01:46:07Z,13.076,0,Metinic
28392,2021-07-23T01:51:07Z,13.076,0,Metinic
28393,2021-07-23T01:56:07Z,13.076,0,Metinic
28394,2021-07-23T02:01:07Z,13.173,0,Metinic
28395,2021-07-23T02:06:07Z,13.173,0,Metinic
28396,2021-07-23T02:11:07Z,13.269,0,Metinic
28397,2021-07-23T02:16:07Z,13.269,0,Metinic
28398,2021-07-23T02:21:07Z,13.269,0,Metinic
28399,2021-07-23T02:26:07Z,13.269,0,Metinic
28400,2021-07-23T02:31:07Z,13.365000000000002,0,Metinic
28401,2021-07-23T02:36:07Z,13.365000000000002,0,Metinic
28402,2021-07-23T02:41:07Z,13.461,0,Metinic
28403,2021-07-23T02:46:07Z,13.461,0,Metinic
28404,2021-07-23T02:51:07Z,13.461,0,Metinic
28405,2021-07-23T02:56:07Z,13.461,0,Metinic
28406,2021-07-23T03:01:07Z,13.461,0,Metinic
28407,2021-07-23T03:06:07Z,13.461,0,Metinic
28408,2021-07-23T03:11:07Z,13.461,0,Metinic
28409,2021-07-23T03:16:07Z,13.461,0,Metinic
28410,2021-07-23T03:21:07Z,13.461,0,Metinic
28411,2021-07-23T03:26:07Z,13.461,0,Metinic
28412,2021-07-23T03:31:07Z,13.461,0,Metinic
28413,2021-07-23T03:36:07Z,13.461,0,Metinic
28414,2021-07-23T03:41:07Z,13.461,0,Metinic
28415,2021-07-23T03:46:07Z,13.365000000000002,0,Metinic
28416,2021-07-23T03:51:07Z,13.365000000000002,0,Metinic
28417,2021-07-23T03:56:07Z,13.365000000000002,0,Metinic
28418,2021-07-23T04:01:07Z,13.365000000000002,0,Metinic
28419,2021-07-23T04:06:07Z,13.365000000000002,0,Metinic
28420,2021-07-23T04:11:07Z,13.365000000000002,0,Metinic
28421,2021-07-23T04:16:07Z,13.365000000000002,0,Metinic
28422,2021-07-23T04:21:07Z,13.365000000000002,0,Metinic
28423,2021-07-23T04:26:07Z,13.365000000000002,0,Metinic
28424,2021-07-23T04:31:07Z,13.365000000000002,0,Metinic
28425,2021-07-23T04:36:07Z,13.365000000000002,0,Metinic
28426,2021-07-23T04:41:07Z,13.365000000000002,0,Metinic
28427,2021-07-23T04:46:07Z,13.365000000000002,0,Metinic
28428,2021-07-23T04:51:07Z,13.365000000000002,0,Metinic
28429,2021-07-23T04:56:07Z,13.365000000000002,0,Metinic
28430,2021-07-23T05:01:07Z,13.269,0,Metinic
28431,2021-07-23T05:06:07Z,13.173,0,Metinic
28432,2021-07-23T05:11:07Z,13.076,0,Metinic
28433,2021-07-23T05:16:07Z,13.076,0,Metinic
28434,2021-07-23T05:21:07Z,13.076,0,Metinic
28435,2021-07-23T05:26:07Z,12.98,0,Metinic
28436,2021-07-23T05:31:07Z,12.98,0,Metinic
28437,2021-07-23T05:36:07Z,12.98,0,Metinic
28438,2021-07-23T05:41:07Z,12.98,0,Metinic
28439,2021-07-23T05:46:07Z,12.98,0,Metinic
28440,2021-07-23T05:51:07Z,12.883000000000001,0,Metinic
28441,2021-07-23T05:56:07Z,12.883000000000001,0,Metinic
28442,2021-07-23T06:01:07Z,12.883000000000001,0,Metinic
28443,2021-07-23T06:06:07Z,12.883000000000001,0,Metinic
28444,2021-07-23T06:11:07Z,12.883000000000001,0,Metinic
28445,2021-07-23T06:16:07Z,12.883000000000001,0,Metinic
28446,2021-07-23T06:21:07Z,12.883000000000001,0,Metinic
28447,2021-07-23T06:26:07Z,12.98,0,Metinic
28448,2021-07-23T06:31:07Z,12.98,0,Metinic
28449,2021-07-23T06:36:07Z,12.98,0,Metinic
28450,2021-07-23T06:41:07Z,12.98,0,Metinic
28451,2021-07-23T06:46:07Z,12.98,0,Metinic
28452,2021-07-23T06:51:07Z,12.98,0,Metinic
28453,2021-07-23T06:56:07Z,13.076,0,Metinic
28454,2021-07-23T07:01:07Z,13.076,0,Metinic
28455,2021-07-23T07:06:07Z,13.076,0,Metinic
28456,2021-07-23T07:11:07Z,13.076,0,Metinic
28457,2021-07-23T07:16:07Z,13.076,0,Metinic
28458,2021-07-23T07:21:07Z,13.076,0,Metinic
28459,2021-07-23T07:26:07Z,13.076,0,Metinic
28460,2021-07-23T07:31:07Z,13.076,0,Metinic
28461,2021-07-23T07:36:07Z,13.173,0,Metinic
28462,2021-07-23T07:41:07Z,13.173,0,Metinic
28463,2021-07-23T07:46:07Z,13.173,0,Metinic
28464,2021-07-23T07:51:07Z,13.173,0,Metinic
28465,2021-07-23T07:56:07Z,13.173,0,Metinic
28466,2021-07-23T08:01:07Z,13.173,0,Metinic
28467,2021-07-23T08:06:07Z,13.173,0,Metinic
28468,2021-07-23T08:11:07Z,13.269,0,Metinic
28469,2021-07-23T08:16:07Z,13.269,0,Metinic
28470,2021-07-23T08:21:07Z,13.269,0,Metinic
28471,2021-07-23T08:26:07Z,13.269,0,Metinic
28472,2021-07-23T08:31:07Z,13.365000000000002,0,Metinic
28473,2021-07-23T08:36:07Z,13.365000000000002,0,Metinic
28474,2021-07-23T08:41:07Z,13.365000000000002,0,Metinic
28475,2021-07-23T08:46:07Z,13.365000000000002,0,Metinic
28476,2021-07-23T08:51:07Z,13.461,0,Metinic
28477,2021-07-23T08:56:07Z,13.365000000000002,0,Metinic
28478,2021-07-23T09:01:07Z,13.365000000000002,0,Metinic
28479,2021-07-23T09:06:07Z,13.365000000000002,1,Metinic
28480,2021-07-23T09:11:07Z,13.365000000000002,0,Metinic
28481,2021-07-23T09:16:07Z,13.365000000000002,5,Metinic
28482,2021-07-23T09:21:07Z,13.365000000000002,0,Metinic
28483,2021-07-23T09:26:07Z,13.365000000000002,0,Metinic
28484,2021-07-23T09:31:07Z,13.269,2,Metinic
28485,2021-07-23T09:36:07Z,13.269,1,Metinic
28486,2021-07-23T09:41:07Z,13.269,16,Metinic
28487,2021-07-23T09:46:07Z,13.269,0,Metinic
28488,2021-07-23T09:51:07Z,13.173,5,Metinic
28489,2021-07-23T09:56:07Z,13.173,3,Metinic
28490,2021-07-23T10:01:07Z,13.269,2,Metinic
28491,2021-07-23T10:06:07Z,13.269,84,Metinic
28492,2021-07-23T10:11:07Z,13.269,86,Metinic
28493,2021-07-23T10:16:07Z,13.269,9,Metinic
28494,2021-07-23T10:21:07Z,13.269,99,Metinic
28495,2021-07-23T10:26:07Z,13.269,11,Metinic
28496,2021-07-23T10:31:07Z,13.269,8,Metinic
28497,2021-07-23T10:36:07Z,13.269,13,Metinic
28498,2021-07-23T10:41:07Z,13.076,8,Metinic
28499,2021-07-23T10:46:07Z,12.98,14,Metinic
28500,2021-07-23T10:51:07Z,12.98,18,Metinic
28501,2021-07-23T10:56:07Z,12.883000000000001,6,Metinic
28502,2021-07-23T11:01:07Z,12.883000000000001,128,Metinic
28503,2021-07-23T11:06:07Z,12.883000000000001,4,Metinic
28504,2021-07-23T11:11:07Z,12.69,49,Metinic
28505,2021-07-23T11:16:07Z,12.69,8,Metinic
28506,2021-07-23T11:21:07Z,12.69,152,Metinic
28507,2021-07-23T11:26:07Z,12.69,200,Metinic
28508,2021-07-23T11:31:07Z,12.786999999999999,160,Metinic
28509,2021-07-23T11:36:07Z,12.883000000000001,8,Metinic
28510,2021-07-23T11:41:07Z,12.786999999999999,85,Metinic
28511,2021-07-23T11:46:07Z,12.786999999999999,11,Metinic
28512,2021-07-23T11:51:07Z,12.786999999999999,8,Metinic
28513,2021-07-23T11:56:07Z,12.786999999999999,10,Metinic
28514,2021-07-23T12:01:07Z,12.69,34,Metinic
28515,2021-07-23T12:06:07Z,12.69,8,Metinic
28516,2021-07-23T12:11:07Z,12.69,22,Metinic
28517,2021-07-23T12:16:07Z,12.786999999999999,9,Metinic
28518,2021-07-23T12:21:07Z,12.786999999999999,6,Metinic
28519,2021-07-23T12:26:07Z,12.69,320,Metinic
28520,2021-07-23T12:31:07Z,12.786999999999999,192,Metinic
28521,2021-07-23T12:36:07Z,12.883000000000001,55,Metinic
28522,2021-07-23T12:41:07Z,12.883000000000001,64,Metinic
28523,2021-07-23T12:46:07Z,12.883000000000001,26,Metinic
28524,2021-07-23T12:51:07Z,12.98,272,Metinic
28525,2021-07-23T12:56:07Z,13.076,13,Metinic
28526,2021-07-23T13:01:07Z,13.173,6,Metinic
28527,2021-07-23T13:06:07Z,13.173,6,Metinic
28528,2021-07-23T13:11:07Z,13.173,20,Metinic
28529,2021-07-23T13:16:07Z,13.173,384,Metinic
28530,2021-07-23T13:21:07Z,13.173,416,Metinic
28531,2021-07-23T13:26:07Z,13.269,368,Metinic
28532,2021-07-23T13:31:07Z,13.269,224,Metinic
28533,2021-07-23T13:36:07Z,13.269,28,Metinic
28534,2021-07-23T13:41:07Z,13.365000000000002,102,Metinic
28535,2021-07-23T13:46:07Z,13.365000000000002,432,Metinic
28536,2021-07-23T13:51:07Z,13.365000000000002,496,Metinic
28537,2021-07-23T13:56:07Z,13.365000000000002,288,Metinic
28538,2021-07-23T14:01:07Z,13.461,15,Metinic
28539,2021-07-23T14:06:07Z,13.461,21,Metinic
28540,2021-07-23T14:11:07Z,13.558,17,Metinic
28541,2021-07-23T14:16:07Z,13.558,10,Metinic
28542,2021-07-23T14:21:07Z,13.558,10,Metinic
28543,2021-07-23T14:26:07Z,13.558,576,Metinic
28544,2021-07-23T14:31:07Z,13.558,22,Metinic
28545,2021-07-23T14:36:07Z,13.558,512,Metinic
28546,2021-07-23T14:41:07Z,13.558,464,Metinic
28547,2021-07-23T14:46:07Z,13.558,47,Metinic
28548,2021-07-23T14:51:07Z,13.558,672,Metinic
28549,2021-07-23T14:56:07Z,13.654,576,Metinic
28550,2021-07-23T15:01:07Z,13.75,480,Metinic
28551,2021-07-23T15:06:07Z,13.654,608,Metinic
28552,2021-07-23T15:11:07Z,13.75,232,Metinic
28553,2021-07-23T15:16:07Z,13.75,160,Metinic
28554,2021-07-23T15:21:07Z,13.846,512,Metinic
28555,2021-07-23T15:26:07Z,13.846,88,Metinic
28556,2021-07-23T15:31:07Z,13.846,79,Metinic
28557,2021-07-23T15:36:07Z,13.846,79,Metinic
28558,2021-07-23T15:41:07Z,13.846,576,Metinic
28559,2021-07-23T15:46:07Z,13.942,16,Metinic
28560,2021-07-23T15:51:07Z,14.133999999999999,25,Metinic
28561,2021-07-23T15:56:07Z,14.133999999999999,28,Metinic
28562,2021-07-23T16:01:07Z,14.037999999999998,11,Metinic
28563,2021-07-23T16:06:07Z,14.037999999999998,29,Metinic
28564,2021-07-23T16:11:07Z,14.037999999999998,30,Metinic
28565,2021-07-23T16:16:07Z,14.037999999999998,33,Metinic
28566,2021-07-23T16:21:07Z,14.037999999999998,34,Metinic
28567,2021-07-23T16:26:07Z,14.037999999999998,36,Metinic
28568,2021-07-23T16:31:07Z,14.037999999999998,6,Metinic
28569,2021-07-23T16:36:07Z,14.037999999999998,608,Metinic
28570,2021-07-23T16:41:07Z,14.133999999999999,30,Metinic
28571,2021-07-23T16:46:07Z,14.133999999999999,34,Metinic
28572,2021-07-23T16:51:07Z,14.133999999999999,21,Metinic
28573,2021-07-23T16:56:07Z,14.133999999999999,31,Metinic
28574,2021-07-23T17:01:07Z,14.133999999999999,20,Metinic
28575,2021-07-23T17:06:07Z,14.133999999999999,39,Metinic
28576,2021-07-23T17:11:07Z,14.037999999999998,25,Metinic
28577,2021-07-23T17:16:07Z,14.037999999999998,44,Metinic
28578,2021-07-23T17:21:07Z,14.037999999999998,11,Metinic
28579,2021-07-23T17:26:07Z,14.037999999999998,32,Metinic
28580,2021-07-23T17:31:07Z,14.037999999999998,30,Metinic
28581,2021-07-23T17:36:07Z,13.846,102,Metinic
28582,2021-07-23T17:41:07Z,13.846,448,Metinic
28583,2021-07-23T17:46:07Z,14.037999999999998,32,Metinic
28584,2021-07-23T17:51:07Z,14.037999999999998,54,Metinic
28585,2021-07-23T17:56:07Z,13.942,18,Metinic
28586,2021-07-23T18:01:07Z,13.942,34,Metinic
28587,2021-07-23T18:06:07Z,14.037999999999998,47,Metinic
28588,2021-07-23T18:11:07Z,14.037999999999998,43,Metinic
28589,2021-07-23T18:16:07Z,13.846,576,Metinic
28590,2021-07-23T18:21:07Z,13.846,184,Metinic
28591,2021-07-23T18:26:07Z,13.75,122,Metinic
28592,2021-07-23T18:31:07Z,13.846,304,Metinic
28593,2021-07-23T18:36:07Z,13.75,768,Metinic
28594,2021-07-23T18:41:07Z,13.75,63,Metinic
28595,2021-07-23T18:46:07Z,13.942,40,Metinic
28596,2021-07-23T18:51:07Z,13.846,99,Metinic
28597,2021-07-23T18:56:07Z,13.846,73,Metinic
28598,2021-07-23T19:01:07Z,13.942,62,Metinic
28599,2021-07-23T19:06:07Z,13.942,90,Metinic
28600,2021-07-23T19:11:07Z,13.846,704,Metinic
28601,2021-07-23T19:16:07Z,13.942,9,Metinic
28602,2021-07-23T19:21:07Z,13.846,248,Metinic
28603,2021-07-23T19:26:07Z,13.942,184,Metinic
28604,2021-07-23T19:31:07Z,14.133999999999999,512,Metinic
28605,2021-07-23T19:36:07Z,14.325000000000001,192,Metinic
28606,2021-07-23T19:41:07Z,14.421,104,Metinic
28607,2021-07-23T19:46:07Z,14.517,51,Metinic
28608,2021-07-23T19:51:07Z,14.517,37,Metinic
28609,2021-07-23T19:56:07Z,14.709,448,Metinic
28610,2021-07-23T20:01:07Z,14.9,9,Metinic
28611,2021-07-23T20:06:07Z,14.9,8,Metinic
28612,2021-07-23T20:11:07Z,14.9,28,Metinic
28613,2021-07-23T20:16:07Z,14.804,57,Metinic
28614,2021-07-23T20:21:07Z,14.804,79,Metinic
28615,2021-07-23T20:26:07Z,14.9,160,Metinic
28616,2021-07-23T20:31:07Z,14.9,46,Metinic
28617,2021-07-23T20:36:07Z,14.9,33,Metinic
28618,2021-07-23T20:41:07Z,14.804,2,Metinic
28619,2021-07-23T20:46:07Z,14.804,44,Metinic
28620,2021-07-23T20:51:07Z,14.9,27,Metinic
28621,2021-07-23T20:56:07Z,14.996,6,Metinic
28622,2021-07-23T21:01:07Z,15.091,16,Metinic
28623,2021-07-23T21:06:07Z,15.091,512,Metinic
28624,2021-07-23T21:11:07Z,15.282,37,Metinic
28625,2021-07-23T21:16:07Z,15.282,29,Metinic
28626,2021-07-23T21:21:07Z,15.282,24,Metinic
28627,2021-07-23T21:26:07Z,15.282,76,Metinic
28628,2021-07-23T21:31:07Z,15.282,1,Metinic
28629,2021-07-23T21:36:07Z,15.378,2,Metinic
28630,2021-07-23T21:41:07Z,15.378,224,Metinic
28631,2021-07-23T21:46:07Z,15.378,0,Metinic
28632,2021-07-23T21:51:07Z,15.378,2,Metinic
28633,2021-07-23T21:56:07Z,15.378,0,Metinic
28634,2021-07-23T22:01:07Z,15.378,2,Metinic
28635,2021-07-23T22:06:07Z,15.378,2,Metinic
28636,2021-07-23T22:11:07Z,15.378,14,Metinic
28637,2021-07-23T22:16:07Z,15.282,1,Metinic
28638,2021-07-23T22:21:07Z,15.282,2,Metinic
28639,2021-07-23T22:26:07Z,15.282,1,Metinic
28640,2021-07-23T22:31:07Z,15.187,38,Metinic
28641,2021-07-23T22:36:07Z,15.091,2,Metinic
28642,2021-07-23T22:41:07Z,15.091,1,Metinic
28643,2021-07-23T22:46:07Z,14.996,2,Metinic
28644,2021-07-23T22:51:07Z,14.996,46,Metinic
28645,2021-07-23T22:56:07Z,14.9,41,Metinic
28646,2021-07-23T23:01:07Z,14.9,0,Metinic
28647,2021-07-23T23:06:07Z,14.804,6,Metinic
28648,2021-07-23T23:11:07Z,14.709,7,Metinic
28649,2021-07-23T23:16:07Z,14.613,26,Metinic
28650,2021-07-23T23:21:07Z,14.613,10,Metinic
28651,2021-07-23T23:26:07Z,14.517,0,Metinic
28652,2021-07-23T23:31:07Z,14.517,0,Metinic
28653,2021-07-23T23:36:07Z,14.421,21,Metinic
28654,2021-07-23T23:41:07Z,14.421,2,Metinic
28655,2021-07-23T23:46:07Z,14.325000000000001,9,Metinic
28656,2021-07-23T23:51:07Z,14.229999999999999,9,Metinic
28657,2021-07-23T23:56:07Z,14.037999999999998,2,Metinic
28658,2021-07-24T00:01:07Z,13.846,3,Metinic
28659,2021-07-24T00:06:07Z,13.654,0,Metinic
28660,2021-07-24T00:11:07Z,13.365000000000002,0,Metinic
28661,2021-07-24T00:16:07Z,12.883000000000001,0,Metinic
28662,2021-07-24T00:21:07Z,12.594,0,Metinic
28663,2021-07-24T00:26:07Z,12.497,0,Metinic
28664,2021-07-24T00:31:07Z,12.401,0,Metinic
28665,2021-07-24T00:36:07Z,12.304,0,Metinic
28666,2021-07-24T00:41:07Z,12.304,0,Metinic
28667,2021-07-24T00:46:07Z,12.304,0,Metinic
28668,2021-07-24T00:51:07Z,12.304,0,Metinic
28669,2021-07-24T00:56:07Z,12.401,0,Metinic
28670,2021-07-24T01:01:07Z,12.497,0,Metinic
28671,2021-07-24T01:06:07Z,12.69,0,Metinic
28672,2021-07-24T01:11:07Z,12.883000000000001,0,Metinic
28673,2021-07-24T01:16:07Z,13.076,0,Metinic
28674,2021-07-24T01:21:07Z,13.173,0,Metinic
28675,2021-07-24T01:26:07Z,12.69,0,Metinic
28676,2021-07-24T01:31:07Z,12.69,0,Metinic
28677,2021-07-24T01:36:07Z,12.883000000000001,0,Metinic
28678,2021-07-24T01:41:07Z,12.98,0,Metinic
28679,2021-07-24T01:46:07Z,13.173,0,Metinic
28680,2021-07-24T01:51:07Z,13.269,0,Metinic
28681,2021-07-24T01:56:07Z,13.269,0,Metinic
28682,2021-07-24T02:01:07Z,13.269,0,Metinic
28683,2021-07-24T02:06:07Z,13.365000000000002,0,Metinic
28684,2021-07-24T02:11:07Z,13.269,0,Metinic
28685,2021-07-24T02:16:07Z,13.365000000000002,0,Metinic
28686,2021-07-24T02:21:07Z,13.269,0,Metinic
28687,2021-07-24T02:26:07Z,13.269,0,Metinic
28688,2021-07-24T02:31:07Z,13.269,0,Metinic
28689,2021-07-24T02:36:07Z,13.269,0,Metinic
28690,2021-07-24T02:41:07Z,13.269,0,Metinic
28691,2021-07-24T02:46:07Z,13.269,0,Metinic
28692,2021-07-24T02:51:07Z,13.365000000000002,0,Metinic
28693,2021-07-24T02:56:07Z,13.269,0,Metinic
28694,2021-07-24T03:01:07Z,13.269,0,Metinic
28695,2021-07-24T03:06:07Z,13.269,0,Metinic
28696,2021-07-24T03:11:07Z,13.269,0,Metinic
28697,2021-07-24T03:16:07Z,13.269,0,Metinic
28698,2021-07-24T03:21:07Z,13.269,0,Metinic
28699,2021-07-24T03:26:07Z,13.269,0,Metinic
28700,2021-07-24T03:31:07Z,13.173,0,Metinic
28701,2021-07-24T03:36:07Z,13.173,0,Metinic
28702,2021-07-24T03:41:07Z,13.173,0,Metinic
28703,2021-07-24T03:46:07Z,13.173,0,Metinic
28704,2021-07-24T03:51:07Z,13.173,0,Metinic
28705,2021-07-24T03:56:07Z,13.173,0,Metinic
28706,2021-07-24T04:01:07Z,13.173,0,Metinic
28707,2021-07-24T04:06:07Z,13.269,0,Metinic
28708,2021-07-24T04:11:07Z,13.269,0,Metinic
28709,2021-07-24T04:16:07Z,13.269,0,Metinic
28710,2021-07-24T04:21:07Z,13.269,0,Metinic
28711,2021-07-24T04:26:07Z,13.269,0,Metinic
28712,2021-07-24T04:31:07Z,13.269,0,Metinic
28713,2021-07-24T04:36:07Z,13.365000000000002,0,Metinic
28714,2021-07-24T04:41:07Z,13.365000000000002,0,Metinic
28715,2021-07-24T04:46:07Z,13.365000000000002,0,Metinic
28716,2021-07-24T04:51:07Z,13.365000000000002,0,Metinic
28717,2021-07-24T04:56:07Z,13.461,0,Metinic
28718,2021-07-24T05:01:07Z,13.461,0,Metinic
28719,2021-07-24T05:06:07Z,13.461,0,Metinic
28720,2021-07-24T05:11:07Z,13.558,0,Metinic
28721,2021-07-24T05:16:07Z,13.558,0,Metinic
28722,2021-07-24T05:21:07Z,13.558,0,Metinic
28723,2021-07-24T05:26:07Z,13.558,0,Metinic
28724,2021-07-24T05:31:07Z,13.654,0,Metinic
28725,2021-07-24T05:36:07Z,13.558,0,Metinic
28726,2021-07-24T05:41:07Z,13.558,0,Metinic
28727,2021-07-24T05:46:07Z,13.461,0,Metinic
28728,2021-07-24T05:51:07Z,13.365000000000002,0,Metinic
28729,2021-07-24T05:56:07Z,13.365000000000002,0,Metinic
28730,2021-07-24T06:01:07Z,13.269,0,Metinic
28731,2021-07-24T06:06:07Z,13.269,0,Metinic
28732,2021-07-24T06:11:07Z,13.269,0,Metinic
28733,2021-07-24T06:16:07Z,13.269,0,Metinic
28734,2021-07-24T06:21:07Z,13.269,0,Metinic
28735,2021-07-24T06:26:07Z,13.269,0,Metinic
28736,2021-07-24T06:31:07Z,13.269,0,Metinic
28737,2021-07-24T06:36:07Z,13.173,0,Metinic
28738,2021-07-24T06:41:07Z,13.173,0,Metinic
28739,2021-07-24T06:46:07Z,13.173,0,Metinic
28740,2021-07-24T06:51:07Z,13.173,0,Metinic
28741,2021-07-24T06:56:07Z,13.076,0,Metinic
28742,2021-07-24T07:01:07Z,13.076,0,Metinic
28743,2021-07-24T07:06:07Z,13.076,0,Metinic
28744,2021-07-24T07:11:07Z,13.076,0,Metinic
28745,2021-07-24T07:16:07Z,13.076,0,Metinic
28746,2021-07-24T07:21:07Z,13.173,0,Metinic
28747,2021-07-24T07:26:07Z,13.173,0,Metinic
28748,2021-07-24T07:31:07Z,13.173,0,Metinic
28749,2021-07-24T07:36:07Z,13.173,0,Metinic
28750,2021-07-24T07:41:07Z,13.269,0,Metinic
28751,2021-07-24T07:46:07Z,13.269,0,Metinic
28752,2021-07-24T07:51:07Z,13.269,0,Metinic
28753,2021-07-24T07:56:07Z,13.173,0,Metinic
28754,2021-07-24T08:01:07Z,13.173,0,Metinic
28755,2021-07-24T08:06:07Z,13.269,0,Metinic
28756,2021-07-24T08:11:07Z,13.269,0,Metinic
28757,2021-07-24T08:16:07Z,13.365000000000002,0,Metinic
28758,2021-07-24T08:21:07Z,13.365000000000002,0,Metinic
28759,2021-07-24T08:26:07Z,13.461,0,Metinic
28760,2021-07-24T08:31:07Z,13.461,0,Metinic
28761,2021-07-24T08:36:07Z,13.461,0,Metinic
28762,2021-07-24T08:41:07Z,13.461,0,Metinic
28763,2021-07-24T08:46:07Z,13.461,0,Metinic
28764,2021-07-24T08:51:07Z,13.461,0,Metinic
28765,2021-07-24T08:56:07Z,13.461,0,Metinic
28766,2021-07-24T09:01:07Z,13.365000000000002,0,Metinic
28767,2021-07-24T09:06:07Z,13.365000000000002,0,Metinic
28768,2021-07-24T09:11:07Z,13.365000000000002,0,Metinic
28769,2021-07-24T09:16:07Z,13.365000000000002,0,Metinic
28770,2021-07-24T09:21:07Z,13.269,1,Metinic
28771,2021-07-24T09:26:07Z,13.269,0,Metinic
28772,2021-07-24T09:31:07Z,13.269,0,Metinic
28773,2021-07-24T09:36:07Z,13.269,2,Metinic
28774,2021-07-24T09:41:07Z,13.269,22,Metinic
28775,2021-07-24T09:46:07Z,13.269,0,Metinic
28776,2021-07-24T09:51:07Z,13.269,17,Metinic
28777,2021-07-24T09:56:07Z,13.269,1,Metinic
28778,2021-07-24T10:01:07Z,13.269,2,Metinic
28779,2021-07-24T10:06:07Z,13.269,37,Metinic
28780,2021-07-24T10:11:07Z,13.365000000000002,39,Metinic
28781,2021-07-24T10:16:07Z,13.365000000000002,7,Metinic
28782,2021-07-24T10:21:07Z,13.461,6,Metinic
28783,2021-07-24T10:26:07Z,13.461,0,Metinic
28784,2021-07-24T10:31:07Z,13.461,32,Metinic
28785,2021-07-24T10:36:07Z,13.558,88,Metinic
28786,2021-07-24T10:41:07Z,13.558,0,Metinic
28787,2021-07-24T10:46:07Z,13.558,60,Metinic
28788,2021-07-24T10:51:07Z,13.558,63,Metinic
28789,2021-07-24T10:56:07Z,13.654,49,Metinic
28790,2021-07-24T11:01:07Z,13.654,39,Metinic
28791,2021-07-24T11:06:07Z,13.654,8,Metinic
28792,2021-07-24T11:11:07Z,13.75,90,Metinic
28793,2021-07-24T11:16:07Z,13.75,136,Metinic
28794,2021-07-24T11:21:07Z,13.75,36,Metinic
28795,2021-07-24T11:26:07Z,13.654,288,Metinic
28796,2021-07-24T11:31:07Z,13.269,192,Metinic
28797,2021-07-24T11:36:07Z,13.173,19,Metinic
28798,2021-07-24T11:41:07Z,13.076,168,Metinic
28799,2021-07-24T11:46:07Z,12.98,400,Metinic
28800,2021-07-24T11:51:07Z,12.883000000000001,336,Metinic
28801,2021-07-24T11:56:07Z,12.883000000000001,320,Metinic
28802,2021-07-24T12:01:07Z,12.883000000000001,336,Metinic
28803,2021-07-24T12:06:07Z,12.883000000000001,200,Metinic
28804,2021-07-24T12:11:07Z,12.883000000000001,64,Metinic
28805,2021-07-24T12:16:07Z,12.786999999999999,81,Metinic
28806,2021-07-24T12:21:07Z,12.883000000000001,136,Metinic
28807,2021-07-24T12:26:07Z,12.98,320,Metinic
28808,2021-07-24T12:31:07Z,13.173,480,Metinic
28809,2021-07-24T12:36:07Z,13.269,9,Metinic
28810,2021-07-24T12:41:07Z,13.461,240,Metinic
28811,2021-07-24T12:46:07Z,13.654,5,Metinic
28812,2021-07-24T12:51:07Z,13.75,21,Metinic
28813,2021-07-24T12:56:07Z,13.942,3,Metinic
28814,2021-07-24T13:01:07Z,14.037999999999998,95,Metinic
28815,2021-07-24T13:06:07Z,14.133999999999999,320,Metinic
28816,2021-07-24T13:11:07Z,14.325000000000001,16,Metinic
28817,2021-07-24T13:16:07Z,14.421,416,Metinic
28818,2021-07-24T13:21:07Z,14.325000000000001,56,Metinic
28819,2021-07-24T13:26:07Z,14.421,17,Metinic
28820,2021-07-24T13:31:07Z,14.421,58,Metinic
28821,2021-07-24T13:36:07Z,14.421,53,Metinic
28822,2021-07-24T13:41:07Z,14.421,368,Metinic
28823,2021-07-24T13:46:07Z,14.421,384,Metinic
28824,2021-07-24T13:51:07Z,14.421,152,Metinic
28825,2021-07-24T13:56:07Z,14.517,20,Metinic
28826,2021-07-24T14:01:07Z,14.421,16,Metinic
28827,2021-07-24T14:06:07Z,14.421,7,Metinic
28828,2021-07-24T14:11:07Z,14.421,104,Metinic
28829,2021-07-24T14:16:07Z,14.421,18,Metinic
28830,2021-07-24T14:21:07Z,14.421,20,Metinic
28831,2021-07-24T14:26:07Z,14.229999999999999,15,Metinic
28832,2021-07-24T14:31:07Z,14.133999999999999,30,Metinic
28833,2021-07-24T14:36:07Z,14.037999999999998,480,Metinic
28834,2021-07-24T14:41:07Z,13.942,61,Metinic
28835,2021-07-24T14:46:07Z,14.133999999999999,20,Metinic
28836,2021-07-24T14:51:07Z,14.037999999999998,20,Metinic
28837,2021-07-24T14:56:07Z,13.942,20,Metinic
28838,2021-07-24T15:01:07Z,13.942,23,Metinic
28839,2021-07-24T15:06:07Z,13.942,20,Metinic
28840,2021-07-24T15:11:07Z,14.037999999999998,37,Metinic
28841,2021-07-24T15:16:07Z,13.942,25,Metinic
28842,2021-07-24T15:21:07Z,13.942,23,Metinic
28843,2021-07-24T15:26:07Z,13.942,24,Metinic
28844,2021-07-24T15:31:07Z,14.037999999999998,27,Metinic
28845,2021-07-24T15:36:07Z,14.133999999999999,15,Metinic
28846,2021-07-24T15:41:07Z,14.325000000000001,18,Metinic
28847,2021-07-24T15:46:07Z,14.421,672,Metinic
28848,2021-07-24T15:51:07Z,14.517,29,Metinic
28849,2021-07-24T15:56:07Z,14.613,14,Metinic
28850,2021-07-24T16:01:07Z,14.709,496,Metinic
28851,2021-07-24T16:06:07Z,14.613,57,Metinic
28852,2021-07-24T16:11:07Z,14.613,768,Metinic
28853,2021-07-24T16:16:07Z,14.709,51,Metinic
28854,2021-07-24T16:21:07Z,14.709,32,Metinic
28855,2021-07-24T16:26:07Z,14.709,22,Metinic
28856,2021-07-24T16:31:07Z,14.517,93,Metinic
28857,2021-07-24T16:36:07Z,14.613,34,Metinic
28858,2021-07-24T16:41:07Z,14.613,8,Metinic
28859,2021-07-24T16:46:07Z,14.613,20,Metinic
28860,2021-07-24T16:51:07Z,14.517,67,Metinic
28861,2021-07-24T16:56:07Z,14.421,800,Metinic
28862,2021-07-24T17:01:07Z,14.613,27,Metinic
28863,2021-07-24T17:06:07Z,14.613,31,Metinic
28864,2021-07-24T17:11:07Z,14.613,28,Metinic
28865,2021-07-24T17:16:07Z,14.517,29,Metinic
28866,2021-07-24T17:21:07Z,14.517,33,Metinic
28867,2021-07-24T17:26:07Z,14.325000000000001,512,Metinic
28868,2021-07-24T17:31:07Z,14.133999999999999,608,Metinic
28869,2021-07-24T17:36:07Z,14.037999999999998,116,Metinic
28870,2021-07-24T17:41:07Z,14.133999999999999,176,Metinic
28871,2021-07-24T17:46:07Z,14.037999999999998,103,Metinic
28872,2021-07-24T17:51:07Z,13.942,67,Metinic
28873,2021-07-24T17:56:07Z,13.942,29,Metinic
28874,2021-07-24T18:01:07Z,13.942,113,Metinic
28875,2021-07-24T18:06:07Z,13.942,124,Metinic
28876,2021-07-24T18:11:07Z,13.942,81,Metinic
28877,2021-07-24T18:16:07Z,13.846,124,Metinic
28878,2021-07-24T18:21:07Z,13.942,23,Metinic
28879,2021-07-24T18:26:07Z,13.942,40,Metinic
28880,2021-07-24T18:31:07Z,13.942,42,Metinic
28881,2021-07-24T18:36:07Z,13.75,320,Metinic
28882,2021-07-24T18:41:07Z,13.75,608,Metinic
28883,2021-07-24T18:46:07Z,13.75,46,Metinic
28884,2021-07-24T18:51:07Z,13.846,29,Metinic
28885,2021-07-24T18:56:07Z,13.846,30,Metinic
28886,2021-07-24T19:01:07Z,13.846,30,Metinic
28887,2021-07-24T19:06:07Z,13.942,29,Metinic
28888,2021-07-24T19:11:07Z,13.942,13,Metinic
28889,2021-07-24T19:16:07Z,14.133999999999999,48,Metinic
28890,2021-07-24T19:21:07Z,14.133999999999999,36,Metinic
28891,2021-07-24T19:26:07Z,14.133999999999999,30,Metinic
28892,2021-07-24T19:31:07Z,14.133999999999999,30,Metinic
28893,2021-07-24T19:36:07Z,14.229999999999999,32,Metinic
28894,2021-07-24T19:41:07Z,14.133999999999999,62,Metinic
28895,2021-07-24T19:46:07Z,14.229999999999999,224,Metinic
28896,2021-07-24T19:51:07Z,14.325000000000001,28,Metinic
28897,2021-07-24T19:56:07Z,14.517,36,Metinic
28898,2021-07-24T20:01:07Z,14.613,122,Metinic
28899,2021-07-24T20:06:07Z,14.613,416,Metinic
28900,2021-07-24T20:11:07Z,14.709,8,Metinic
28901,2021-07-24T20:16:07Z,14.804,14,Metinic
28902,2021-07-24T20:21:07Z,14.996,18,Metinic
28903,2021-07-24T20:26:07Z,14.996,12,Metinic
28904,2021-07-24T20:31:07Z,14.996,29,Metinic
28905,2021-07-24T20:36:07Z,15.091,16,Metinic
28906,2021-07-24T20:41:07Z,15.091,105,Metinic
28907,2021-07-24T20:46:07Z,15.187,22,Metinic
28908,2021-07-24T20:51:07Z,15.187,19,Metinic
28909,2021-07-24T20:56:07Z,15.187,17,Metinic
28910,2021-07-24T21:01:07Z,15.187,21,Metinic
28911,2021-07-24T21:06:07Z,15.187,107,Metinic
28912,2021-07-24T21:11:07Z,15.187,101,Metinic
28913,2021-07-24T21:16:07Z,15.187,9,Metinic
28914,2021-07-24T21:21:07Z,15.091,54,Metinic
28915,2021-07-24T21:26:07Z,15.091,110,Metinic
28916,2021-07-24T21:31:07Z,14.804,152,Metinic
28917,2021-07-24T21:36:07Z,14.613,16,Metinic
28918,2021-07-24T21:41:07Z,14.517,8,Metinic
28919,2021-07-24T21:46:07Z,14.421,84,Metinic
28920,2021-07-24T21:51:07Z,14.421,14,Metinic
28921,2021-07-24T21:56:07Z,14.421,11,Metinic
28922,2021-07-24T22:01:07Z,14.421,13,Metinic
28923,2021-07-24T22:06:07Z,14.325000000000001,33,Metinic
28924,2021-07-24T22:11:07Z,14.421,41,Metinic
28925,2021-07-24T22:16:07Z,14.421,91,Metinic
28926,2021-07-24T22:21:07Z,14.421,184,Metinic
28927,2021-07-24T22:26:07Z,14.421,63,Metinic
28928,2021-07-24T22:31:07Z,14.421,116,Metinic
28929,2021-07-24T22:36:07Z,14.517,57,Metinic
28930,2021-07-24T22:41:07Z,14.613,63,Metinic
28931,2021-07-24T22:46:07Z,14.613,105,Metinic
28932,2021-07-24T22:51:07Z,14.709,41,Metinic
28933,2021-07-24T22:56:07Z,14.804,25,Metinic
28934,2021-07-24T23:01:07Z,14.996,33,Metinic
28935,2021-07-24T23:06:07Z,15.091,2,Metinic
28936,2021-07-24T23:11:07Z,15.282,28,Metinic
28937,2021-07-24T23:16:07Z,15.378,34,Metinic
28938,2021-07-24T23:21:07Z,15.378,18,Metinic
28939,2021-07-24T23:26:07Z,15.378,6,Metinic
28940,2021-07-24T23:31:07Z,15.378,18,Metinic
28941,2021-07-24T23:36:07Z,15.282,5,Metinic
28942,2021-07-24T23:41:07Z,15.187,14,Metinic
28943,2021-07-24T23:46:07Z,15.091,0,Metinic
28944,2021-07-24T23:51:07Z,15.091,0,Metinic
28945,2021-07-24T23:56:07Z,14.996,0,Metinic
28946,2021-07-25T00:01:07Z,14.996,1,Metinic
28947,2021-07-25T00:06:07Z,14.9,0,Metinic
28948,2021-07-25T00:11:07Z,14.9,0,Metinic
28949,2021-07-25T00:16:07Z,14.9,0,Metinic
28950,2021-07-25T00:21:07Z,14.804,0,Metinic
28951,2021-07-25T00:26:07Z,14.709,0,Metinic
28952,2021-07-25T00:31:07Z,14.613,0,Metinic
28953,2021-07-25T00:36:07Z,14.613,0,Metinic
28954,2021-07-25T00:41:07Z,14.517,0,Metinic
28955,2021-07-25T00:46:07Z,14.421,0,Metinic
28956,2021-07-25T00:51:07Z,14.421,0,Metinic
28957,2021-07-25T00:56:07Z,14.421,0,Metinic
